0
6.751531820245120e-01 1.862128050379432e+00
2.296545852190903e+00 4.417413741710079e-02
-1.267286330377427e-01 6.706197344087105e-01
-1.575644247225674e+00 -2.409490693322937e-01
-6.170217129418930e-01 6.042876848272322e-01
-3.789096742759234e-02 8.529127736744451e-03

1
7.025906723801867e-01 -3.684159805640504e-01
6.818984432266091e-01 -6.207160682916921e-01
6.419810158596972e-03 2.183276744225323e-01
1.449576608319638e-01 -9.029837851407866e-01
-6.375038367412436e-01 5.577590825926024e-01
4.320786631451579e-02 1.849702947086735e-02

2
9.612941667987073e-01 -1.590641636310242e-01
4.511246420606267e-01 -1.528460067493019e+00
4.022155507140532e-01 3.781444552632260e-01
-6.008301325764793e-01 -8.847112204072936e-01
-6.204149152076502e-01 5.910355256822543e-01
-1.679910678455047e-02 1.473858945903326e-02

3
3.971133237407226e-01 -2.905124133199775e+00
-4.363085976954174e-01 1.301931009621277e+00
1.756390209208024e-02 1.669552783411160e+00
1.022983854642739e+00 1.036106885539704e+00
-5.229520303604932e-01 6.302306139798919e-01
-1.510620666420768e-01 1.171152505103364e-01

4
3.311845063630051e-01 8.013545132911674e-02
9.487822913647334e-02 6.876516856801186e-01
-3.627732625147215e-01 -1.069863913247092e+00
5.987129693289371e-01 -7.012180042563082e-01
-6.320646327291320e-01 5.860986395876596e-01
-4.027872994560582e-04 2.708641501780700e-03

5
4.101516696142116e-01 -1.963394691019144e-01
2.420651855129897e-01 3.729767091733476e-01
3.369619484642666e-01 4.769010010403858e-02
-3.939352741669859e-02 2.184744376943125e-01
-5.275963147923339e-01 6.071871203946145e-01
-1.154191648138661e-01 1.296471454843824e-01

6
1.771714866072336e-01 -1.626205056656286e-01
2.587621312627247e-01 3.174153376404661e-01
3.546231469618061e-01 3.633887239199421e-01
-4.938737711360938e-01 -1.762880294037713e-02
-6.306457034609960e-01 6.081611358434662e-01
-3.203904540608110e-02 -1.347110611175825e-02

7
3.279792182568848e-02 -9.159854572909708e-01
-4.119426115112044e-02 3.973018795980566e-01
1.025054327646332e+00 1.784563977638287e-01
6.444262235761972e-01 5.534351519129542e-01
-6.085782383365830e-01 5.895421575170809e-01
-2.446857098963094e-02 3.231357521300673e-02

8
2.177513458182339e-02 -6.186372661621453e-01
5.403751470737581e-01 3.080959379011609e-01
7.951868347492316e-02 7.460326589690419e-01
-1.759365605529916e-01 -5.793525642773040e-01
-6.383415736137258e-01 5.666022609154538e-01
3.168367425690816e-02 1.006936722744518e-02

9
5.881365056988141e-01 -3.195416091123930e-01
-9.417673190797088e-02 -4.415012976652685e-02
1.614748214051046e-01 -1.765175553197894e-01
-8.632974566685915e-02 -2.100911901000352e-01
-3.286062577793903e-01 4.142955982002591e-01
-1.263024345692111e-02 5.630562687446953e-01

10
4.267474188769125e-02 9.894112158122430e-02
1.472493425526802e-01 3.489953993642452e-01
2.872834270636262e-01 -4.492301170761942e-01
-2.289295173399038e-02 -4.535706785801717e-01
-6.325949759166877e-01 5.875564933342856e-01
-1.980133118310406e-03 7.775852287813294e-04

11
4.899661820681640e-02 -8.327953781599651e-02
-3.508247748392642e-01 4.970790964042754e-01
4.189994573804454e-01 -1.346252201638593e-01
-5.962625353555839e-01 6.330185947325730e-02
-6.324359225365375e-01 5.861103404415698e-01
-1.136793015657552e-04 2.186247611757093e-03

12
-3.960054789038622e-02 8.632503609345446e-02
-3.202409361776274e-01 4.630225502754757e-01
2.016103189852719e-01 -6.853066237723174e-01
-2.281975204019801e-01 -5.194915931499973e-01
-6.332043058789124e-01 5.862841003421403e-01
2.780982877908145e-04 9.822016105861205e-04

13
3.953372446853665e-01 -1.370452189952442e-01
-4.691011281922843e-01 6.365925417698154e-01
-7.462423207894817e-01 -9.010391496062577e-01
-3.759484930842017e-02 -9.747559306573405e-01
-6.311563244951816e-01 5.842775443183480e-01
1.365461175105521e-03 5.460340782646218e-03

14
3.976778354292002e-01 1.381920427751669e-01
-3.220680332823715e-03 9.093365696176120e-01
-6.309220565525183e-01 -1.228650250286118e+00
5.810705318242991e-01 -7.242389512535267e-01
-6.322853718326799e-01 5.879518652680668e-01
-2.780716383780345e-03 8.800997202196042e-04

15
3.048160670005899e-01 -2.633847485562093e-01
-5.902755935467500e-01 -4.068318160883958e-01
6.494231916770699e-01 -3.509887978972357e-01
-4.373746920263144e-01 -3.133255274951324e-01
-6.392238315925934e-01 5.916230170825080e-01
-2.146126169308091e-03 -1.172068542139577e-02

16
4.989022669007029e-01 -2.988648500544342e-01
6.768806095108100e-02 -1.745588273136657e-03
2.795063069451740e-01 -1.588666192806484e-01
6.938956572990081e-02 -1.718178469300023e-01
-9.190602273540112e-01 -1.141591840312723e-02
1.060763379847874e+00 9.761575198159866e-02

17
7.917830766338185e-02 1.177583379950396e-01
-1.027716455582059e-01 6.065545086950953e-01
4.250428458385613e-01 -3.844537850244822e-01
-2.715712118230914e-01 1.149009383081319e-01
-6.328911567239377e-01 5.863273751067203e-01
-3.913219734083466e-05 1.379099812951134e-03

18
3.569647123309999e-01 3.034212029133778e-01
5.014727572716695e-01 -2.578990427236850e-01
5.426031708277524e-01 -2.484774773679892e-03
-4.624752508758029e-01 -2.562930404955195e-01
-6.236167547660413e-01 5.675053187155520e-01
1.833002425393254e-02 2.966275468980819e-02

19
2.940891147411045e-01 2.328096054484593e-01
-1.274667053972859e-01 7.525512452353341e-01
6.290960537343581e-01 -5.224238933438640e-01
-1.419294493947436e-01 7.771453981601436e-01
-6.296548676548614e-01 5.883116014577439e-01
-5.440285488023161e-03 4.217216566259714e-03

20
-9.558484807195101e-02 2.203144782765569e-01
3.156632930120093e-01 6.053559097261202e-01
1.144987600250367e-01 -5.634928870652285e-01
1.054986886190317e-01 -6.356898767337956e-01
-6.328291855814761e-01 5.853619235549310e-01
1.243263226300816e-03 2.258462042596920e-03

21
-2.008054633328017e-01 -9.483952943572957e-01
3.051287561903170e-02 4.854741922949231e-01
3.001929868543625e-01 5.078000840752073e-01
9.623048127973481e-02 -4.446222681568422e-01
-5.448324346735062e-01 6.441743637124545e-01
-1.523295657191046e-01 7.543279759757064e-02

22
-7.635741127883751e-02 1.038090337827603e-01
1.646680118046203e-01 6.883034747866011e-01
5.012331411572296e-01 -9.423716893350401e-01
7.148064287048409e-01 -1.747933106942912e-01
-6.349148316758217e-01 5.873732760631111e-01
1.802433297302714e-04 -2.275637951710346e-03

23
9.794771430268603e-02 -1.603251837848867e-01
7.746223689609735e-02 3.522885635477428e-01
2.965364627226201e-01 -6.832484958868732e-03
-2.676918600943826e-01 -2.410837208350129e-01
-6.220895629674247e-01 5.766444212377529e-01
4.452742557170206e-03 2.425789849931983e-02

24
3.349334571376900e-02 -1.325572986104633e-01
-1.763839827042518e-01 4.175838512456870e-01
1.409019033346022e-01 -3.359303177803318e-01
-2.245736147248842e-01 -4.941731021227270e-01
-6.340694827274738e-01 5.853389343550949e-01
2.294761980412104e-03 5.644380120634945e-04

25
3.435227949478589e-01 3.059132478567371e-01
-3.499319495217277e-01 2.020413373783933e-01
1.114762973604900e+00 -3.963171231323517e-01
-5.775272902515760e-01 9.601890492313717e-01
-6.277809083750379e-01 5.903392873700820e-01
-9.781376806995208e-03 5.138141895511996e-03

26
3.602771492081996e-01 -2.113086125168393e-01
-3.868461499034410e-02 2.489252568559305e-01
3.238754468881322e-01 -1.302259019337822e-02
-2.828042078726726e-01 4.987855872921800e-02
-7.196348464628781e-01 6.041684628262254e-01
4.664029809441643e-02 -1.330877896041084e-01

27
1.498017437100683e-02 1.742382390734772e-01
-8.019354998711536e-01 2.352433973638281e-01
2.912598199160439e-01 -8.292379374676110e-01
-6.896210373673809e-01 -4.968494766398350e-01
-6.336009413411009e-01 5.873861496733105e-01
-9.177921367490969e-04 -4.716604295470223e-04

28
6.835667609227618e-01 -3.316072330985766e-02
3.170745715174113e-01 -4.617983823338351e-01
2.856057447331678e-01 -2.767051278410052e-01
4.233409590101101e-02 -4.527512924583380e-01
-5.674121118511843e-01 5.510730663586219e-01
-5.186455673032967e-03 1.207950563540477e-01

29
-1.103088044758635e-01 1.539001216734929e-01
-4.164826322339438e-01 4.645327195995698e-01
5.451201918587050e-01 -4.592891693313603e-01
-5.832734971148469e-01 -8.674288032185615e-02
-6.367142730484971e-01 5.851878673010287e-01
4.677892197790403e-03 -2.963972749279265e-03

30
2.570915989069416e-01 -1.023946892057423e+00
-5.844454703767500e-01 1.232389038783112e+00
-3.813824224272629e-01 1.268306922238590e+00
-1.336396030736978e+00 5.245185657887640e-01
-6.361540543387928e-01 6.002768424956283e-01
-1.662149596128781e-02 -1.459615203560852e-02

31
-9.084479323292681e-02 -3.037200928556852e-01
6.041524866861813e-01 1.433880345703853e-01
6.711544466897472e-01 -3.477127709196758e-03
5.166141973302231e-01 -4.107561084278649e-01
-6.366490583102403e-01 5.873498535200331e-01
1.638440209570229e-03 -4.651452172690964e-03

32
2.381130395339481e-01 8.028228462936503e-02
7.507898491827599e-01 -1.146019417375960e-01
4.290206560899750e-01 -2.820277887612118e-01
4.049657947089284e-01 -5.966129847554925e-01
-6.372974052547711e-01 5.834179728041460e-01
7.601663943115290e-03 -2.314139185083118e-03

33
-3.228011786129443e-02 3.336265699494394e-01
5.822595325003724e-01 -5.335118773632010e-01
1.348477365752147e+00 9.028487798151392e-01
-1.360059657353056e+00 2.038462913864073e-01
-6.247979725043864e-01 5.959023593893518e-01
-1.991682998066837e-02 4.683902123818054e-03

34
1.133799320711913e+00 -4.074103237740838e-01
-3.488526340932020e-01 -1.169216185348282e-02
-1.344099671220847e-02 -1.897861187333763e-01
-1.764999146550796e-01 3.816785255248722e-01
-3.342654178006184e-01 5.789645656953912e-01
-2.353951840897329e-01 4.198528597334171e-01

35
4.320573894279921e-02 9.598752909072432e-01
-1.648882131272318e-01 9.162456080429657e-01
1.101099608970718e-01 -1.316904590883319e+00
-3.809821002351678e-01 -1.476514908362991e-01
-5.418162823192324e-01 7.580228657155534e-01
-3.120410525804634e-01 -1.400583774573108e-02

36
4.960314866532649e-02 -3.673194845715707e+00
5.645028121330146e-01 1.559656157745720e+00
-1.084856849426990e+00 2.634820750983073e+00
1.552447776043726e+00 -5.200610948394995e-01
-7.145293475817935e-01 5.062018365055768e-01
1.777404839013244e-01 -4.549044626296547e-02

37
1.029384430113886e-01 6.877541405339285e-01
1.163724745024699e+00 3.738578578579296e-01
-1.585163614347422e-01 9.788590573788657e-02
-5.398993347654060e-01 -8.317540698384319e-01
-6.286496922112756e-01 5.839991340253250e-01
-3.109438954471667e-04 9.151055243158839e-03

38
2.223949787320872e-01 -1.071538695552027e+00
2.605343239139390e-01 4.008659831613591e-01
2.608027796234734e-01 5.477253373305602e-01
4.933036643557500e-01 -7.893213845991558e-02
-6.825629081610136e-01 5.020933218655926e-01
1.571323781059369e-01 2.035083104871732e-03

39
6.386035542840293e-01 -7.051481329747503e-01
-2.211334713084432e-01 3.948747483249511e-01
-1.574199626956796e-01 4.819881678543672e-01
-4.926011763883922e-01 1.237075978098883e-01
-8.457773688993940e-01 6.762504998398025e-01
5.080268758227074e-02 -3.665627494807101e-01

40
2.735618424758559e-01 -1.849145249236017e-01
-9.285843598421188e-02 -1.016564217806426e-01
8.400694555312173e-01 3.834227676734530e-01
-7.705101461408601e-01 3.423827489069439e-01
-6.319510885044811e-01 5.954252990305366e-01
-1.337682165764872e-02 -4.802753247969282e-03

41
-2.260561295665092e-01 -5.139449158877515e-01
3.844522040922817e-02 2.839746611196927e-01
6.797012332940451e-01 -7.672458076778914e-03
2.233055980477056e-01 -3.373735076532185e-01
-6.174107114646519e-01 5.712508010052573e-01
8.054793281533761e-03 3.515420960936438e-02

42
-1.070472995037035e-01 -8.623592893403144e-01
1.296671807358962e+00 -2.002148726670427e-01
1.133472297117409e+00 1.176134690765512e+00
6.441612117768981e-01 -9.106784899918768e-02
-6.272195534153504e-01 5.823410922361302e-01
8.030784708810786e-04 1.248937452693518e-02

43
7.190645241568026e-01 3.481022851217418e-01
1.138093603740922e+00 -8.934836507318261e-01
1.569320964548351e+00 2.684948026884545e-01
8.566004713427967e-02 7.445579253257402e-01
-6.296177180155634e-01 5.717605819066472e-01
1.738712913242250e-02 1.787646336624098e-02

44
-6.790109772983233e-01 4.577339214982069e-01
3.789959848950245e-01 3.655827629251422e-01
1.028021498522446e+00 -1.983213737135828e-01
-4.263234103187994e-01 -4.141309441026973e-01
-6.640463019052767e-01 5.882856299137524e-01
2.287158133472536e-02 -4.325807947283689e-02

45
-1.427866941836335e+00 -2.436400795867283e-01
-1.596795204405801e+00 1.567658961588751e+00
3.700704114859717e-01 -9.487921786901554e-01
-7.285458896949226e-01 -8.579999525656460e-01
-6.197168952836146e-01 5.868196108242398e-01
-1.155057256905309e-02 1.916884406499871e-02

46
7.397158367017467e-03 5.562652193378470e-02
-1.081558191457867e-01 3.577125728718260e-01
2.830791684640068e-01 -5.196200251326963e-01
-1.531629919626111e-01 -4.676601459674446e-01
-6.336350504514672e-01 5.870790932104317e-01
-4.656847255483975e-04 -2.663110511852264e-04

47
5.111634547163547e-02 -3.638686784527805e-02
-1.757710022372919e-01 2.288074466836416e-01
2.997851291941572e-01 -5.080450570571610e-01
-1.323442103376410e-01 -5.200997302946564e-01
-6.333632617438145e-01 5.868933839165039e-01
-4.326685941284862e-04 2.617323139498867e-04

48
-6.340415229919286e-01 5.250221791124235e-01
-5.937165928461006e-01 9.279216034893847e-01
8.339349283460579e-01 -1.086760159330559e+00
-3.914093709330478e-01 -6.359626305497387e-02
-5.955284321182863e-01 5.499304203841965e-01
1.950832385058519e-02 8.290418098021050e-02

49
9.962077206584974e-02 -2.134018118993881e-01
-8.404732875523999e-01 -7.529654010543063e-03
3.911873601945971e-01 -5.468385436664225e-01
-5.606771732563463e-01 -4.789107384974766e-01
-6.339224427905171e-01 5.878968752142832e-01
-1.358802456665144e-03 -1.335582418137957e-03

50
1.288285872788669e-01 -5.877495579638643e-02
-6.553388904150252e-01 4.347942337945537e-01
1.136595170652538e-01 -9.576150442602225e-01
-6.575302318086870e-02 -4.700485117392245e-01
-6.339945339964955e-01 5.864557948062259e-01
6.906887382631543e-04 -2.503151819519820e-04

51
4.974247682097836e-01 -5.585499191043261e-03
4.737280400653537e-01 -1.236980169358642e+00
1.307959954095450e+00 -5.489693867889321e-01
6.327846879487935e-01 -4.104118995403364e-01
-6.325197972084294e-01 5.787633831194348e-01
1.010187301698132e-02 8.110943488886831e-03

52
-3.610496164715824e-01 -1.699689728952225e-01
-2.198029002697532e-01 4.225194310855747e-01
4.997709673522040e-01 -1.870778780118981e-01
-3.426170395431608e-01 -5.286958482470365e-01
-6.365198281650736e-01 5.898996922680738e-01
-1.989291842250140e-03 -6.569407596480139e-03

53
2.664410099358376e-01 8.887857929625123e-01
3.812439967558641e-01 1.785422874979662e+00
-2.238370174204141e+00 -7.079810682093983e-02
-1.778243682077284e+00 -1.472120199646883e+00
-6.339644044615529e-01 5.822305113173338e-01
6.501288673645403e-03 3.265245142883882e-03

54
2.927991123843583e-01 -7.347640006858057e-01
-3.110598106949378e-02 2.693681145790965e-01
5.740621199101571e-02 3.658258735337659e-01
-1.313146391817157e-01 -3.010909319083990e-01
-6.679803164696839e-01 3.349018088002241e-01
3.760444268365999e-01 1.596362807168717e-01

55
3.874571948453646e-01 -7.757510930761335e-01
1.140968066664974e-02 -1.714875130260939e-03
-9.289391994434802e-04 4.437093906380390e-01
-1.939035646099169e-01 -5.186330610753277e-01
-6.470297292307747e-01 4.931050190552679e-01
1.403310477280941e-01 5.849856652354619e-02

56
6.883779432094496e-01 -9.032721367181268e-01
-2.539476460260117e-01 1.975881968194735e-01
-8.518689249919909e-02 -2.263119689229299e-02
3.296546220344952e-01 -1.311056648229325e-01
-3.376612932730731e-01 5.100644072345363e-01
-1.374478750973075e-01 4.718113811834894e-01

57
1.106873765033341e-01 1.394665701215589e+00
-3.468719464271482e-01 1.540485920916567e+00
2.545009027363000e-01 -2.075358744357465e+00
-2.959710400864453e-02 6.250717965168382e-01
-6.348949167809546e-01 7.196288592356513e-01
-1.824890843777427e-01 -1.109862186187818e-01

58
-1.481051473082248e+00 -1.669636670488252e-01
2.155911284650412e-02 8.923384061865769e-01
1.719655939534906e+00 8.631660943941919e-01
-1.017482354617780e+00 2.407762770732390e-01
-6.739146015494709e-01 6.015111908739632e-01
1.271981498093046e-02 -6.776060834063591e-02

59
3.389297485814964e-01 -3.642989095876417e-01
5.756912069240032e-02 1.599165494798026e-01
2.906244248810964e-01 -1.188246819817907e-01
1.122205908118485e-01 -1.979223295973770e-01
-8.179805019518909e-01 7.349716997206975e-01
-5.314890641777685e-02 -3.764530761688780e-01

60
1.297645614308541e+00 -3.264995608811681e-01
-3.680244426438541e-01 -1.157779646501428e+00
1.189133278834195e+00 -5.046756829142138e-01
2.457797697960311e-01 7.556317966774981e-01
-6.897408462147738e-01 5.927807876594775e-01
3.778907394797660e-02 -8.243963339208492e-02

61
7.919122180656335e-01 -3.011903318270888e-01
-3.712984442079945e-02 6.558679237357344e-01
-2.537053180393898e-01 3.380023313648404e-01
-6.100512721258344e-01 4.624257597529203e-01
-6.308671504244061e-01 5.508478872822314e-01
4.729608452072544e-02 3.334495083891986e-02

62
-1.622628000847480e+00 4.799193313504827e-01
1.462026034730906e+00 -4.470829562582795e-01
2.079166868845264e+00 7.134816617804733e-01
-4.138772174025294e-01 -1.197504315878674e+00
-6.541977178747024e-01 5.962969060336842e-01
3.710201911767887e-03 -3.624331211298568e-02

63
-6.430509405515593e-01 6.368313726820728e-01
7.458982609769038e-01 -1.540671078311133e+00
1.657204675611829e+00 7.055374629731168e-03
-7.579939874284244e-01 -1.587956409563298e+00
-6.347510035384399e-01 5.822976976864473e-01
7.055227390006647e-03 2.123664889736767e-03

64
6.373545573689742e-01 -5.536023838340757e-01
-5.011458266966324e-01 -5.919049271261433e-01
5.059445399291117e-01 -6.038492096023861e-01
3.106947309523749e-01 -3.955424680273332e-01
-7.084945174169409e-01 6.292685033874884e-01
2.816253349735624e-03 -1.383391090683175e-01

65
-2.293949174528628e-01 1.360617885190170e-01
-1.010715724344193e-01 1.169142711894198e-01
7.679036557465517e-01 -2.428513919082671e-01
-5.162605818075590e-01 -3.446202284987348e-01
-6.384409606467816e-01 5.829526781810539e-01
9.184473946706127e-03 -3.510901701308046e-03

66
4.585801097864164e-01 -1.059945020926684e+00
-7.062826343579005e-02 4.299354939007959e-01
-4.806758129834408e-01 6.086718740155627e-01
-1.497339456525750e-01 -5.218795652918663e-01
-7.252549135968640e-01 4.424389142626540e-01
2.746192946189789e-01 -7.878410681502948e-03

67
3.914714180959004e-01 -4.448001134133254e-01
1.536444590718996e-03 2.911669067507802e-01
4.480500145525612e-01 -9.035458531330648e-02
2.217561788015061e-01 2.073162377931524e-01
-6.912849705725984e-01 6.624508283348121e-01
-5.715991279650173e-02 -1.418535760465293e-01

68
1.528474665093049e-02 1.240894547024999e-01
-7.941724158341391e-01 -4.798142518549469e-01
5.132488474300452e-01 -1.095776453777077e+00
-3.881219497563125e-01 -1.080190253573976e+00
-6.335810655486477e-01 5.873952728119272e-01
-9.467332500303913e-04 -4.517116339951082e-04

69
1.574195353637179e+00 5.783752948470402e-01
1.039938825828892e+00 -8.018548800098529e-01
6.404848555277817e-01 -5.238000512706549e-01
4.776590580076836e-01 6.543981756783862e-01
-5.465883364509387e-01 5.822702883964233e-01
-6.539262631729727e-02 1.239041722064206e-01

70
6.664042578394605e-02 2.345043026025925e-01
1.051616957537978e-01 3.593514849763203e-01
3.876281125053050e-01 -2.382283640526872e-01
-4.594157285504480e-01 -1.834759269903325e-01
-6.298769319605894e-01 5.825202313907581e-01
2.740523760156696e-03 8.672089254637718e-03

71
1.176752986891752e+00 -2.105648081090655e-01
-2.115916759106622e-01 1.020734850984158e+00
-9.394224249115686e-01 3.540651702806366e-01
-1.015380535594185e+00 5.964696433192669e-01
-6.273244240940755e-01 5.606595180711802e-01
3.083286557805669e-02 3.017072940683706e-02

72
8.524507490091796e-03 -3.561562866820004e-01
3.367267646142669e-01 2.346805597710714e-01
5.416792075699962e-01 1.234689536172765e-02
2.823769738621745e-01 -2.783776800578951e-01
-6.284151336090683e-01 5.843102525772390e-01
-9.334671467288476e-04 9.219198954275205e-03

73
-3.934570805982723e-01 1.279689947008506e-01
-2.413095548533891e-01 1.334386365705783e+00
-5.189018270042722e-01 -1.420762016747731e+00
5.776337929448970e-01 -1.211463050637099e+00
-6.354613064004249e-01 5.858322544823913e-01
2.757788643817825e-03 -1.763353250930128e-03

74
5.097467024523592e-01 7.356588081233901e-01
7.607761380824845e-01 -3.761880084912509e-02
3.595226523148318e-01 -1.463760875254203e-01
-5.788719119898397e-01 -7.795556130944288e-02
-5.781577072735228e-01 5.940227553317113e-01
-5.566774307896517e-02 7.064230295211521e-02

75
1.718221575568834e-01 2.220858078277723e-01
7.044392767382625e-01 2.220009516800382e-01
6.850997976645197e-01 -4.476540088721577e-01
5.235722064123307e-01 -4.718158649049404e-02
-6.323179373176676e-01 5.915596053761261e-01
-7.736448792265331e-03 -2.131092099656637e-03

76
3.682666479037047e-01 9.191044233804315e-01
2.979150131255413e-01 1.067302940165638e+00
-4.597108072172784e-01 -1.428260098135874e+00
1.864530037563379e-01 -3.965676772680433e-01
-7.898191463238441e-01 1.040012635294362e+00
-4.975826191002933e-01 -5.883595341944299e-01

77
6.292896119372497e-01 -2.506502910802222e-01
1.357428296221868e-01 3.180863616031600e-02
3.949939747110794e-01 -1.291268824975817e-01
1.114244121317663e-01 1.781969162794453e-01
-1.008039838683555e+00 3.115511199769755e-01
6.878837632991295e-01 -2.908079703742895e-01

78
-1.744620890931676e-01 1.677095889596013e-02
-1.259672704521759e-01 6.271281027804783e-01
6.753532983308710e-01 -5.558656390145220e-01
9.157582199339505e-02 2.731779174246831e-02
-6.340178908621344e-01 5.857144035364262e-01
1.733798473616651e-03 3.269857083924848e-04

79
-2.707891016988668e-01 -5.503924124682633e-01
3.271872337105744e-01 7.293078978663026e-01
1.198461694429776e+00 7.238862256270776e-02
7.553572261365804e-01 6.437075266842939e-01
-6.295043372448742e-01 5.810130232584132e-01
4.515728832698300e-03 1.042586361288316e-02

80
3.340319211367419e-01 -2.711352235322986e-01
3.091406292806604e-01 2.814913916387136e-01
3.316149328279272e-01 -3.263311294655923e-02
1.898012255868793e-01 -4.191235567199973e-02
-5.380579431408699e-01 6.202087892639313e-01
-1.248015200247603e-01 1.044928301049875e-01

81
-6.082893638462075e-02 1.193966300507766e-01
-5.796465618456620e-01 7.025338420381764e-01
5.818850514629446e-02 -1.024195051461024e+00
-1.328915176270730e-01 -5.193790394235954e-01
-6.337677323916227e-01 5.868893106988310e-01
-9.449497920631959e-05 -2.935171734486317e-04

82
3.470515760662235e+00 1.214320029437468e+00
2.555497184336065e+00 -1.937761483996107e+00
-4.040642220483933e+00 3.669479799771840e-01
-1.413621652867412e+00 -3.565916641926851e+00
-6.388163006008671e-01 6.211612985540735e-01
-4.327534262452144e-02 -3.544368695495801e-02

83
1.170433415726673e+00 6.653893286455967e-01
-2.627910247562521e+00 4.403373335834890e-01
-1.839917190690618e+00 -2.047487323620353e+00
-2.276202201569852e+00 -1.201665854192344e+00
-6.373805411613030e-01 5.830839759650308e-01
8.131286563528918e-03 -2.154348898438939e-03

84
-1.317831134117961e-01 8.134222634108337e-01
-2.143601989069131e-02 9.865242204148709e-01
8.779026929417272e-02 -1.294764251116583e+00
-8.417565588489641e-02 -3.864105611054146e-01
-5.506728949306864e-01 4.624115106900227e-01
1.034978382335366e-01 2.168088111799348e-01

85
7.466154185327950e-01 1.042852180121531e+00
7.157408578857830e-01 -3.597525497631403e-01
-1.618708932658807e-01 -1.135972895765157e+00
-6.304024577979496e-02 -1.002815160046275e+00
-6.913744447169347e-01 6.164848945345545e-01
6.395383998839297e-03 -1.041848081194196e-01

86
8.704905009150948e-02 2.659052078939077e-01
4.975173291634624e-01 2.422865752676549e-01
5.419141008050411e-01 -2.162440072250975e-01
-8.849182834242536e-02 -1.737414698191085e-01
-6.368169674125846e-01 5.934944141581393e-01
-6.709517670752153e-03 -9.935288436492336e-03

87
1.028269305931394e-01 -4.388142577894193e-02
2.145174183785064e-01 5.382777095424469e-01
3.914689755785999e-01 -7.136096574531045e-01
6.468279036871235e-01 -1.831536263542762e-01
-6.355481862167308e-01 5.867745405673886e-01
1.527865579015975e-03 -2.658069648079703e-03

88
1.224421365195965e-01 4.071306944376202e-02
-1.441423686898800e-01 3.888505104728939e-01
3.890682619029329e-01 -2.553841412409022e-01
-4.237869865642700e-01 -5.713140876734731e-02
-6.331291154055195e-01 5.825379581412414e-01
5.389926877809478e-03 4.166052746196880e-03

89
5.167188172174927e-01 -1.405485797972046e-01
3.852750511152888e-01 2.941846174002729e-01
-1.057184439648008e-01 2.066588345880457e-01
-3.082353754698142e-01 -2.225398216035370e-01
-6.340287887207443e-01 7.057142230701620e-01
-1.639842452216185e-01 -9.834968797391201e-02

90
3.547743694718432e-01 -1.012996553173123e+00
-1.397263322816991e-01 1.423803416257301e-01
-1.675196445688641e-01 6.862585561519373e-01
-3.559442990720010e-01 -5.332502907998651e-01
-6.237533345551244e-01 4.873308188096980e-01
1.291681478350506e-01 9.539211463255344e-02

91
5.946297147212634e+00 3.308301388450087e+00
9.094868031440228e+00 -9.570737868707516e+00
-7.682912352277849e+00 2.831873582317483e+00
-2.973485814580943e+00 -1.295255715868584e+01
-6.315758702841497e-01 5.920129612205050e-01
-8.972674348623781e-03 -1.478993430817163e-03

92
-7.224753389488824e-01 -1.333899542855677e-01
5.255222263720455e-01 5.801830000112840e-01
5.829361913653318e-01 9.504811479011704e-02
5.178947012010183e-02 -8.191742935881150e-01
-6.325311694748488e-01 5.922416297632157e-01
-8.503050173566597e-03 -2.986326381795236e-03

93
1.757595119955688e-01 7.903182608116467e-02
5.694296535715547e-01 1.100659895173479e+00
2.881378293725594e-01 -7.791952901146150e-01
1.043651701188183e+00 2.920685707364234e-01
-6.344046368266382e-01 5.869927070002906e-01
2.863594774736077e-04 -1.258131212356846e-03

94
5.203347114576629e-01 -1.507005453339884e-01
9.047065523837240e-02 3.956529267482776e-02
3.153493998911892e-01 -6.599009939204031e-02
-1.897332552377709e-01 -4.315718569115458e-03
-1.109465357571298e+00 2.464568142645449e-01
8.611731119042459e-01 -3.773634129630087e-01

95
5.618054678751647e-01 5.268768193027749e-02
-9.126271098611179e-02 -4.114906981517757e-01
5.469741916867468e-01 -2.496573318510800e-01
-4.501884972580890e-01 -1.269892888202118e-01
-6.631541829309916e-01 5.477423434305188e-01
7.813082680103317e-02 -8.692072039250072e-03

96
-4.493912679151353e-01 3.841223857640578e-01
1.409385351791846e+00 1.803877750502491e+00
5.062833046719134e-01 -1.320375891761083e+00
2.297829605923657e+00 1.218682118371735e-01
-6.335605978091321e-01 5.874498849934272e-01
-1.038984168828313e-03 -4.683455700447423e-04

97
-5.431875645228106e-01 2.802308544047333e+00
1.389236146195106e-01 3.375852052599370e+00
1.570214769362617e-01 -4.386917776721587e+00
1.665699491749564e+00 8.858545212342541e-01
-5.545393253850969e-01 5.357220624582260e-01
5.430442577475437e-03 1.511944628311557e-01

98
-8.933667400124629e-03 -5.420589393446586e-02
1.565125975684266e-01 3.881927324854327e-01
3.465804496211474e-01 -3.432612748581982e-01
8.447840596058828e-02 -4.026022359217037e-01
-6.299221507389640e-01 5.866817610359168e-01
-2.969622167944740e-03 5.188106998942982e-03

99
-3.386034970993384e-01 -1.250762925106424e+00
3.409681944109665e-01 9.065133444776917e-01
-3.096966154042400e-01 1.449383273915648e+00
-4.417363835200958e-01 -7.213994283326476e-01
-6.723911538380386e-01 6.101396731044040e-01
-4.491909114443109e-04 -7.275081282076526e-02

100
1.209480447668293e+00 -3.408348278475626e-01
-5.808225421999337e-01 1.740628415877002e-01
-7.711613300737503e-01 -2.630920483599496e-01
-6.244619414337670e-01 -1.913694682221204e-01
-8.406717003264934e-01 6.769625305287907e-01
4.562154428248576e-02 -3.600969309978982e-01

101
-4.595908728550176e-02 -3.744524789727390e-01
3.014655048787352e-01 3.189373827910812e-01
3.338436662474154e-01 1.868760449560330e-01
-1.055464236490604e-03 -4.468100774409602e-01
-6.461477052051515e-01 5.904433823923332e-01
5.175700936044437e-03 -2.031309963270361e-02

102
-8.709118771997209e-03 -3.128853260470178e-02
-6.894746421725396e-01 -4.845450121731578e-01
5.834004585185243e-01 -9.319282383351792e-01
-2.493781979385515e-01 -1.028383263495070e+00
-6.333334337582512e-01 5.877153860548234e-01
-1.592427245752949e-03 -3.729083277136749e-04

103
1.122535556481127e-01 2.856972583666498e-01
4.255032005766290e-01 4.301679128148223e-01
7.199783248847410e-01 -1.102971688678268e-02
-3.256492000620625e-01 3.616314147173537e-01
-6.371157119346211e-01 6.006598493740792e-01
-1.635979459367185e-02 -1.623916044177865e-02

104
-1.001570261869851e-01 2.100236980715584e-01
-4.472128122628075e-01 7.706573324475778e-01
4.502487060835423e-01 -3.779183094989749e-01
-7.460122694715540e-01 1.781693837031892e-01
-6.343345825162213e-01 5.859682885873648e-01
1.643545869795399e-03 -3.191241810668299e-04

105
5.738736575064861e-01 -5.294686457589448e-01
8.539248358658937e-01 1.581003627671528e-01
4.737392298500363e-02 3.672961844188257e-01
5.376294789918471e-01 -2.290985410134972e-01
-6.327318641553967e-01 6.298946151657053e-01
-6.033909136776579e-02 -3.422108320294967e-02

106
3.072977071055502e-01 -1.864106667650437e-01
1.862773374839599e-01 2.540807769536533e-01
2.615701512171040e-01 -1.250361964055675e-02
-1.111474308661827e-01 -1.391633812596894e-01
-4.539140720722029e-01 5.851726767691440e-01
-1.455960591845232e-01 2.495066428402951e-01

107
8.880601274911574e-01 -9.391503693371771e-02
6.658533302889149e-01 6.992410343904772e-01
-2.269225224116930e-01 3.206934054660495e-01
-9.434097326372060e-02 5.309886352794901e-01
-6.323359132475492e-01 6.420479060278778e-01
-7.744906409136675e-02 -4.366646111322782e-02

