52

0
4.638310575471334e-01 -1.438553105534643e+00
5.881879296686422e-01 6.811661253201108e-01
-2.972073406559561e-01 9.699462495972750e-01
1.000000000000000e+00 0.000000000000000e+00
1.865473506340395e-02 1.299114969921742e-02

1
9.016506438655965e-01 -7.710619190602844e-01
6.131295833380879e-02 1.886771881890126e-01
3.432174279362574e-01 -9.892595287574333e-01
1.000000000000000e+00 0.000000000000000e+00
2.525965971641915e-02 -4.541855223839293e-02

3
-4.468823983677098e-01 -7.247106636283576e-02
-4.932422872617056e-01 1.502350771613739e-01
-3.003088768712054e-01 3.828071973818520e-01
1.000000000000000e+00 0.000000000000000e+00
2.477154947593432e-01 4.685072751597517e-02

5
1.362733165587227e-01 9.924259476901507e-01
5.134780308154392e-01 3.588566877562356e-01
-4.581847629057378e-01 4.304619406912061e-01
1.000000000000000e+00 0.000000000000000e+00
1.207686745353896e-01 -4.996909343708432e-02

7
-5.324455580731555e-01 -4.557994695921651e-02
-1.940824068357791e-02 1.050041216532824e+00
-4.670082697119798e-01 6.846466862228214e-01
1.000000000000000e+00 0.000000000000000e+00
5.246827482512696e-02 1.042899170178326e-03

9
-1.656656775619683e-01 -1.536219066991878e-01
2.474561768891371e-01 -1.745590694365494e-01
1.679477515989417e-02 -3.973200994420267e-01
1.000000000000000e+00 0.000000000000000e+00
6.197153450714930e-01 -3.011515483122482e-01

16
2.636219435785009e-01 1.986261902773498e-01
7.007739185133807e-01 5.041597101811085e-02
3.940211480555884e-01 -2.133744674323338e-01
1.000000000000000e+00 0.000000000000000e+00
-3.892466659939414e-01 5.504955222378502e-02

21
-4.236998352422860e-01 -1.161382880275389e-01
-5.233803222542217e-01 1.355575181786661e-01
3.961247192431737e-01 2.550499104826676e-01
1.000000000000000e+00 0.000000000000000e+00
1.927824578492474e-01 -4.762036823484748e-02

26
-3.350440933777992e-01 6.783986686895608e-01
7.916960049110933e-01 2.507797261872463e-01
-7.605224705774360e-01 -1.745193492623430e-01
1.000000000000000e+00 0.000000000000000e+00
-1.075508179442574e-01 -5.658177369913704e-03

28
4.713035105527976e-01 -6.000540652684954e-01
4.487805658217228e-01 -3.481590955472590e-01
1.244833574070718e-01 -6.633936264954740e-01
1.000000000000000e+00 0.000000000000000e+00
1.182977764599089e-01 -1.137837859172352e-01

34
-2.796594988802066e-01 -1.314689509415266e-01
3.229738697877585e-02 -1.909668825093928e-01
-2.706601379131973e-01 2.642469668859077e-01
1.000000000000000e+00 0.000000000000000e+00
5.632139794457832e-01 -5.246400461886999e-02

35
1.170747714640650e+00 1.308000922114217e-01
-1.562364240978826e+00 -1.145641156842888e-01
-2.589268819869802e-02 3.671635067127751e-01
1.000000000000000e+00 0.000000000000000e+00
-2.726917906005978e-01 3.701155092738463e-01

36
-4.296295846408605e-01 2.084427386966818e-01
-7.351020133748407e-01 -2.248309543679296e-01
1.457154916782814e-01 4.439998244718266e-01
1.000000000000000e+00 0.000000000000000e+00
-1.624572874117766e-01 -6.185706461592698e-02

38
-3.198891346412547e-01 2.909054959285436e-01
-4.607731667594762e-01 2.452819784616425e-01
1.635709337957664e-01 4.221540538189927e-01
1.000000000000000e+00 0.000000000000000e+00
-1.636476938714356e-01 -1.044860269827252e-01

39
-4.781715743825894e-01 1.077599930261803e-01
-4.554219141813693e-01 2.109374059346179e-01
-4.567167593802994e-01 -3.041530500001913e-01
1.000000000000000e+00 0.000000000000000e+00
-1.935820764934174e-01 2.142728620472806e-01

41
-4.139868606328730e-01 -1.093698627889691e-01
-3.125598704402406e-01 7.946534368786125e-01
4.421490418760423e-01 3.967422001699595e-01
1.000000000000000e+00 0.000000000000000e+00
6.132377532895028e-02 -4.741752012306986e-02

44
-4.396775114029311e-02 -7.460759283208396e-01
-1.169823175796045e+00 -5.656575996286226e-01
6.732609978290632e-02 6.906664078201563e-01
1.000000000000000e+00 0.000000000000000e+00
-3.078752285086524e-02 2.913570544850334e-02

45
6.097363121785757e-01 -1.490362107685474e+00
3.825120633416667e-01 7.285524141236133e-01
7.415137200074875e-01 5.364540496117681e-01
1.000000000000000e+00 0.000000000000000e+00
1.823632119595987e-02 6.223854453649519e-03

48
1.074446143824766e+00 -1.067750721765687e-01
-1.474590016332216e+00 8.969572071907472e-02
2.755625445260663e-01 1.947480723926653e-01
1.000000000000000e+00 0.000000000000000e+00
5.241712503525033e-01 -3.040028417304738e-01

52
-8.851158277698185e-02 -1.449562287727958e+00
-5.869473677258492e-01 5.465202235103970e-01
1.355038384544647e+00 8.287488418936606e-01
1.000000000000000e+00 0.000000000000000e+00
1.211209387917459e-03 6.904747930132031e-03

54
-2.820585584983014e-01 1.597576508409028e-01
-4.406801697700262e-01 2.514869906845201e-01
3.550952734940644e-01 -3.620956368110967e-01
1.000000000000000e+00 0.000000000000000e+00
-2.284992647964145e-01 -2.055323275764543e-01

55
-1.548762424393631e-01 -8.043277194039733e-02
-5.174879630421531e-01 3.480684407694988e-01
3.742949361381530e-01 -5.306696661131527e-01
1.000000000000000e+00 0.000000000000000e+00
-5.383736722061051e-02 -1.564213494577625e-01

56
-2.403497122851631e-01 -1.060930285337877e-01
1.023797875088770e-01 -1.134389080937611e-01
2.967894717484986e-01 1.610864667237433e-01
1.000000000000000e+00 0.000000000000000e+00
6.215676223418324e-01 -8.396219397725638e-02

57
1.215858224967580e+00 1.404172433459893e-01
-1.602699445138918e+00 -1.237024134573986e-01
4.318877188525510e-01 -1.299341787310408e-01
1.000000000000000e+00 0.000000000000000e+00
-2.677690920903576e-01 2.354622709383143e-01

58
-5.340958240941604e-02 -8.432217940247005e-01
-1.262569808709512e+00 -7.890387976672084e-01
1.020605054594215e+00 -5.374340240901304e-03
1.000000000000000e+00 0.000000000000000e+00
-1.689376717592744e-02 2.683273718810331e-02

59
-4.689919679463652e-01 2.350849846845670e-01
5.242402448198495e-01 6.599115720746397e-01
6.445976511978502e-01 9.302259178568928e-02
1.000000000000000e+00 0.000000000000000e+00
1.988410719437771e-02 9.335938785930327e-02

60
4.240996062396162e-02 -9.280574542082679e-01
8.922876329830779e-01 -1.563223975886891e-01
-1.712797925710879e-02 5.201119048340691e-01
1.000000000000000e+00 0.000000000000000e+00
-7.701913411317730e-02 1.140304874070695e-01

61
-4.922705434660459e-01 6.593373018436450e-01
-5.030310370202091e-01 1.798077108141267e-01
-9.246664392223707e-01 1.015760395262565e-01
1.000000000000000e+00 0.000000000000000e+00
-4.070071661186275e-02 -4.728059302242335e-02

62
-8.902299496968205e-01 1.073201419469522e-01
-1.098906100359736e+00 -6.481551719401761e-01
6.856379111203327e-02 6.687292360441657e-01
1.000000000000000e+00 0.000000000000000e+00
-3.645691860224406e-02 3.073626968848531e-02

64
8.559605398186482e-02 -9.426857822043015e-01
8.627410273170673e-01 -1.056236203898327e-01
6.069530490191595e-01 -3.261181577392835e-02
1.000000000000000e+00 0.000000000000000e+00
-4.131154737058769e-02 1.270901823271935e-01

66
-3.549660131075082e-01 9.002028305388009e-02
-6.348095058443392e-01 -1.845687121330283e-01
3.649605962497964e-01 -3.300799344690243e-01
1.000000000000000e+00 0.000000000000000e+00
-2.780337553662154e-01 -1.737654813234997e-01

67
-4.310730954903100e-01 3.244981805702083e-01
6.211977016996403e-01 5.494160385857884e-01
-7.235939779299286e-02 5.643771248519988e-01
1.000000000000000e+00 0.000000000000000e+00
-2.167489765663177e-02 1.061315998351668e-01

69
5.236664255595608e-01 -6.565414879078398e-01
1.855214180783203e-01 -4.724641341926425e-01
4.103173489086593e-01 3.244879885536135e-01
1.000000000000000e+00 0.000000000000000e+00
1.124861269966121e-01 -6.453993160070051e-02

71
-4.686883176001581e-01 6.765876330683676e-01
-7.995411156353787e-01 1.045417960081406e-01
-9.050803405663387e-01 1.650256169625711e-01
1.000000000000000e+00 0.000000000000000e+00
-3.143868555238829e-02 -5.407122680714277e-02

74
5.158393696924227e-01 -6.713160052271921e-01
1.165224399175993e-01 -5.376695056567535e-01
-4.645140861820279e-01 4.365101430840621e-01
1.000000000000000e+00 0.000000000000000e+00
1.158032610181740e-01 -4.895167304030374e-02

76
1.162449542315534e+00 7.848114079416130e-02
-1.555279628840763e+00 -6.813393747573265e-02
-3.287444816795164e-01 -2.081750248708617e-01
1.000000000000000e+00 0.000000000000000e+00
-5.408035437081931e-01 4.884299952617205e-01

77
1.740488027389251e-01 1.741191502050104e-01
6.404951579032490e-01 5.818675900933551e-02
5.064383238432965e-02 3.438468244126621e-01
1.000000000000000e+00 0.000000000000000e+00
-5.153980217028591e-01 9.504862342549794e-02

80
1.640289179902811e-01 9.527581634154323e-01
5.590249489774202e-01 3.659626508335957e-01
4.193819725176126e-01 2.763073158894924e-01
1.000000000000000e+00 0.000000000000000e+00
1.536782295216180e-01 -3.774366782916884e-02

82
3.826245640187871e-01 -6.301880921774036e-01
-9.314194865920482e-01 3.891791154079920e-01
-6.956590377066594e-01 -6.989016648617703e-01
1.000000000000000e+00 0.000000000000000e+00
-1.013933682776829e-02 6.393684129268926e-02

84
1.041364459109776e+00 -1.110290285771600e-01
-1.446602718037242e+00 9.163936502084855e-02
-2.931154882981614e-01 2.520276817992658e-01
1.000000000000000e+00 0.000000000000000e+00
5.210049235853138e-01 -1.545711256164390e-01

85
1.154883903246028e-01 -6.166945063586503e-01
-7.684832468027148e-01 -4.206980494860530e-01
-6.703495651951422e-01 -4.221420145057767e-01
1.000000000000000e+00 0.000000000000000e+00
-7.541363340852425e-02 8.027314723930341e-02

89
5.917421725354481e-01 7.005888897909159e-01
-3.114706053680728e-01 3.024868025264150e-01
-4.047684037201856e-01 -5.647818015909236e-01
1.000000000000000e+00 0.000000000000000e+00
3.703565022347437e-02 1.554339014399637e-01

90
-1.946695532080084e-01 -1.890002852531313e-01
-6.806005298483743e-01 5.991843361039809e-02
3.625071996046813e-01 -5.556088269896577e-01
1.000000000000000e+00 0.000000000000000e+00
-3.597790267378909e-02 -1.537488464252908e-01

92
-1.008816161192431e+00 -7.121513099771620e-01
-5.145063743948137e-01 3.354152575503073e-01
2.240657462871080e-01 1.342478467189299e+00
1.000000000000000e+00 0.000000000000000e+00
3.249480355215078e-03 5.089269758218429e-03

94
1.426050868630093e-01 8.669949859061171e-02
5.952455658381163e-01 1.160688673314003e-02
-3.748978566956546e-01 -1.038563645684985e-01
1.000000000000000e+00 0.000000000000000e+00
-6.980115867541947e-01 -5.178333206382221e-02

95
-6.274417242408273e-02 -8.584901105057278e-01
9.114315234767192e-01 -3.233106935747260e-01
-6.563234845377944e-01 -2.165182120496662e-01
1.000000000000000e+00 0.000000000000000e+00
-1.485911477765405e-01 2.448631999501630e-02

97
1.138292377177370e+00 -1.347581643377256e-01
-1.527532544766923e+00 1.171336284646733e-01
1.211658676049146e-01 -4.382487772890232e-01
1.000000000000000e+00 0.000000000000000e+00
2.291593139162874e-01 -4.037492960154462e-01

99
-9.648227483550603e-01 -5.276555896799312e-02
-1.101312050829436e+00 -9.402465361502088e-01
9.488097517603220e-01 2.483735418314381e-02
1.000000000000000e+00 0.000000000000000e+00
-1.524098883880554e-02 3.388684053708966e-02

100
-4.806871145644940e-01 1.079478266285655e-03
-5.424763594484748e-01 -3.672942782546514e-01
-4.235531210555187e-01 -2.745742162679182e-01
1.000000000000000e+00 0.000000000000000e+00
-2.528621036558232e-01 2.567973988359394e-01

105
6.846301072794178e-01 8.625324034831701e-01
-2.887761483799948e-01 3.160645511827068e-01
6.530512343107855e-01 1.369203714068815e-01
1.000000000000000e+00 0.000000000000000e+00
3.114913266717649e-02 7.851582023439134e-02

106
1.488831271450060e-01 8.672559328722533e-01
6.121099373109252e-01 3.245484109851031e-01
-8.514985641106643e-03 -5.643464597378801e-01
1.000000000000000e+00 0.000000000000000e+00
2.607955503831415e-01 -6.976509055843008e-02

107
6.618893104748206e-01 8.566669804243847e-01
-2.914964390369096e-01 3.171579284099471e-01
-1.808990903226128e-01 6.031194764465837e-01
1.000000000000000e+00 0.000000000000000e+00
3.640491487454063e-02 8.158701786890427e-02

