108

4.503513667879232e-02 8.741946517061544e-01;
6.113798589245831e-01 1.514603537674301e-01;
3.053266330787549e-01 -6.936419206800686e-01;
-3.179735194859842e-01 -6.942844772997968e-01;
-3.125800044561650e-01 4.431665119161942e-01;
-6.567920814774299e-02 5.614523641405103e-01;

4.774932386743653e-01 1.824189532850628e-01;
4.773572314382333e-01 2.676085789188692e-01;
1.299500288199263e-01 -5.711671779912516e-01;
3.597009579189964e-01 -2.542225060912303e-01;
-3.125800044561650e-01 4.431665119161942e-01;
-6.567920814774299e-02 5.614523641405103e-01;

2.530715152388307e-01 1.496990001913633e-01;
5.219040148167873e-01 2.887329638346342e-01;
1.807308246931998e-01 -5.402248927076637e-01;
3.959328862316512e-01 -4.759054278691756e-01;
-3.125800044561650e-01 4.431665119161942e-01;
-6.567920814774299e-02 5.614523641405103e-01;

4.202494334934435e+00 2.840063333779618e+00;
-4.976249181911024e-01 -8.546058609636885e-02;
-3.526911571869388e+00 -4.096081142541158e+00;
-6.658129405527078e-01 -5.705227634677538e-01;
-3.125800044561650e-01 4.431665119161942e-01;
-6.567920814774299e-02 5.614523641405103e-01;

2.602105468335775e-01 3.197568117842532e-01;
4.641019794955332e-01 2.608408955152846e-01;
1.360797218677992e-01 -1.041970399398507e+00;
6.903594304590767e-01 -6.792372411492575e-01;
-3.125800044561650e-01 4.431665119161942e-01;
-6.567920814774299e-02 5.614523641405103e-01;

-1.631617456910332e-01 2.525164709254335e-01;
5.575482251981021e-01 2.546942335258139e-01;
5.555512345630380e-01 -9.196733028981782e-01;
8.002624436830812e-01 -7.380423649385748e-01;
-3.125800044561650e-01 4.431665119161942e-01;
-6.567920814774299e-02 5.614523641405103e-01;

8.207308963661483e-01 -1.799884109236970e+00;
5.763067440256121e-01 8.371523964445463e-01;
-1.360353661106405e+00 1.924052521874354e+00;
-2.105728292536478e-01 -4.982474863160803e-01;
-3.125800044561650e-01 4.431665119161942e-01;
-6.567920814774299e-02 5.614523641405103e-01;

1.133459490169761e+00 2.785383662328735e-01;
4.919357742028115e-01 3.031182862348311e-01;
-6.727884544890433e-01 3.400671956775921e-01;
-1.001351559904698e+00 2.232315756771778e-02;
-3.125800044561650e-01 4.431665119161942e-01;
-6.567920814774299e-02 5.614523641405103e-01;

1.456421948112923e+00 1.875700887380635e-02;
4.093523540583120e-01 3.705514316228380e-01;
-1.010918298818003e+00 3.803329449170244e-01;
-8.341067710849540e-01 1.052993203713912e-01;
-3.125800044561650e-01 4.431665119161942e-01;
-6.567920814774299e-02 5.614523641405103e-01;

3.486853352729942e-01 -1.836210375841177e-01;
-4.431473650877618e-01 9.413221180295900e-02;
2.272170768620853e-01 -4.736534257406814e-01;
-2.618127928050899e-01 -3.016557224980667e-01;
-3.125800044561650e-01 4.431665119161942e-01;
-6.567920814774299e-02 5.614523641405103e-01;

4.669446663510195e-01 1.372584428986963e-01;
1.204130146756387e-01 8.751556053934226e-02;
1.708814743227503e-01 -5.513828229798671e-01;
-7.478648365122458e-03 -3.234148250890098e-01;
-3.125800044561650e-01 4.431665119161942e-01;
-6.567920814774299e-02 5.614523641405103e-01;

1.210085718026546e-01 2.938506055259972e-01;
1.727349209352008e-01 7.111369726056843e-01;
2.524699287195113e-01 -6.199809666384022e-01;
3.692550024660923e-02 -4.347401839401574e-02;
-3.125800044561650e-01 4.431665119161942e-01;
-6.567920814774299e-02 5.614523641405103e-01;

-1.702808282001778e-01 -1.313374883651172e-01;
-7.142413167921250e-01 6.913686078915069e-01;
3.509676151997169e-01 -8.883973606646453e-01;
-2.293428600651602e-02 -2.903874621084540e-01;
-3.125800044561650e-01 4.431665119161942e-01;
-6.567920814774299e-02 5.614523641405103e-01;

1.939668710924158e-01 3.134439783265268e-01;
1.283375540261676e-01 2.800462116644957e-01;
1.799823141604571e-01 -1.127544519682476e+00;
4.587420699622758e-01 -6.455046499949573e-01;
-3.125800044561650e-01 4.431665119161942e-01;
-6.567920814774299e-02 5.614523641405103e-01;

-1.068479253966891e-01 7.834702960839005e-01;
7.615493837466809e-01 9.337915094280824e-01;
3.492059841498061e-01 -1.357322606864839e+00;
9.314484008847743e-01 -3.078935858554818e-01;
-3.125800044561650e-01 4.431665119161942e-01;
-6.567920814774299e-02 5.614523641405103e-01;

-3.778078427231286e-01 -2.200852582555056e-01;
-9.418604189946420e-01 8.609036840863662e-01;
4.845988350207622e-01 -1.019622239357307e+00;
6.519880769731390e-02 -2.361521070618721e-01;
-3.125800044561650e-01 4.431665119161942e-01;
-6.567920814774299e-02 5.614523641405103e-01;

9.473755638056789e-01 -2.724994966673805e-01;
5.551889341109950e-02 -2.813200658054069e-01;
3.018679729668848e-01 5.608429846755186e-01;
-8.225500726300263e-01 4.172159250343220e-01;
-3.125800044561650e-01 4.431665119161942e-01;
-6.567920814774299e-02 5.614523641405103e-01;

3.644126121027667e-01 4.179563797235543e-02;
-1.412594429270898e-01 4.499233248167949e-01;
3.704056169586383e-02 -1.882343242764468e-01;
-5.676821223026093e-01 -7.067563602093981e-02;
-3.125800044561650e-01 4.431665119161942e-01;
-6.567920814774299e-02 5.614523641405103e-01;

3.137281904253414e-01 8.742526603633223e-01;
5.538510986187005e-01 -9.988040223595171e-02;
2.484408582878233e-01 -6.971651049635968e-01;
-4.063373327571680e-01 -6.546755821413873e-01;
-3.125800044561650e-01 4.431665119161942e-01;
-6.567920814774299e-02 5.614523641405103e-01;

4.394030330160202e-01 1.578044356241531e-01;
1.038910035135422e-01 3.832768980599404e-01;
1.721871587628828e-01 -5.850413214844080e-01;
5.434278806546446e-02 -5.356670432568640e-02;
-3.125800044561650e-01 4.431665119161942e-01;
-6.567920814774299e-02 5.614523641405103e-01;

1.804428475752307e-01 2.110398114492408e-01;
3.273188685497356e-01 4.708218528395269e-01;
2.202739734384597e-01 -5.742458204489288e-01;
1.959812151782257e-01 -2.895899754185551e-01;
-3.125800044561650e-01 4.431665119161942e-01;
-6.567920814774299e-02 5.614523641405103e-01;

2.620248568933067e+00 -1.243784941700428e+00;
-1.010944579350196e+00 3.421362124266367e-01;
-2.393250987230411e+00 -8.410850149364178e-02;
-3.594275449435672e-01 -7.695337508845779e-02;
-3.125800044561650e-01 4.431665119161942e-01;
-6.567920814774299e-02 5.614523641405103e-01;

2.396492316305021e-01 3.863547020157267e-01;
4.123984826468122e-01 6.092890185473026e-01;
5.764979875830713e-02 -1.105194871670253e+00;
6.757022809251397e-01 -4.345143758794295e-01;
-3.125800044561650e-01 4.431665119161942e-01;
-6.567920814774299e-02 5.614523641405103e-01;

-1.714934104974380e-01 5.814871150235510e-01;
6.275347457545485e-01 6.860762765975884e-01;
4.646956981670020e-01 -1.203708162577707e+00;
8.457959694752580e-01 -4.646410289915192e-01;
-3.125800044561650e-01 4.431665119161942e-01;
-6.567920814774299e-02 5.614523641405103e-01;

3.938304164557729e-01 -1.221712462562933e+00;
2.623465815631631e-02 8.529194257720443e-01;
-7.056246336930431e-01 8.485635253662316e-01;
-1.093971094298453e-01 -4.045645839560227e-01;
-3.125800044561650e-01 4.431665119161942e-01;
-6.567920814774299e-02 5.614523641405103e-01;

6.821537338724872e-01 -3.935655034701126e-02;
-1.698673916708897e-01 9.989547733767691e-02;
1.976080118882206e-01 -3.689013724771001e-02;
-6.431125013379730e-01 2.246736692701690e-01;
-3.125800044561650e-01 4.431665119161942e-01;
-6.567920814774299e-02 5.614523641405103e-01;

5.377143290361786e-01 -3.011341724882454e-01;
-7.491881363439962e-02 2.658149287050291e-01;
4.043174793684635e-02 2.311651538500371e-01;
-5.570603511573495e-01 4.114248073706986e-02;
-3.125800044561650e-01 4.431665119161942e-01;
-6.567920814774299e-02 5.614523641405103e-01;

5.879676620524248e-01 4.579556247258894e-01;
1.056862812101417e-01 -2.671809918099509e-01;
1.849404776955536e-01 -6.126118704304790e-01;
-4.351192180911593e-01 -4.773372217465038e-01;
-3.125800044561650e-01 4.431665119161942e-01;
-6.567920814774299e-02 5.614523641405103e-01;

4.845396738325485e-01 1.487519175817691e-01;
2.937434217570130e-01 3.476696975128370e-02;
1.512768774351651e-01 -5.450499096486812e-01;
1.344841645265285e-01 -4.157025941664595e-01;
-3.125800044561650e-01 4.431665119161942e-01;
-6.567920814774299e-02 5.614523641405103e-01;

2.657312515349590e-01 6.977592676771596e-02;
5.459486260619236e-01 6.317293614376009e-02;
1.741850524239409e-01 -4.963085842357604e-01;
4.210831154366563e-01 -7.071739016038856e-01;
-3.125800044561650e-01 4.431665119161942e-01;
-6.567920814774299e-02 5.614523641405103e-01;

1.382712072342018e+00 -2.453881586128887e-02;
-7.744259859307230e-01 4.616648004574728e-01;
-1.111227345708591e+00 -1.128724187808351e+00;
-2.279978972242490e-01 -2.662335877528823e-01;
-3.125800044561650e-01 4.431665119161942e-01;
-6.567920814774299e-02 5.614523641405103e-01;

2.742428504086999e-01 2.361527072068165e-01;
4.701623879399599e-01 -1.675628275339680e-01;
2.408366972401783e-01 -9.784182857047650e-01;
6.685102269700797e-01 -9.766177440449673e-01;
-3.125800044561650e-01 4.431665119161942e-01;
-6.567920814774299e-02 5.614523641405103e-01;

4.758028494018742e-02 7.013342812767404e-02;
7.877549345137393e-01 -3.513064274001492e-02;
4.295094136074734e-01 -7.008076937665241e-01;
9.454913994994718e-01 -9.224648819951128e-01;
-3.125800044561650e-01 4.431665119161942e-01;
-6.567920814774299e-02 5.614523641405103e-01;

8.611946082488975e-01 -8.132734369703769e-01;
7.967203943170073e-04 1.327490144264047e+00;
-1.584878246116921e+00 2.087625362808859e-01;
-2.158833844001263e-02 -4.850039515959842e-01;
-3.125800044561650e-01 4.431665119161942e-01;
-6.567920814774299e-02 5.614523641405103e-01;

7.803315738876296e-01 1.058714324163033e-01;
3.726276584610422e-03 2.347924283452454e-01;
-1.032812812428141e-01 -2.303232497611270e-02;
-7.266763423730176e-01 1.242358816280544e-01;
-3.125800044561650e-01 4.431665119161942e-01;
-6.567920814774299e-02 5.614523641405103e-01;

7.522035489941571e-01 -2.839351596188241e-02;
5.042644142442721e-02 3.903904116224182e-01;
-3.040914981668223e-01 7.383428204928674e-02;
-6.526250695816106e-01 7.148464959433087e-03;
-3.125800044561650e-01 4.431665119161942e-01;
-6.567920814774299e-02 5.614523641405103e-01;

5.055749798236261e-01 -1.116831496033240e+00;
3.885890821950462e-01 5.358032419362869e-01;
-1.026090026149375e-02 -2.606101046160462e-01;
1.645849023847984e+00 -2.042412163746875e-01;
-6.184648279113872e-01 2.369045182472530e-01;
4.706738930355946e-01 3.085917155587732e-01;

6.689980666943053e-01 6.169446658295060e-01;
4.652983918961344e-01 1.650891816294315e-01;
1.283768147881229e-01 -6.956635173613760e-01;
-7.387115359198014e-02 -7.199369210455601e-02;
-6.184648279113872e-01 2.369045182472530e-01;
4.706738930355946e-01 3.085917155587732e-01;

2.182230777037092e+00 2.369590135262946e+00;
2.627186883429611e-01 -2.957059157684067e-01;
-5.668596629657553e-02 -1.273897934878428e+00;
-1.835312511132148e+00 1.396627068413878e+00;
-6.184648279113872e-01 2.369045182472530e-01;
4.706738930355946e-01 3.085917155587732e-01;

6.717634874433015e-01 4.970112532363196e-01;
3.678541624233959e-01 2.429787222512814e-01;
-2.573289167957458e-01 -1.273993111216235e+00;
5.638660322049620e-01 -6.479973989488600e-01;
-6.184648279113872e-01 2.369045182472530e-01;
4.706738930355946e-01 3.085917155587732e-01;

2.384429470169612e-01 6.354717152529928e-01;
4.534734386825054e-01 1.925286693175430e-01;
1.985873306645673e-01 -1.358416064763079e+00;
6.399336224216738e-01 -7.562083081454333e-01;
-6.184648279113872e-01 2.369045182472530e-01;
4.706738930355946e-01 3.085917155587732e-01;

-1.663293780553447e-01 -1.639893094129465e+00;
6.497275308187986e-01 6.576987142230907e-01;
3.160126581017724e-01 9.942591035699226e-01;
1.133480363820314e+00 -3.001545834676421e-01;
-6.184648279113872e-01 2.369045182472530e-01;
4.706738930355946e-01 3.085917155587732e-01;

3.810279014809801e+00 8.522086713008211e-01;
-1.976974786052446e-01 1.606151654917159e-01;
-2.287463369753946e+00 -1.225605023972604e+00;
-7.301679667649402e-01 1.225261808980756e+00;
-6.184648279113872e-01 2.369045182472530e-01;
4.706738930355946e-01 3.085917155587732e-01;

1.113881730194896e+00 8.908718573692980e-01;
4.958141815497238e-01 1.455728975203123e-01;
-3.924070553844772e-01 -7.793396034322714e-02;
-1.255433315531717e+00 1.300118185901115e-01;
-6.184648279113872e-01 2.369045182472530e-01;
4.706738930355946e-01 3.085917155587732e-01;

7.071858118276929e-01 2.715710929610274e+00;
5.969775926340410e-01 -3.245927976240627e-01;
6.858177279100136e-01 -1.171887021623396e+00;
-2.078449686427045e+00 3.084983490064590e-01;
-6.184648279113872e-01 2.369045182472530e-01;
4.706738930355946e-01 3.085917155587732e-01;

-6.344925054024180e-01 1.001014270106029e-01;
-5.449760963940034e-01 1.777507497129902e+00;
4.713539356205239e-01 -6.250187624477560e-01;
-2.517398516456828e-01 4.620994657140055e-01;
-6.184648279113872e-01 2.369045182472530e-01;
4.706738930355946e-01 3.085917155587732e-01;

3.239815120460888e-01 5.836643440368319e-02;
-8.097915183651563e-02 2.660058381279833e-01;
2.155089732138172e-01 -5.409242826266253e-01;
-9.250050217995856e-02 -2.360848305324500e-01;
-6.184648279113872e-01 2.369045182472530e-01;
4.706738930355946e-01 3.085917155587732e-01;

3.994538886565583e-01 9.032481946112555e-03;
-1.159533350752622e-01 1.215813984272607e-01;
1.988614521452404e-01 -5.218586961188884e-01;
-1.131083120273906e-01 -3.001550090865296e-01;
-6.184648279113872e-01 2.369045182472530e-01;
4.706738930355946e-01 3.085917155587732e-01;

-9.720519149616802e-02 7.513915173332117e-01;
7.142499270090599e-01 9.064550242039122e-01;
3.432122902383590e-01 -1.341276242798932e+00;
8.986102312612015e-01 -3.196165989548179e-01;
-6.184648279113872e-01 2.369045182472530e-01;
4.706738930355946e-01 3.085917155587732e-01;

3.134015462039833e-01 3.085086425007077e-01;
1.652988711884621e-01 8.862626463277969e-02;
1.188727376685765e-01 -1.129022048021908e+00;
4.599352779115767e-01 -7.699289288787987e-01;
-6.184648279113872e-01 2.369045182472530e-01;
4.706738930355946e-01 3.085917155587732e-01;

2.344580099006771e-01 -1.457119397285677e-01;
-5.852567046351421e-01 4.356843464038600e-02;
1.439588285018111e-01 -8.946037186490101e-01;
-1.644735151268163e-02 -7.119105627438521e-01;
-6.184648279113872e-01 2.369045182472530e-01;
4.706738930355946e-01 3.085917155587732e-01;

-1.529957269013920e-01 7.135486695643442e-02;
-5.231227278848231e-01 9.030400635754905e-01;
9.760656462300257e-02 -8.069960329257664e-01;
-2.253032855629582e-01 -3.320384881339551e-01;
-6.184648279113872e-01 2.369045182472530e-01;
4.706738930355946e-01 3.085917155587732e-01;

3.627936844555024e-01 -9.490679190911427e-02;
-2.561127810274491e-01 3.438889846155618e-01;
1.993772710356182e-01 -1.648942727452210e-01;
-5.028897841748236e-01 2.266669979671434e-02;
-6.184648279113872e-01 2.369045182472530e-01;
4.706738930355946e-01 3.085917155587732e-01;

2.879405136058941e-01 2.538524010778021e-01;
-2.513692873380316e-02 6.800316610107653e-01;
-2.001867759896338e-01 -3.180615593575519e-01;
-6.138231678884135e-01 -2.522625960569843e-01;
-6.184648279113872e-01 2.369045182472530e-01;
4.706738930355946e-01 3.085917155587732e-01;

6.600649343079190e-02 -5.490026160522047e-01;
3.855497532084171e-02 1.105902213558287e+00;
1.814845040925744e-01 -4.363155625715708e-01;
8.592486194460089e-01 1.581655769437384e-01;
-6.184648279113872e-01 2.369045182472530e-01;
4.706738930355946e-01 3.085917155587732e-01;

4.586228183081970e-01 3.296660450941353e-01;
1.742531817911513e-01 2.429637813794353e-01;
1.820895139800539e-01 -6.157202034962906e-01;
-9.094603707135503e-02 -1.599166307226722e-01;
-6.184648279113872e-01 2.369045182472530e-01;
4.706738930355946e-01 3.085917155587732e-01;

8.011926670203636e-01 3.827453847375307e-01;
-6.023627290054128e-02 3.315237889120879e-02;
1.279402169839280e-01 -6.509892842846638e-01;
-3.729909313016451e-01 6.529797533111682e-02;
-6.184648279113872e-01 2.369045182472530e-01;
4.706738930355946e-01 3.085917155587732e-01;

3.569719710774535e-01 4.887410491628758e-01;
4.071410470647444e-01 5.313068284417246e-01;
-2.879669979900161e-02 -1.219477854376360e+00;
6.430425545981276e-01 -4.837763572479683e-01;
-6.184648279113872e-01 2.369045182472530e-01;
4.706738930355946e-01 3.085917155587732e-01;

-6.753037970579975e-02 9.800049468129630e-01;
7.321783775166067e-01 5.077943342647457e-01;
4.459385930476299e-01 -1.582246927986724e+00;
8.477724167276783e-01 -6.209557341331212e-01;
-6.184648279113872e-01 2.369045182472530e-01;
4.706738930355946e-01 3.085917155587732e-01;

7.632058838373420e-01 -1.059482345576617e+00;
-2.867631341416613e-01 9.362324989478890e-01;
-6.857182848606443e-01 9.887415836095080e-02;
3.388293108198438e-01 4.212295262763633e-02;
-6.184648279113872e-01 2.369045182472530e-01;
4.706738930355946e-01 3.085917155587732e-01;

1.393613878471281e+00 -7.544185197732480e-01;
-6.175925182414319e-01 5.641279312579555e-01;
-8.190448962113126e-01 -2.928067566053392e-01;
3.260108789784305e-02 3.300538409223949e-01;
-6.184648279113872e-01 2.369045182472530e-01;
4.706738930355946e-01 3.085917155587732e-01;

7.023021080600050e-01 -1.079829675726276e-01;
-1.820651499659320e-01 1.439698330117281e-01;
1.255965734895426e-01 -1.844876428496096e-02;
-5.974394412726772e-01 2.083839369815892e-01;
-6.184648279113872e-01 2.369045182472530e-01;
4.706738930355946e-01 3.085917155587732e-01;

1.792965444543482e+00 -7.486897865865386e-01;
-8.729600178410967e-01 5.644420353072157e-01;
-1.025992245912472e+00 -6.526371945669543e-01;
1.885689492707556e-01 5.514034228514846e-01;
-6.184648279113872e-01 2.369045182472530e-01;
4.706738930355946e-01 3.085917155587732e-01;

5.311662756330120e-01 -6.859068380125564e-01;
4.556117786864687e-01 9.323425400314547e-01;
7.049190582746652e-03 -4.159945897789694e-01;
1.433084373579361e+00 2.709455729859377e-01;
-6.184648279113872e-01 2.369045182472530e-01;
4.706738930355946e-01 3.085917155587732e-01;

6.487949712731661e-01 1.771393929590955e-01;
1.122417839104144e-01 4.623349453510898e-02;
1.290236399212439e-01 -5.765791104118830e-01;
-3.132119859094137e-02 -1.742378099679794e-01;
-6.184648279113872e-01 2.369045182472530e-01;
4.706738930355946e-01 3.085917155587732e-01;

8.260306140490862e-01 2.310736416106557e-01;
-8.950393566354291e-02 3.387574437083338e-02;
1.088254415056780e-01 -6.144161485196730e-01;
-2.474407866377692e-01 6.921654834104671e-02;
-6.184648279113872e-01 2.369045182472530e-01;
4.706738930355946e-01 3.085917155587732e-01;

7.760761906727724e-01 3.470754784336033e-02;
-6.929640784817845e-02 2.166168701291128e-01;
-4.046744765606903e-01 -9.525637540094667e-01;
2.982622968174157e-01 -5.791586442072962e-01;
-6.184648279113872e-01 2.369045182472530e-01;
4.706738930355946e-01 3.085917155587732e-01;

5.392798687610286e-01 2.613657950044762e-01;
1.473940113191510e-01 -1.213317570342983e-01;
-4.739827481915421e-02 -1.112898114711533e+00;
4.167683529109164e-01 -8.863604901008626e-01;
-6.184648279113872e-01 2.369045182472530e-01;
4.706738930355946e-01 3.085917155587732e-01;

1.850386918029912e+00 -7.836303006508959e-01;
-1.112796240822913e+00 1.499871446719481e+00;
-1.941526587272573e+00 -4.615031014666041e-01;
-3.290514474971572e-01 6.236573179604198e-01;
-6.184648279113872e-01 2.369045182472530e-01;
4.706738930355946e-01 3.085917155587732e-01;

1.241584479157158e+00 -1.803120562844000e-01;
-5.117408252461846e-01 6.188918492951029e-01;
-7.350818543260859e-01 -6.387848029899706e-01;
-1.911121094463886e-01 2.412600461204943e-01;
-6.184648279113872e-01 2.369045182472530e-01;
4.706738930355946e-01 3.085917155587732e-01;

7.817944453168550e-01 1.661552060485983e-01;
-4.065738417677686e-03 1.638067290118103e-01;
-8.753546629172188e-03 -4.890926239808228e-02;
-7.680171053807768e-01 1.689531728826331e-01;
-6.184648279113872e-01 2.369045182472530e-01;
4.706738930355946e-01 3.085917155587732e-01;

1.189111896874506e+00 -1.055088602834253e-01;
-4.573517287263631e-01 5.253466092791539e-01;
-5.965620443749178e-01 -5.852534264927141e-01;
-2.817528570970846e-01 2.585639388744140e-01;
-6.184648279113872e-01 2.369045182472530e-01;
4.706738930355946e-01 3.085917155587732e-01;

1.298403606442365e+00 1.738438610816709e+00;
2.616954004426719e-01 1.484658019151383e-02;
-7.650907762437386e-01 -2.009878217125115e+00;
-4.382266711461666e-01 -6.724194843033339e-01;
-4.378187840903248e-01 2.186832147681237e+00;
-2.370817841644809e+00 -1.045119463895314e+00;

5.888311849679897e-01 8.902599623756557e-01;
4.799451966254755e-01 1.783349672973416e-01;
-2.712961195430988e-01 -8.808318491562123e-01;
-3.498115230931235e-01 -6.643858515256703e-01;
-4.378187840903248e-01 2.186832147681237e+00;
-2.370817841644809e+00 -1.045119463895314e+00;

-6.888833812144777e-01 2.319716715556503e-01;
8.238345504270761e-01 2.641375855284346e-01;
8.895496438564120e-01 2.227251895305725e-01;
-2.398434825449145e-01 -6.993438021722486e-01;
-4.378187840903248e-01 2.186832147681237e+00;
-2.370817841644809e+00 -1.045119463895314e+00;

1.781718715617510e-01 4.202028481252899e-01;
4.566770048314531e-01 2.597202154442870e-01;
6.378147013109121e-02 -1.268261148186675e+00;
7.806869445168184e-01 -9.354729816423363e-01;
-4.378187840903248e-01 2.186832147681237e+00;
-2.370817841644809e+00 -1.045119463895314e+00;

-4.438292175793720e-01 5.881580583546673e-01;
4.299483351594236e-01 2.336984645781659e-01;
4.271115564120346e-01 -2.391087141945883e+00;
1.887211258531038e+00 -1.708326816846854e+00;
-4.378187840903248e-01 2.186832147681237e+00;
-2.370817841644809e+00 -1.045119463895314e+00;

7.662182926622439e-01 -3.200645049161030e-02;
4.965611983419124e-01 2.756587769374954e-01;
1.708347956111350e-01 8.632685676747959e-02;
-5.699501649580355e-02 3.734659898725035e-01;
-4.378187840903248e-01 2.186832147681237e+00;
-2.370817841644809e+00 -1.045119463895314e+00;

-2.490395943030950e-01 7.793426222244476e-01;
5.360126700335477e-01 1.972367723918004e-01;
3.044649052262838e-01 -1.534394644083584e+00;
6.979168914778794e-01 -1.329167761969077e+00;
-4.378187840903248e-01 2.186832147681237e+00;
-2.370817841644809e+00 -1.045119463895314e+00;

2.340717863916737e-01 9.925937432456071e-01;
4.756378695895415e-01 2.035691493172924e-01;
-3.466120527659984e-01 -1.446840644655934e+00;
1.064252412447420e-01 -1.378174103224782e+00;
-4.378187840903248e-01 2.186832147681237e+00;
-2.370817841644809e+00 -1.045119463895314e+00;

6.065972334633268e-01 -4.199562270463027e-01;
5.191890371182348e-01 3.657554731186484e-01;
1.756740018401425e-01 2.937864186138873e-01;
2.297297798662124e-01 2.590478797340700e-01;
-4.378187840903248e-01 2.186832147681237e+00;
-2.370817841644809e+00 -1.045119463895314e+00;

-8.009507938722996e-02 1.756219426569112e-01;
-3.235394500030445e-01 7.872899171309452e-01;
8.694133163646058e-02 -9.161190787734904e-01;
-4.314452651208489e-02 -4.356742176667227e-01;
-4.378187840903248e-01 2.186832147681237e+00;
-2.370817841644809e+00 -1.045119463895314e+00;

4.067910199961515e-01 6.070225707356371e-02;
-1.408122791239241e-01 1.853498910764416e-01;
2.138508894944983e-02 -5.062139026638107e-01;
-2.716962973756044e-01 -4.163743355358482e-01;
-4.378187840903248e-01 2.186832147681237e+00;
-2.370817841644809e+00 -1.045119463895314e+00;

3.206659257103361e-01 3.834427878675675e-02;
-2.195413471885745e-01 2.648535197078384e-01;
6.573696039090778e-02 -5.652431372331324e-01;
-2.341449758213864e-01 -4.004298724710109e-01;
-4.378187840903248e-01 2.186832147681237e+00;
-2.370817841644809e+00 -1.045119463895314e+00;

2.052585713219069e-01 4.388380481182969e-01;
1.958259933494632e-01 3.120004523792694e-01;
-1.607181134709319e-02 -1.234429576874158e+00;
4.321891496553963e-01 -8.634806651048247e-01;
-4.378187840903248e-01 2.186832147681237e+00;
-2.370817841644809e+00 -1.045119463895314e+00;

2.724175527900303e-01 2.030259032465613e-01;
9.550321851915831e-02 2.067285873858162e-01;
2.655360720851430e-01 -9.030628555946096e-01;
3.280303225993610e-01 -4.487199944330819e-01;
-4.378187840903248e-01 2.186832147681237e+00;
-2.370817841644809e+00 -1.045119463895314e+00;

4.955696083290768e-01 2.626571097742486e-02;
7.229455604865796e-02 3.949191513455866e-02;
3.063709183798325e-01 -3.998173726791310e-01;
-5.129967581126427e-02 -1.283576318067787e-01;
-4.378187840903248e-01 2.186832147681237e+00;
-2.370817841644809e+00 -1.045119463895314e+00;

-1.183130188361341e-01 7.734740378968893e-01;
7.509177340170801e-01 9.479812799762496e-01;
3.683997893735083e-01 -1.348935868800176e+00;
9.316038187146988e-01 -2.816209865476478e-01;
-4.378187840903248e-01 2.186832147681237e+00;
-2.370817841644809e+00 -1.045119463895314e+00;

4.748713648646242e-01 -2.399820308309542e-01;
-4.783413124843136e-01 3.458170267637104e-01;
8.521853241544251e-03 2.275562196981250e-01;
-1.058857692969198e+00 1.082738468440195e-01;
-4.378187840903248e-01 2.186832147681237e+00;
-2.370817841644809e+00 -1.045119463895314e+00;

3.628189913531702e-01 1.671657126464761e-01;
4.616362647015398e-03 4.409649693517693e-01;
-1.272772320294640e-02 -3.535593518493002e-01;
-4.034874957995216e-01 -2.118823408363956e-01;
-4.378187840903248e-01 2.186832147681237e+00;
-2.370817841644809e+00 -1.045119463895314e+00;

2.257905540510424e+00 3.032359244236597e-01;
-4.809617672310308e-01 -2.901624192621589e-01;
-1.460501054460348e+00 -1.095714461707409e+00;
-5.441065123614277e-01 -3.058350254471539e-01;
-4.378187840903248e-01 2.186832147681237e+00;
-2.370817841644809e+00 -1.045119463895314e+00;

8.163989541518749e-01 4.975324912113429e-01;
2.326895461956830e-01 -4.289123421441726e-02;
-2.910865948935697e-01 -6.275343320133490e-01;
-4.085072738198631e-01 -5.384241995069620e-01;
-4.378187840903248e-01 2.186832147681237e+00;
-2.370817841644809e+00 -1.045119463895314e+00;

-7.461021458972933e-01 -8.824311624040646e-02;
8.198772474312360e-01 5.942821185685796e-01;
6.369198184731497e-01 4.802336853300255e-01;
-1.452392431171082e-01 -6.999482894377477e-01;
-4.378187840903248e-01 2.186832147681237e+00;
-2.370817841644809e+00 -1.045119463895314e+00;

2.149900823713596e-01 3.907004049142516e-01;
4.205219415116500e-01 6.397725608505344e-01;
7.720807153834811e-02 -1.144537052824241e+00;
7.353319238480251e-01 -4.268335131258534e-01;
-4.378187840903248e-01 2.186832147681237e+00;
-2.370817841644809e+00 -1.045119463895314e+00;

6.056758494887600e-01 4.532412616365942e-02;
-5.529466325066636e-02 1.867320444502145e-01;
1.577406431089464e-01 -2.330958636216378e-01;
-4.072374355852803e-01 8.529256669790809e-02;
-4.378187840903248e-01 2.186832147681237e+00;
-2.370817841644809e+00 -1.045119463895314e+00;

5.585110701019207e-01 1.213840645114047e-01;
4.528467860200672e-02 2.377057293670267e-01;
9.950137373160524e-02 -3.789345071413848e-01;
-2.447176636772910e-01 -5.530020423908039e-02;
-4.378187840903248e-01 2.186832147681237e+00;
-2.370817841644809e+00 -1.045119463895314e+00;

-1.645411577788313e-01 7.616109695512115e-01;
7.558335558981532e-01 6.632181717809317e-01;
3.658304836881872e-01 -1.420435914494369e+00;
9.615496685227158e-01 -6.719214434007754e-01;
-4.378187840903248e-01 2.186832147681237e+00;
-2.370817841644809e+00 -1.045119463895314e+00;

-2.383775148517362e+00 1.602001581242560e-01;
5.454421875871837e-01 2.312136348798643e+00;
3.380737923964025e+00 -1.798521499353085e+00;
3.044021674472634e+00 1.526694050398772e+00;
-4.378187840903248e-01 2.186832147681237e+00;
-2.370817841644809e+00 -1.045119463895314e+00;

3.650321684621185e-01 -2.463576668436677e-02;
1.402259257027867e-01 3.620288745900522e-01;
1.128340283886921e-01 -1.935080688595270e-01;
-1.732302991096021e-01 -1.512563653825506e-01;
-4.378187840903248e-01 2.186832147681237e+00;
-2.370817841644809e+00 -1.045119463895314e+00;

1.108122557777909e+00 1.075249035039949e-01;
-4.641458857613857e-01 2.519673351664927e-01;
-7.048928706055306e-01 -9.191015593152198e-01;
-2.888313741813447e-01 -3.416860804593487e-01;
-4.378187840903248e-01 2.186832147681237e+00;
-2.370817841644809e+00 -1.045119463895314e+00;

6.831045206498095e-01 2.404605080480818e-01;
2.889834936553919e-02 1.430632183959358e-02;
-1.615847025991951e-01 -5.300540146451665e-01;
-3.608551681905566e-01 -4.636625713808543e-01;
-4.378187840903248e-01 2.186832147681237e+00;
-2.370817841644809e+00 -1.045119463895314e+00;

1.321613227153264e+00 1.408529224791499e+00;
-9.564268035980031e-01 -1.291863457329502e+00;
6.607920988151768e-01 -2.350467018959034e+00;
-6.762505034971594e-01 -1.811227447713502e-01;
-4.378187840903248e-01 2.186832147681237e+00;
-2.370817841644809e+00 -1.045119463895314e+00;

1.037912558094125e-01 4.811214671331696e-01;
5.220677542289327e-01 -5.154901084356170e-01;
3.372645825447176e-02 -1.520077856766027e+00;
8.620222484866177e-01 -1.972902315172707e+00;
-4.378187840903248e-01 2.186832147681237e+00;
-2.370817841644809e+00 -1.045119463895314e+00;

7.750780969303270e-01 2.527209912868715e-01;
-6.754221738801083e-02 7.692554097974068e-02;
-3.334207164289105e-01 -1.920452400976086e-01;
-9.121731888123716e-01 -3.397788180385886e-01;
-4.378187840903248e-01 2.186832147681237e+00;
-2.370817841644809e+00 -1.045119463895314e+00;

6.169050086967823e-01 4.882482437576821e-02;
2.061969004943124e-01 2.095620530149614e-01;
1.670530612343357e-01 -2.231655725643872e-01;
-1.399093331581818e-01 7.706369544049484e-02;
-4.378187840903248e-01 2.186832147681237e+00;
-2.370817841644809e+00 -1.045119463895314e+00;

-4.071100343014277e-01 6.567847109709554e-01;
1.028792812446873e+00 -8.898941959784695e-01;
4.135649801706215e-01 -1.813687610701467e+00;
1.462596239387370e+00 -2.780584778628366e+00;
-4.378187840903248e-01 2.186832147681237e+00;
-2.370817841644809e+00 -1.045119463895314e+00;

7.662434706094342e-01 3.424685611966163e-01;
-1.315906560081996e-01 -1.465792723937790e-02;
-6.674867002681952e-01 -3.476577112419447e-01;
-1.050936009267921e+00 -8.711555678438160e-01;
-4.378187840903248e-01 2.186832147681237e+00;
-2.370817841644809e+00 -1.045119463895314e+00;

5.643954290413493e-01 -1.555115327022081e-01;
3.157888754903042e-01 4.470969926431634e-01;
3.492630767802833e-02 4.711394411907181e-02;
-7.590437945851505e-02 1.283238400029363e-01;
-4.378187840903248e-01 2.186832147681237e+00;
-2.370817841644809e+00 -1.045119463895314e+00;

