13

0.7649811779308023930484244746982811828882858190768877799321757657480952589187624478995703451361644923589925693949363855239134142889749746473625758210748062527375879763817314009559880104235232066410189334317060697469506651763060531603488417615943121691036246873638230225519399587376261354810411129412717736280083e0 -0.3132091099322081172276712612681862590015781838460980750391970350601335040104334335339999120753553464916144903341598923675588398264495098956422481480748948372410525459389479649244546032878042601646866543829939432215520070956441717126766296582709426695644837121944404537627871777180195317966529495665975249005705e0
-0.9142295535370343317534418659974330582942234482978194333188071882955722488953346637228228409137360265567302477238041884898177413765028141773271541344561227120275436520688986135023022048699588622891638448621824732514481014775382070685570547550901331749397207698405143564047916363759436360901782876529055090286965e0 -0.5025196110761555188812793977604717689844198959578956590169295968509892396354655984354882743958125546024625251438251066272632447488795479382059393979094359077215128444482907671317497125139991421954286698787968216267630398295972059455191096574916150122854316110512615719103579765331696638547021401658391274899722e0
-0.7778545045322443602317658361543335217950401222882426750877736120476749113034259991294696628455650375689974971818669411773180218606485105413300251068780948129906045362329300889718223509417064925064794515957409707731123897602703973257684718758460393181342371493349342761890968972640847918721718245321810727278369e0 0.3750355698361508409782495227574736815034852227309193663086437424423047630850347353195047829385259279151624559238889033355364617432170635208842199862985571718075681380529896217025202596666452120041145907636480462581279534510761594306545600328541531069226818427987806474201457834541765724401854942549967477269580e0
0.8456661425528260076342128706496892412475452214453744184267639510985857764770956424244246648080117282339048674518377912609555933486275799182132327276739926440963806410882868735834458161169107291043162330332462733104223262675560584405317805438057765469232973998346497779835053052802845275143035698283747069058690e0 -0.5135806408311622851431826541702584248733916965907340612425642572107374008104985164137566990986538489586220617665604268766525636610529065337394043997625372235205384410895975262141235084136168767987521198108137601603460806675870403048014664688326159866549286938378724797995018289188018656688467529648830044353880e0
-0.4051232029521676438216327339415690368432929310487281455023660459849701934669869566051674215210910716391073899152484865144688485211767012869988166789534043335400262439095963611750025969887345284133043661615838390157703267313387489491390993301589994337447903521467596436974094703004772513818325681420326946658556e0 0.8827109496702888963227551138354934302510087460819440638466437397776400013240951693368029445408424208043307613760703844942689581105917129789204797654035351890022238261477797772668894951386913050931010283245400426821615936812106993785472070334117701746051759372944772323107045918866539240428007807322751224211772e0
-0.7680263348787528584833095129358288436078402422362861869902606434799921956989267354257306857215818679284090047815185468423005122881724531340815603128434063794307076505727021093944829301910786235275668106277955824045907720594889573661475273324940767804315707001437782675251736412981549717623459928345581681874666e0 -0.5279162691404482068398704494227692073115984559544145355157795503690453337392068852821466434449545829696382481145992562392260152467810103300393562624893899346984679412802711093161582137016052655524608879910556476902452524273013474820032243526455377623210706354139664735149087455713284866968802025117559040885522e0
-0.5328219630349990696228761998691849134407189391445281258080397855842820121005646763005490150009375317513558552526240731016647668586617024572490389985408923231648053111000169199113323755542886927655999729392673703482965175237636144285803206070037837157658427803170062865812401540001230558409678552215921240406214e0 0.6031272623026470627956501546366592609292688466345117159512607795010243302311121247523651669534264692877265045914686154223223329147419799345951450857678763138401341983818762798443610128412718215449697044564068050164181395279976464280668563097520311775590635812380192806704119244848348876713039606003712936800727e0
0.7950133696030082773785717601168447910896323688048533497589811377603100488556454591003833112066362961557287286749785253776707063323882316575154450479704132767483881035417973679049088680165702575353355160363963683664028408925089576837117094519359128227308247199197700218216940675186518534645088241631194985857347e0 0.8052033793037694719967519212082993138291552400370084474009071033566463958893439156104027542113757158919696881845890962194393848849270217682902681177801841706877781718228430489268579555096299756390053502193818872132766100640253362622718993041539863713153774128276507768583858070633381512099099890822457719853524e0
0 0
0 0
0 0
0 0
0 0

