3                                                

-7.352925166447623e-02 -3.835101433856066e-03
1.934282828129659e-01 6.211609237443680e-02
4.430491642588381e-01 -6.867353455739675e-01
3.502686660769210e-01 6.963112837897477e-01
1.034958811925434e+13 2.048414856871783e+13
-4.349229071376018e+14 1.369804919988530e+14
1.587977897954993e+14 4.301656574780608e+14
-7.199296129460161e+13 1.242538741560918e+14
1.712244477006101e-15 -2.570807341976652e-15
6.162204863068584e-16 -1.574601652520709e-15
-2.151440382415134e-15 4.314622500232346e-15
5.664502670407123e-02 -3.817963660271254e-02
1.000000000000000e+00 0.000000000000000e+00
-1.000916373799635e-01 -8.993162379020149e-01
7.141596119617317e-02 -5.451370761606663e-01

-3.314763067588761e-01 -9.902549242195152e-01
3.690792805537426e-01 5.789124149637207e-02
1.192472707825432e+00 6.607779320292179e-02
-4.026676067943255e-01 9.437740665575435e-01
1.604745612987890e+15 -8.908419153662886e+14
-7.954133900575169e+13 7.586560170223625e+14
4.663072622430682e+14 2.035856309305724e+15
-1.678860378422605e+15 -3.219949651702382e+14
6.128711435642497e-17 9.493994732521247e-16
3.772479401234496e-16 1.083801297945822e-15
-1.416485951734824e-15 -7.601584645375715e-16
7.135247288401532e-02 -2.085216910840451e-01
-5.680877857151952e-01 -1.327809560870906e-01
7.038164910550003e-01 -6.267639773686120e-01
1.000000000000000e+00 0.000000000000000e+00

4.293019655425845e-01 4.839311364685506e-01
-2.544428934223419e-01 2.881953222319004e-02
1.206514250268595e-01 -2.291325703164621e-01
7.011942698801500e-01 -3.980045261901324e-01
-8.769267840665653e+13 4.496473264665367e+12
2.543895803072521e+12 -4.912970727846997e+12
5.779070585047408e+12 -2.004704367758115e+11
4.647051633657945e+12 8.778994393502334e+13
3.229841489835067e-15 2.118414248154097e-16
-5.837241525174476e-16 3.856948337705770e-15
-3.028710091195986e-15 -1.535168794036329e-17
-1.503581056305275e-02 9.998323294899685e-01
-1.175912853218409e-01 -4.576458196717782e-02
-1.604455291448659e-01 -9.306473702018860e-02
1.000000000000000e+00 0.000000000000000e+00

