13

-0.2960204351194436713031214931323265607562096315662626015446859177496031583676274164038230107734159400344694613628873158255256406935746827955141128205231111874566986873873651934183462786545056755597056493183638252201561967569729741345321819381193241042121727853560979696792604480589501897087743193071850595359994e0 -0.8959657161186432626112078792624442590880546441911511745360468454297087070995229375574635505122166191328030607119433884673465461826282879294362698360125580048406949045113411374077716983924567641450121251113094786446925515715849456033993364718427585656851241193600921264000070457445367647574095633045988952488119e0
-0.1678746260026531474662705580646693616022402085139506481150177092164327778659841778821526816213861347219078363290077586329077854789520027948821701642407447319315866923599436199511523404879637201664094219912707892259044250537966168806486073073524834261958717516998362857274843552192280085052116330342648524650598e0 -0.8196608191833447585710583361291249477669784851830118357601405193627785043200478646944807794353796523401105118517498304409281064394256795067488863548875951458339352077044915220888418885109131049775381316553352897945653307959274448362658846778117421863886511146315687922335442576534689846654929325996777378811310e0
-0.4776909049424990145685750488672669630776525359427633218419252114330021718766138039590521122509279334654925428724785881132110044572422457307851656494070261752958148583526712033792070058276083815003445408296765780994156420671895252705439162020673806693879883266494726872960556130338398143225906855843861904597096e0 0.6662938881761880578458273601231339090645026475065458975475983117152685168518681543223802368922477104835607808050730739595660229919204607287341041551079002315660981324308349419333821543295570662419058144873963579562946802770221531952107805473297022189893749267690728875946206336896655134527883705957704029407521e0
0.7897780157050552325267385195858272924603140529940942351541406923034664314561307631804404610480854759008108067020755418401620781099251920156389634776551105532631141815113998754978032695933042964044932674957495871552728672888041024448799251409177249713372640728033064488580109166196770729308254595708892666664901e0 0.8444604507705712559800012476683224946010483448219859677376443463936903200266043952108080917593212926442501475766050429981920689624582351475388028243288442100209245554053009629170451051546446494520567956640666386638931671349722868519203928358700928586122858361817147007754330272933546987759613197926080146003713e0
0.8969544415877088004536531849969317099406952041633773705473518608091507496646690305267639098811090468256383980331759114133461093069337971331385057213120489261740472998325491541498173761487890342729273813464465684986505358600793546176488554862135699477493328425598710891759128929384872714665012334926035772973282e0 0.4544105276637260947144992458472570408384582191980050797105891061087422583624564079834992677824393356956051263569396296791240087776739240909292551920954865026219328242105752269336410995846384103328094356124285332678024821945745280488346134098413702550993935716715797219481587286330329026254090956818610748036701e0
-0.9025446235007652284529337052532572097764206594581640447444643663951160426927987307134834004788676250073970816327815076997896583194528114873487198712569382204823256126255821299327307695753172172453477569082084464474117369783613865676853224620088874543974945928019981040563879142066759078836684732515715079854618e0 0.3674258245769607659391098443580839498572277999093089990167810398823317827427208225515122939576567723139441252665661689733210986611461401565301273190724578757827249854579785562300087311327916981163866505816133283825470381648404685653331866311028983420342096467814286279775882710693105720687153265706761260060928e0
0.5719638474813422504524328943716592676196586246593709555239844882313049265395062718049017105777201374168190779643980586523388346548534084716050640097734762829640008165732960765381191527179515486512680137206753627196647299352464661221102433097056036725167143333756976208340787959718510741239446094984745418462357e0 -0.7956535267639229014559890797935683694372833523482786249561183737890093669988111887403786574475841383648599371993194315264702683568648289373240760441799797768288585849599569708155720110584439960272646613043922396377201824164287677633882681360007850872555341038669106269093123452541681748255053152617377689590265e0
0.7556744267685637185910194197527365108017040162127852807357886341185399696849950698384868958193807836072076514497132197724379605065984575182041872066864516421040707119968431259591660413156704258203326412574751213554215984550835239849266195159944430662712692026643877117514077904747841093662745965019574105900378e0 -0.2498245976402636713314289803339089881361998878095485730528175796468237263212540616242413445121007227346386970210720836459753778393842025538521935331672847432845986386233015621793993199090348876885805531848430360022916948279135614061348537098953942275182528301204291932952075181679371509767476204567240999594478e0
-0.2426725511923182647571132685796425804883619729371417702929349712172931485878339585089776501129712263833629325977689802892238191454710031061448762226320574801364591308428512837321039213324008284746196912931979188874826701153554854162315605893108842899037778878156649140109247851080430373008926210362546113539932e0 0.8418085629157693206577614501505269910566695282628200006639002710734884296834588513152505791180053033224371653326970840962889401559937298586987653887057766063294274235246772393791533325697430071961787347184377519989249747721069809938782279256930585253116494472476082641153180992097504312003479699157010985828322e0
0.4317484674051598853701593434973645963444014763125494561294036311443782200430657844006920919292127201941241465069923954817425640921151564236435287063706391263720171183735176177623439950754265621204009563964154419868898560521601442706623073707894425564910434554427426910539199308092801839349855242482922154529491e0 0.5078520563058004582831169035616334338518306625520770590140142422580669940628394583917079473578455624601711532178531714927152770047478722748847173187806288744044730194943227405183158373846392657205917324460618091131160634752700004294550805426989230948759870111637649319964480225799939177592747310401886932639867e0
0.7178577661277752470053200212828436219209520739203042652391935923201238171290428454824663075315279124826994535869600734154047556026450592249679095722533537834420140730535177828367358516615564320205751708169252792756174065876226495834250965108282442543476728759113661009018939702378337865488537314813202851575475e0 0.7299278598883523304200494017126835046763062661760415922299936277337718033194224635362164207883597782080232509368978220079380102630896621001275540138377025316765075938739977993694711884736969494954736940068945495977316482098887975662117486559768105501160060530634691922579476749551273504504823428060435050498571e0
0.3624194909647095074283676776594045481272669234297856568692963009418863172738859935059012799367235347747892389051625036173964362103758245271035498962443584259670817909798612226198344107159212452665084179715789992916328545300978592995020085795567697707919521853994507432809651522071185830642274860531136472158119e0 -0.9288175811735626820570578528594219267839733737110793984828633397456322869391998293970225691363357447923337207763848804842926791921024454520226127566709086940660093946936407533842463648701455192192411954052005879766839545585742342129124710424044014318109861904175286286140803376803417792727538753884835088748935e0
-0.4156157603667081611134583124255265065456618811135858735519266788786058429546226634695231280141085761769443023212486035316182427096322218656085411068419633467369177791545364013296538474051673521187556355170712526785796765925178419046673979788551733484155106370194013723870036949740303598565032325820371254077688e0 0.8794297755676720022079266128442159908222057920601723921863890599406933877996687494514436965482916909285368697885292336601383238940067506155987971478985297784733641661979799887070093234116085811254889713254523033474121083610568644061011141167385577203769451729390509371634332730840927348588733698009331727746306e0

