1.005722543011664083e+00,-1.467972722316515988e+00,-4.545650636655895194e-01
9.847488710439868953e-01,-1.459885191646056013e+00,4.251043120579872103e-01
9.423266218334426236e-01,-1.444387793707228917e+00,-3.042756225664902114e-01
9.306854483815980572e-01,-1.440332760050208050e+00,1.848773691844957934e-01
-4.157105643027781960e-01,-7.130063047760699657e-01,1.529592297448849891e-01
-4.163055448091980137e-01,-7.111362670143041020e-01,1.779091246678057014e-01
-4.151398651557626218e-01,-7.042964144518689684e-01,-2.265119080868439883e-01
-4.148397980035066213e-01,-6.896635138150931654e-01,-2.772573533173943172e-01
-4.819122968769419812e-01,-6.728003799849207045e-01,1.676939659730294907e-01
-4.753701710234992106e-01,-6.612384555748087589e-01,-2.561332055980410916e-01
-3.175969361134157176e-01,-6.516364011516008192e-01,1.690984055860837998e-01
-3.246610418195792214e-01,-6.405321030922861425e-01,-2.604006654281553201e-01
-4.100354458366862742e-01,-6.349116873468312328e-01,3.554452110114685870e-01
-4.578938194142442852e-01,-6.271972412769759586e-01,3.362712416603941823e-01
-4.075747867816748027e-01,-6.119242784062574048e-01,-3.726682020065182899e-01
-4.501284949210109243e-01,-6.102967216682554374e-01,-3.564675600918965070e-01
-3.425789259442829082e-01,-6.049185992240790899e-01,3.452446062861587728e-01
-3.494364791881457988e-01,-5.861858930353702757e-01,-3.664469068232302784e-01
-5.122006059325775462e-01,-4.568340020554603753e-01,1.842217308816752885e-01
-4.985812162966535843e-01,-4.519571916871156225e-01,-2.973144301145417834e-01
-4.591027830559989975e-01,-4.286132751895915249e-01,3.882486740402601999e-01
-4.214622223752408914e-01,-4.216390349106509117e-01,-4.212791852225314937e-01
-5.068598826193632112e-01,-4.137825224858086015e-01,2.159899541702028913e-01
-4.432171397200718177e-01,-4.128835111610967834e-01,-4.059569619064716250e-01
-3.776295263039068928e-01,-3.694818250381096125e-01,4.398571235885576081e-01
-3.688389815502771119e-01,-3.387147950186769063e-01,-4.448035033284756246e-01
-1.569057851337135046e-01,-2.546487618409257192e-01,1.871345892349312034e-01
-1.682311849840371909e-01,-2.378420642834800924e-01,-3.094511146377934008e-01
-1.896439602587308981e-01,-1.531358178370625933e-01,4.285915978775914903e-01
-1.863638106470142941e-01,-9.301783668233645774e-02,-4.620874526208813005e-01
-4.396453489945688076e-01,9.661051960276523243e-02,1.901237903338887925e-01
-4.280690094951342117e-01,9.970714416379466982e-02,-3.202526280024234895e-01
-3.823956472847950816e-01,1.189156125150088034e-01,4.500617801721383260e-01
-3.583886867775877838e-01,1.337936669817804125e-01,-4.820519381836497752e-01
-3.858452796214495994e-01,2.014846380630563871e-01,-4.090828943159551256e-01
-4.148103647594412191e-01,2.079103092396578922e-01,2.093933466847218983e-01
-2.719969626920806793e-01,2.094436998508432124e-01,5.466879392981006669e-01
-2.413763251280177935e-01,2.274993188453535986e-01,-5.603104181218223623e-01
1.848895085245493008e-01,2.302174233805014958e-01,2.081338847877061138e-01
1.608752944894369097e-01,2.512658575138710937e-01,-3.985980162393443216e-01
7.389310142790574132e-02,3.345589184015604900e-01,5.554555172551249864e-01
4.904907729364638147e-02,3.592950222543638827e-01,-5.746928243398246039e-01
-2.672185841749403767e-01,4.177119800723113063e-01,-4.928378474551144972e-01
-2.861727826836983901e-01,4.232640653491834271e-01,4.562037428585992149e-01
-3.192831969101327938e-01,4.348171573586533944e-01,-3.184944534459798193e-01
-3.271726856144414053e-01,4.378807095847168096e-01,1.891892682521089941e-01
-1.237248677933120988e-01,5.287428220577214955e-01,-5.505832334436362441e-01
3.753258485827625779e-01,5.419664776065704626e-01,-2.582132968114635996e-01
-1.436357290255569907e-01,5.486131662149545951e-01,5.212145137360408853e-01
-1.887799021596069937e-01,5.940134141833082193e-01,-3.614565638988246898e-01
-1.985871336677597077e-01,6.039728613791280898e-01,2.005131539549686870e-01
1.398836922564488938e-01,6.204894213271064940e-01,-5.561706974971285522e-01
1.608107941417110942e-01,6.503268537756465850e-01,5.372085210448674930e-01
2.034522938570962891e-01,7.490614773884375355e-01,-3.926608667851291257e-01
2.080131803257999901e-01,7.752547910828998523e-01,2.070574705617981015e-01
1.087359540174982042e+00,-1.519803220250488085e+00,-5.065031657563935363e-01
1.013142655713989981e+00,-1.541936785410970012e+00,-3.741702632471394230e-01
9.974316888703907980e-01,-1.549329373630019990e+00,2.035826963895197017e-01
1.073451305742582962e+00,-1.522303578574939920e+00,4.977292814233332252e-01
1.038121705997717026e+00,-1.422894735161446045e+00,-4.729567204860105067e-01
9.734762685529154691e-01,-1.346081391307583086e+00,-3.270933572792366073e-01
9.600653301161132802e-01,-1.329568413522971060e+00,1.926189919550360119e-01
1.019349805934445019e+00,-1.400923477714685950e+00,4.489706057042436860e-01
9.848960553495860193e-01,-1.331613640727973058e+00,-2.780569394503165093e-01
9.789992694154945330e-01,-1.323423446743571041e+00,1.751338920069377136e-01
1.186847967247702945e-01,2.150684200507410881e-01,4.190664209616740132e-01
2.600422035811019161e-01,4.820489091160632955e-01,-4.952022204397253935e-01
3.350581585734265788e-01,4.637827175802469726e-01,-3.216014275920869858e-01
3.466429371476982269e-01,4.596359069143107212e-01,1.902271907734250922e-01
2.868954490386368961e-01,4.772072505311572010e-01,4.594192749675202192e-01
2.946392104360723851e-01,6.349486014580278948e-01,-4.793478907524238997e-01
3.691084921056179136e-01,6.699249491731558148e-01,-3.161338799700191271e-01
3.820452240163486057e-01,6.757739321252946851e-01,1.888343846829362016e-01
3.202049057131812759e-01,6.472255076823758557e-01,4.456469832986951762e-01
-2.256421043323169132e-02,7.143410665961104078e-01,-3.134607012774721091e-01
-2.482503150303792122e-02,7.216753276954801510e-01,1.875940932471567013e-01
-1.421536284444237068e-02,6.840274631298679520e-01,4.484742056033005908e-01
1.703452239139998103e-01,7.124458427668217686e-01,-4.748969615056076177e-01
1.984991880423075949e-01,7.670353817792809892e-01,-3.100902735852846814e-01
2.026361833141608892e-01,7.760369716777513194e-01,1.866781125403834951e-01
1.809619618161255050e-01,7.318701462111234513e-01,4.397203575746849169e-01
3.186944798663908784e-01,7.403018894819357598e-01,-2.845194595577569818e-01
3.251545792325831741e-01,7.460001758239974690e-01,1.775982305306549047e-01
1.190947040610671914e+00,-1.571766841995315911e+00,-4.878506320959772879e-01
1.260154043239084087e+00,-1.618723266988671083e+00,-3.487829636090417074e-01
1.275059724518694981e+00,-1.627745991531827086e+00,1.984888593258951062e-01
1.208608138138081989e+00,-1.584445276929508983e+00,4.702078560371711902e-01
1.147965518749036962e+00,-1.481356586726819025e+00,-4.913337223514818164e-01
1.178595424969115957e+00,-1.434873907416122973e+00,-3.425217267341775784e-01
1.184323455038571060e+00,-1.425807635224525027e+00,1.963934158083857906e-01
1.156313888146782931e+00,-1.469204990851709969e+00,4.720811164982309238e-01
1.087396530583156107e+00,-1.357947713030343007e+00,-2.985364816580622915e-01
1.085928349540788984e+00,-1.348930593918407084e+00,1.828709132956833072e-01
-1.939644402384257116e-01,2.686739066476250271e-01,5.761789962634901174e-01
1.794996851650635869e-02,3.894983956729725083e-01,5.903077464655827056e-01
1.030438407549907065e-01,5.757920588787092120e-01,5.762229800417629777e-01
