9.839528230711942491e-01,-1.335639091320619087e+00,-2.994014214624314274e-01
9.447938593511243655e-01,-1.346790604896775045e+00,-2.533784955385768867e-01
9.274822679362694222e-01,-1.380474172873864980e+00,-2.467644470573698012e-01
1.076953039980049986e+00,-1.345897561846518098e+00,-2.212420599426092871e-01
9.274335918084614105e-01,-1.366729868634783074e+00,-2.105423202333140953e-01
9.334882910646002951e-01,-1.349198990616683025e+00,-1.667101478882787868e-01
9.213403404127304963e-01,-1.395439806823951079e+00,-1.665518131262782864e-01
1.039246714320551046e+00,-1.328043975148941902e+00,3.436611446382521057e-02
9.620637724547133063e-01,-1.325888679204608067e+00,3.339141537274704225e-02
1.016701294035152081e+00,-1.323664633278714975e+00,1.593516581013635913e-01
9.922899285222385179e-01,-1.323161705563077994e+00,1.959575477596026960e-01
9.750711223191662613e-01,-1.322523689947777914e+00,9.186349554997740030e-02
1.008888614967532016e+00,-1.321678880162971970e+00,6.919419994238686089e-02
1.000404049300219977e+00,-1.320933523841208990e+00,1.191734004923765931e-02
1.020161967004640902e+00,-1.323359884004980946e+00,-2.177431790255340144e-02
9.625859649289446596e-01,-1.328041093001882000e+00,1.836368552473137961e-01
1.175807991432409105e+00,-1.415548327299013032e+00,1.157543412203140970e-01
9.377387566889149317e-01,-1.342586046107858033e+00,1.388144976481686110e-01
9.843667079421227761e-01,-1.398158763124651927e+00,4.198376436488929775e-01
9.290676763905001412e-01,-1.357239084426691944e+00,1.740408123484246117e-01
1.161138060910305914e+00,-1.409476315198195051e+00,-2.893359038778751113e-01
1.149353997360939017e+00,-1.406419442626237082e+00,-3.382239910252085036e-01
1.162788330420994054e+00,-1.404528056441950001e+00,-1.950745188911703898e-01
1.155134547383019017e+00,-1.399918557638784922e+00,-2.419248364654920935e-01
1.092708697912790017e+00,-1.386538906730051091e+00,-4.064842463537983730e-01
1.109791466315654951e+00,-1.379853524065375092e+00,-3.509562005137860097e-01
1.124253621567218975e+00,-1.377729820087991053e+00,-2.713595352394393978e-01
1.123263997605101094e+00,-1.373413495583919008e+00,-2.187389846550870931e-01
1.118205345597141021e+00,-1.368150311694696031e+00,-1.662446523501464046e-01
1.118066203707887896e+00,-1.367206208832487890e+00,-6.094706157564536847e-02
1.083297705860426063e+00,-1.354297386665507030e+00,-2.860718285882187240e-01
1.092504052975983964e+00,-1.351416296147635032e+00,-1.136196348883095064e-01
1.132933482296796912e+00,-1.387966111743494935e+00,-3.054884775413692077e-01
1.095612028317783038e+00,-1.357909646155895933e+00,-2.544409238767967874e-01
1.090700514409175925e+00,-1.351567048272416915e+00,-1.845215561728369980e-01
1.121979818710713950e+00,-1.396641140976252027e+00,-3.848381706451178830e-01
1.037112441675779095e+00,-1.329532131322600952e+00,1.998725121139983962e-01
1.053737518717775989e+00,-1.333616682959450905e+00,1.519711095638829890e-01
1.091585012345825056e+00,-1.352804440749105996e+00,2.058278820117001862e-01
1.243496568453938078e+00,-1.564177650724628110e+00,-4.026106252587012824e-01
1.247460469414612971e+00,-1.511253380963307968e+00,-1.729664046377737130e-01
1.275389528037577103e+00,-1.630091433376738896e+00,-1.722513702183680051e-01
1.071084423213461090e+00,-1.406544657739194903e+00,-4.584894344123345844e-01
1.024544265793396081e+00,-1.395189448859355030e+00,-4.454273391213576239e-01
1.040416995014721069e+00,-1.368681269609921092e+00,-4.056001599970350813e-01
9.853223305462797121e-01,-1.378097027556135945e+00,-4.021273595809651269e-01
1.073496789626767089e+00,-1.367917478094279993e+00,-3.782410785454914937e-01
9.559405585901691316e-01,-1.394577542261179914e+00,-3.721157551173870925e-01
9.910803182885835616e-01,-1.352505958392606011e+00,-3.623289162246414730e-01
1.050730829800406996e+00,-1.350875435764282040e+00,-3.452071224355978130e-01
9.524679324103961786e-01,-1.372711312271226891e+00,-3.439935859947693131e-01
1.062986244014545889e+00,-1.387350028346344022e+00,-4.329233350476430209e-01
9.780439885854157467e-01,-1.344733429908484990e+00,-3.287445609134957980e-01
1.219180458878974971e+00,-1.465856819719220994e+00,-1.136957083496699938e-01
1.196159626123916908e+00,-1.465283182701140996e+00,-3.821287265968115743e-01
1.201294510494647971e+00,-1.443568453907577931e+00,-1.465937877477085927e-01
1.184383693832526951e+00,-1.428652299136363046e+00,-2.488182906710668940e-01
1.187010817779444061e+00,-1.426929135839200891e+00,-3.987845024755865692e-02
1.186178886249670050e+00,-1.426102225025454917e+00,-8.663889965138615867e-02
1.213185940255927964e+00,-1.459016541756114060e+00,-1.792630943542423139e-01
1.182465295429034891e+00,-1.423273282738295897e+00,-1.773400917262908105e-01
1.199708403982425953e+00,-1.441290368125712984e+00,-1.051767681833973983e-01
1.253044086842729055e+00,-1.521660347483525078e+00,1.618487319751188980e-01
1.250532714833106018e+00,-1.520324211495954092e+00,2.286646739740871015e-01
1.242740153757329047e+00,-1.514123789028221090e+00,2.959271470503527790e-01
9.695609138304652763e-01,-1.503484591123922964e+00,2.919768594965622133e-01
9.864688740440794579e-01,-1.501303113938126099e+00,3.822724832357027869e-01
1.214990657835151033e+00,-1.473546634068289007e+00,3.164139728196501133e-01
1.209361869288468894e+00,-1.460048950707355964e+00,2.739956925489208106e-01
1.214690001698085053e+00,-1.459736027966699101e+00,8.831690988274287779e-02
1.188447360416533094e+00,-1.454212807377347927e+00,3.763892008799732958e-01
1.207051795984561915e+00,-1.450302601710091954e+00,1.289996237272592883e-01
9.723307255746209687e-01,-1.448822697664007952e+00,4.059453103339574764e-01
1.158218234632578003e+00,-1.429003412090563918e+00,3.952906009962128819e-01
1.188119696400349090e+00,-1.428946353934835933e+00,1.629112969763653884e-01
1.199751966728132002e+00,-1.444046020772906003e+00,2.199933185067035890e-01
9.888809087871103243e-01,-1.425407391584474048e+00,4.368596901939096888e-01
1.185561140892964938e+00,-1.433215279630444927e+00,2.845666923447692787e-01
9.962688281838454341e-01,-1.323396779764905107e+00,-2.014739066440457138e-01
9.855021627034381559e-01,-1.326315589538902939e+00,-2.352975856608905958e-01
9.997481502541220033e-01,-1.328860055603340973e+00,-2.661700703298132131e-01
1.034184176412088041e+00,-1.330656099479488930e+00,-2.342906982930643978e-01
9.703910790941516762e-01,-1.324894694326371969e+00,-1.677953176625812948e-01
1.032085719049776973e+00,-1.335418869200686087e+00,-2.871262124735827204e-01
9.546886290909369910e-01,-1.332885180119345980e+00,-2.025701404516138948e-01
9.478721547746548071e-01,-1.333766586145693989e+00,-1.337881307870557035e-01
1.001520765620864006e+00,-1.321202943720374945e+00,-1.077688925608523002e-01
1.044516405053729002e+00,-1.443728594974222901e+00,4.858156322090750878e-01
1.118074481068282999e+00,-1.493766129786670893e+00,5.109450156575476854e-01
1.017722236266012104e+00,-1.504788157260408932e+00,4.487268289856372050e-01
1.066578594490193987e+00,-1.561597171745551904e+00,4.551685372182340816e-01
1.119085285414443964e+00,-1.580613688420980933e+00,4.838972393129366001e-01
1.184205530076045898e+00,-1.596148742263493014e+00,4.803715414795152183e-01
1.209214687287424983e+00,-1.539601671281344064e+00,4.625643185286593129e-01
1.229714530262352001e+00,-1.531675890272504947e+00,4.101550246744785078e-01
9.227507778414014705e-01,-1.372857403810828991e+00,1.475321326511986886e-01
9.261723653551264812e-01,-1.429823798097132892e+00,1.269646676339158120e-01
9.283012948383830842e-01,-1.429374232347367046e+00,2.075758211529188102e-01
9.323575345159550443e-01,-1.355373054338951944e+00,2.086201409050235933e-01
9.538058858354712122e-01,-1.490208069743454100e+00,1.779639969209559081e-01
9.702405077259244059e-01,-1.324395178121740013e+00,1.503496294160426017e-01
9.822150455668591240e-01,-1.532961835912427073e+00,1.187819389711479018e-01
9.833006372195006728e-01,-1.530873809594059054e+00,2.247540962948955945e-01
9.228094675168290184e-01,-1.411043341636309068e+00,1.672100343782400023e-01
9.236167680906611777e-01,-1.391738986059688044e+00,2.148575698662709976e-01
9.204265389521084639e-01,-1.396919600412297013e+00,-1.155607645875953021e-01
9.401919196296548709e-01,-1.423627466930970975e+00,-3.214440645022643150e-01
9.297005349140872177e-01,-1.416090247376416977e+00,-2.626821437369962764e-01
9.471226634354408258e-01,-1.469420735675351031e+00,-2.601728009520414830e-01
9.391388764300622194e-01,-1.368809249341367051e+00,-2.959915283744157244e-01
9.281265241616427630e-01,-1.428963212439819941e+00,-2.063021706311962133e-01
9.242354172999733830e-01,-1.365478103784617092e+00,-1.228497305726365951e-01
9.735672268979349564e-01,-1.513483482159851068e+00,-2.671068308374000000e-01
1.005392461684873950e+00,-1.437319755949755917e+00,-4.573261183286473908e-01
9.563206422444729959e-01,-1.479945347229496111e+00,-2.956013303088164124e-01
9.303242704707452848e-01,-1.443790214716528020e+00,5.217981920361042594e-03
9.258361129311282189e-01,-1.429899106621663973e+00,4.579630107695738250e-02
9.345712236042573728e-01,-1.454478525732814109e+00,8.448898984590472172e-02
9.207197968158932211e-01,-1.403482476465254036e+00,8.637466581832203838e-02
9.397135978734367789e-01,-1.339464723692314951e+00,-9.825353476765430298e-04
9.297640087386302987e-01,-1.352213946378062026e+00,8.657184142187163145e-02
9.499460759736262361e-01,-1.331662546596650065e+00,-4.490664961730265331e-02
9.320135039729893212e-01,-1.348628515445760900e+00,-8.029078711313736294e-02
1.054987166227606021e+00,-1.607373676948232966e+00,-5.343929873964887306e-02
1.078569843048664101e+00,-1.343822747025380959e+00,4.101707301396564226e-02
1.014566640539946052e+00,-1.322442990998595080e+00,-7.212162847656229669e-02
1.026105843071867918e+00,-1.324749737345227940e+00,1.041005511143623941e-01
1.118614819604718980e+00,-1.367571766442267078e+00,4.426656357124036240e-02
1.078507894516985033e+00,-1.343825120690925079e+00,-7.449658066218374508e-02
1.136932666077139942e+00,-1.380993487219096094e+00,-1.553273751794496081e-02
9.540385423621194905e-01,-1.329782057807096907e+00,1.163400741301418989e-01
1.045646297728008101e+00,-1.330100529801115039e+00,6.923537274675646558e-02
1.047395534841240039e+00,-1.330699710795850921e+00,-7.291366221780756773e-02
9.700281485748670773e-01,-1.323674002329745081e+00,-1.008974294743505973e-01
9.792874480384872182e-01,-1.321756177545239108e+00,-6.821069160332185466e-02
1.023914176026246015e+00,-1.578997734205443981e+00,1.486612281427621973e-01
1.091604732291552082e+00,-1.540774460891733089e+00,4.995015567620488817e-01
1.167706708832690010e+00,-1.547825726812509961e+00,5.035379706625332519e-01
1.112306280967459093e+00,-1.387269364168679964e+00,3.745909673544989826e-01
1.008743059382563922e+00,-1.562481918838295902e+00,1.899650212158918994e-01
1.073577598675836020e+00,-1.363726702213895914e+00,3.634105014622753815e-01
1.050144716012630042e+00,-1.524790437666142973e+00,4.754021778236088847e-01
1.085221820035157103e+00,-1.385128540289868093e+00,4.118850273219302749e-01
1.174056414092921941e+00,-1.415317742030304915e+00,1.964772651223465061e-01
9.999953977665249072e-01,-1.361543916472272908e+00,3.874143419159702950e-01
1.129895664650939047e+00,-1.536070486471794005e+00,5.126354006518273332e-01
1.164582375604894082e+00,-1.405213614968356950e+00,1.560721333665016086e-01
1.012280456832266085e+00,-1.336563320413816980e+00,3.123336329270199885e-01
1.154795453856545917e+00,-1.395738094939086960e+00,-5.130282699509079725e-02
1.148469616878015964e+00,-1.390433230971527045e+00,-1.006343819100307957e-01
1.029230159763826924e+00,-1.330057734085680954e+00,2.423133277272332964e-01
1.148876407725496041e+00,-1.390660347918371009e+00,2.615377361365333123e-02
1.135332459189720034e+00,-1.380538395144363051e+00,1.625853681968197073e-01
1.138797358554191064e+00,-1.406924526321595925e+00,3.774964145111224245e-01
1.161858717293243970e+00,-1.402116081711257012e+00,9.221780327886078266e-02
1.006913662788639030e+00,-1.330504396394071032e+00,2.773366252303138269e-01
1.039473904586851960e+00,-1.359318642911045094e+00,3.832889786645561903e-01
1.039394841022933003e+00,-1.328681749455205896e+00,-1.459695342258829909e-01
1.071546446750968107e+00,-1.341387895586340973e+00,-1.674587058697858954e-01
1.028303741767307100e+00,-1.326572580612819019e+00,-1.813198586723749894e-01
1.036848116168135103e+00,-1.327535523453005961e+00,-1.104528027168728971e-01
1.005089709806358922e+00,-1.321897571106344982e+00,-1.434170965936376052e-01
1.092250350417691029e+00,-1.363571834605457944e+00,-3.192212139867335874e-01
1.053474355200985979e+00,-1.332848894471543977e+00,-3.536864328502409283e-02
1.101706343021157997e+00,-1.356614844717888069e+00,-8.340259710316121067e-03
1.068734235633403085e+00,-1.339151397815480982e+00,-5.012644094839472557e-04
1.084284200452592994e+00,-1.346747627777650003e+00,-4.141747501426024103e-02
9.486702401998012846e-01,-1.365074675294325024e+00,3.219627728562090008e-01
9.332528936617151549e-01,-1.368645742846174018e+00,2.660497602544518170e-01
9.273619805877623135e-01,-1.410332562768169984e+00,2.481433339528243964e-01
9.648478307412335919e-01,-1.383915478978563041e+00,3.814314607296054871e-01
9.755327144285546037e-01,-1.337595487846926057e+00,2.983215191283418166e-01
9.832083929063988315e-01,-1.349932196327040090e+00,3.493498362734454021e-01
9.615937412469233170e-01,-1.456078304708434024e+00,3.715898334837819950e-01
9.546377023266731099e-01,-1.339197316271867111e+00,2.558054485252673760e-01
9.593586794760341485e-01,-1.416344021111946017e+00,3.858658505218253154e-01
9.881241864882055470e-01,-1.320902873451275994e+00,-3.375018716124469909e-02
9.845098517745958233e-01,-1.327037700504865025e+00,2.416260863770904044e-01
9.220961363205555372e-01,-1.371674354919335981e+00,2.560804035091876832e-02
9.244737257085208215e-01,-1.363377208221655090e+00,-3.535648614004994333e-02
9.289874759089529199e-01,-1.439988457108178910e+00,-3.536033738120192976e-02
9.200774111689480339e-01,-1.392702875295372067e+00,-7.909752996955780879e-02
9.207217259838060830e-01,-1.404327427349526092e+00,-1.082978730182520936e-02
9.277581188948718083e-01,-1.436123068772725109e+00,-7.820958357864452037e-02
9.209719853231582709e-01,-1.406415633130430942e+00,-4.451848712263405117e-02
1.016015240579561052e+00,-1.339452150089808002e+00,-3.249242767414765032e-01
1.092829817393123015e+00,-1.363789568705958022e+00,3.186131847642962867e-01
1.034026702207585080e+00,-1.347945149378942942e+00,3.500079559260850237e-01
1.038284160015805035e+00,-1.335466796047370952e+00,2.752012493845715224e-01
1.052811087471436036e+00,-1.345051229995356978e+00,3.124925580669550840e-01
1.083223061482246896e+00,-1.353298144642814949e+00,2.773327481762558056e-01
1.103330415671029963e+00,-1.375193675364400958e+00,3.476640485234853140e-01
1.111223632590059962e+00,-1.478237583268598998e+00,-5.065654621853896700e-01
1.090218704810073103e+00,-1.448525835308752008e+00,4.939293171032945184e-01
1.081509290497858045e+00,-1.405451730790558962e+00,4.525928346379550771e-01
1.123404655754884018e+00,-1.410197124816970904e+00,4.194681768627008256e-01
1.160881569767610921e+00,-1.451112305389296919e+00,4.398536206546114213e-01
1.193199732560118020e+00,-1.475977183184224995e+00,4.176604753575893225e-01
1.012219981936330004e+00,-1.409206585717093008e+00,4.515116033076052027e-01
1.040648578150519032e+00,-1.372191144918738948e+00,4.127722857679350099e-01
9.953653993520406029e-01,-1.461839566849423955e+00,4.421157840400671835e-01
1.048756317136555039e+00,-1.394315467773111994e+00,4.472343432980230848e-01
1.078145429685892109e+00,-1.343687678937695917e+00,9.037486489586182836e-02
1.103662422966225964e+00,-1.358384553572931086e+00,1.494763037374861880e-01
1.139470332939167108e+00,-1.383098192242361968e+00,1.001703222860295950e-01
1.156812230727463087e+00,-1.397516297797734897e+00,5.994123513145287185e-02
1.125218390816715042e+00,-1.372257781450376024e+00,7.749853890884862706e-02
1.138479953614103923e+00,-1.384356409428812995e+00,2.090790024452162943e-01
1.184403204994205039e+00,-1.427842042715254944e+00,2.366565266553181113e-01
1.180402447372759012e+00,-1.431827626826785993e+00,3.152017577799818837e-01
1.146689029569637031e+00,-1.403561646441153998e+00,3.349415666580272122e-01
1.160521084664156932e+00,-1.407196540462303025e+00,2.729621080206919848e-01
1.115517457404803014e+00,-1.370884515081725041e+00,2.621722139255667772e-01
1.066611056577807082e+00,-1.342375166292921973e+00,2.412297669626012053e-01
1.126981761962392969e+00,-1.382678645264560968e+00,2.987567612844075904e-01
1.150639167076735969e+00,-1.395965522853626961e+00,2.408617582512619926e-01
1.253536277981790015e+00,-1.521422060753077954e+00,2.800958288722505893e-02
1.235809043722740919e+00,-1.490359457841236024e+00,1.273803138396792101e-01
1.222555915544609073e+00,-1.473983973300498906e+00,2.289864158497753044e-01
1.219995957271875042e+00,-1.468208442884479936e+00,1.825256407726993935e-01
1.268939242374444110e+00,-1.561393599657149966e+00,1.774078984831936878e-01
1.264868855845808104e+00,-1.547178130431803966e+00,6.146210001716385929e-02
1.224772395516136037e+00,-1.473417414608432896e+00,4.921544341381203086e-02
1.130584274004319933e+00,-1.376508083716206032e+00,-1.334056418298165958e-01
9.569373932957239148e-01,-1.466654073898588928e+00,3.371823543881121155e-01
9.442721702796881278e-01,-1.416822317997765035e+00,3.423761144838056159e-01
9.482068264380467681e-01,-1.462582862239544035e+00,2.971522604614206253e-01
9.351212059962237255e-01,-1.396207922104429899e+00,3.059458764676896148e-01
1.065353376590898016e+00,-1.485511943089339093e+00,5.020093087256436437e-01
1.031928205867997939e+00,-1.483292088227212924e+00,4.791675660545561821e-01
9.637568719999158873e-01,-1.483041239525290989e+00,-3.317251246543445053e-01
1.170327575181931978e+00,-1.487231196079354056e+00,4.745939749667255070e-01
1.141354985831364965e+00,-1.466563854264870903e+00,4.839973821648890784e-01
1.150939003071347999e+00,-1.505084392846057106e+00,5.033622006415069405e-01
1.271740071772009095e+00,-1.568096615195796018e+00,9.865437493323374329e-02
1.275686831972173918e+00,-1.584594502353795065e+00,-1.937084632642742041e-02
1.278166566925746039e+00,-1.610292068718750080e+00,-9.640928191437411754e-02
1.226727468709553959e+00,-1.476842190453721004e+00,-1.463069842213770011e-01
9.935546078716100959e-01,-1.475921041885289942e+00,-4.311920722837870867e-01
9.845903886804032723e-01,-1.416465036890417029e+00,-4.291691747189024242e-01
9.565857197350684515e-01,-1.432646098855570038e+00,-3.751645264620617759e-01
9.260708455057009569e-01,-1.429687476170685034e+00,-1.210542992164203024e-01
9.490858376536965846e-01,-1.481796531604145928e+00,-1.803253982873136985e-01
1.171019752700628969e+00,-1.411082659457798982e+00,-1.403002442330882060e-01
9.313055511724684932e-01,-1.443850270258590029e+00,-1.636728257870490866e-01
9.585418463767922947e-01,-1.495395907738634955e+00,-2.203109782119322957e-01
9.455780323305010837e-01,-1.476801882985848025e+00,-1.404729179777721992e-01
9.396255804357168673e-01,-1.460177026988402904e+00,-2.131875180544700876e-01
1.186192552622161056e+00,-1.426088902219091903e+00,7.545807550046496059e-02
1.165751085597644066e+00,-1.405630474823230891e+00,-5.590412844344002166e-03
1.173588866328052038e+00,-1.413146412999326085e+00,2.717466040313477882e-02
9.818779347674431168e-01,-1.531544090963586013e+00,1.717823487221049050e-01
9.776538528584514109e-01,-1.527304163745756060e+00,7.259573671769165015e-02
9.479413545400159347e-01,-1.481549056154860988e+00,1.231868028861621972e-01
9.461974992477207858e-01,-1.478859838321727072e+00,1.049876870491463048e-02
1.125167214284408912e+00,-1.420426069673631941e+00,-4.382724095796834973e-01
1.154768861167194904e+00,-1.422208480318325918e+00,-3.838998851464638928e-01
1.179137242263629926e+00,-1.470957050732381921e+00,-4.401867086477909141e-01
1.156845552127145016e+00,-1.438365398652099891e+00,-4.222455049530891014e-01
1.250752840755215090e+00,-1.547004385302630958e+00,3.487343412383616115e-01
1.262489941034298013e+00,-1.601832875151512958e+00,3.454963776279750820e-01
9.553400694504952106e-01,-1.485713536681023905e+00,2.571732765327496839e-01
9.439732199547654634e-01,-1.469125314434579055e+00,2.171200105443311934e-01
9.347656647160861310e-01,-1.452643586448264967e+00,1.673003339857228877e-01
9.380152721482015732e-01,-1.449626899842779038e+00,2.533901804524089085e-01
9.355273373507897450e-01,-1.428171615989020982e+00,2.895478570687036735e-01
1.212952109891126007e+00,-1.457401278168142911e+00,-1.126331850732741925e-02
1.224224028488221094e+00,-1.472651034801448988e+00,-6.247666842074633270e-02
1.196030459159650006e+00,-1.436898156234919899e+00,3.209793783668261902e-02
1.124240360233643043e+00,-1.440581130394493981e+00,4.701341915155379803e-01
1.199299025350925030e+00,-1.449467295257216959e+00,-2.901307194202488171e-01
1.218154522272081097e+00,-1.468954145650620102e+00,-2.443157619717379048e-01
1.183063666771158928e+00,-1.437090165435086053e+00,-3.295731703497336018e-01
1.208843921796461052e+00,-1.471370253433480935e+00,-3.459395392865965979e-01
1.198660046656675915e+00,-1.442448769597282965e+00,-2.136769745023064104e-01
1.229082033639768978e+00,-1.487415410755636991e+00,-2.714004051727201827e-01
1.016088796663253913e+00,-1.528026620788466960e+00,-4.149828241035642962e-01
1.099463198953738896e+00,-1.537615172859321921e+00,-5.052070629968478110e-01
1.038293873196797890e+00,-1.510569458049306091e+00,-4.724723755730950159e-01
1.168667289139714960e+00,-1.643241185930857995e+00,-4.052464787406072078e-01
1.112202649809838961e+00,-1.635066973331396056e+00,-3.343241928731919832e-01
9.964016067383233421e-01,-1.528657134518466965e+00,-3.485653499201186167e-01
9.773145887278316124e-01,-1.484332397674549053e+00,-3.831171769417561213e-01
1.039478392748995894e+00,-1.443686325454814900e+00,-4.835479666532557230e-01
1.134906643945301052e+00,-1.452831911991312008e+00,-4.753253774858233194e-01
1.085089643003066096e+00,-1.442222094932360976e+00,-4.903157479263506868e-01
1.018330688224720060e+00,-1.476338436969091950e+00,-4.671753171037187902e-01
1.061644705979448045e+00,-1.462002715182328050e+00,-4.978137401236829018e-01
9.503102971737833471e-01,-1.451166606043019947e+00,-3.347175519764313822e-01
1.012870019748657979e+00,-1.568417243395779925e+00,-5.705505091253829097e-02
9.834471072398419667e-01,-1.534811820053022080e+00,1.298365611512142942e-02
1.006830611591029045e+00,-1.562010904483313034e+00,6.588543642892703833e-02
9.529347317568274134e-01,-1.490725688940065075e+00,6.827539395036652525e-02
9.648194472399508337e-01,-1.509466219913434104e+00,-4.382041868869052809e-02
9.422981113423242183e-01,-1.471329072700767071e+00,-6.286049622669570569e-02
1.005943485104275892e+00,-1.561074795996961972e+00,-1.360632444495066956e-02
9.441634448851596861e-01,-1.475014238476987982e+00,-2.618066307195215936e-02
9.805337769092323796e-01,-1.528603808188029989e+00,-2.021469267777671885e-01
1.031245696238519027e+00,-1.580318285707472903e+00,-2.723864852294600736e-01
1.094021624211862997e+00,-1.629301592612359961e+00,-2.891698195142243799e-01
1.211189894756729002e+00,-1.589951941335161045e+00,-4.658850282835477197e-01
1.216948038506862950e+00,-1.538921148959172980e+00,-4.486325034862876926e-01
1.238063153120285032e+00,-1.523260316987238960e+00,-3.617576407056714016e-01
1.223370855787462075e+00,-1.484287358983892080e+00,-3.092296831104027754e-01
1.172103881088708111e+00,-1.506345874380184080e+00,-4.881056041063085993e-01
1.217660089850965077e+00,-1.505862358335668061e+00,-4.057658641084809781e-01
1.251782877964505936e+00,-1.530357115065460016e+00,-2.851458234520007906e-01
1.216517065242276097e+00,-1.485770941594124039e+00,3.595788843815163061e-01
1.028358167905230935e+00,-1.573602416184677111e+00,-3.058714788227688830e-01
1.020624240894087986e+00,-1.560575163511362051e+00,-3.354635674133769063e-01
1.031385110344887002e+00,-1.560355055743094965e+00,-3.810902354593784236e-01
1.052657530927757046e+00,-1.559565905967682964e+00,-4.356867996085468930e-01
1.005599638068455093e+00,-1.551377529258503918e+00,-2.909232816866775817e-01
1.229824757759107934e+00,-1.580153142438744052e+00,4.416362063396236937e-01
1.185884769756355039e+00,-1.567844941264485037e+00,4.918810395930354740e-01
1.187886436254016909e+00,-1.522755388287106104e+00,4.815046315873878768e-01
1.200997388414017930e+00,-1.502244369714123007e+00,4.427229562244761052e-01
1.160902087182289044e+00,-1.669303418188309074e+00,-1.555093723453732091e-01
1.161416165925799104e+00,-1.667124255978376990e+00,-2.354526379231167976e-01
1.219535782520771106e+00,-1.677029345565751894e+00,2.102133048374889013e-01
1.274886039264206072e+00,-1.593031408342084010e+00,2.165703113611071040e-01
1.175348254783477042e+00,-1.672089734910576109e+00,2.189817369809166914e-01
1.273536244649400961e+00,-1.630143749265672959e+00,2.216065869894189022e-01
1.254319567774967892e+00,-1.662951774237978908e+00,2.236587923923999133e-01
1.242098623955947057e+00,-1.667265273927855951e+00,2.627809789890639958e-01
1.269883819742074094e+00,-1.631842797292057945e+00,2.657400131178425107e-01
1.139452182216611043e+00,-1.657891368987544078e+00,2.448096314407854079e-01
1.232081024592353025e+00,-1.491102443270263089e+00,2.626754236064470782e-01
1.228125393046904934e+00,-1.511601805900371964e+00,3.795117255739989814e-01
1.236113468754576949e+00,-1.508706470444699965e+00,3.271426086245062259e-01
1.251188899088452988e+00,-1.525372090629502964e+00,2.622529912341258762e-01
1.023425027457897096e+00,-1.562209198279812972e+00,3.419547512714715132e-01
1.024339310234779976e+00,-1.547879310957122057e+00,3.943469961124643208e-01
1.002363955501597070e+00,-1.508361647154178087e+00,4.143807361119994925e-01
9.724110412488109478e-01,-1.491420966463719022e+00,3.511317536222042235e-01
1.015003269960671917e+00,-1.559125973856251068e+00,3.097062414357126814e-01
1.033105064767654957e+00,-1.537619160981575028e+00,4.355854468000011082e-01
1.160346295068604983e+00,-1.580023082125090905e+00,4.955966137137666205e-01
1.210544345178611092e+00,-1.588479529649805988e+00,4.670485533993667948e-01
1.179187306717278005e+00,-1.623699827947749030e+00,4.509914046059578241e-01
1.216519433115458959e+00,-1.675680331290827052e+00,-2.403125849471554887e-01
1.182653777606661016e+00,-1.674687352444190092e+00,-1.950152847370560105e-01
1.206797564332287021e+00,-1.679021143550605943e+00,-1.415478308445944078e-01
1.138388246490046996e+00,-1.660554315957317950e+00,-1.205481369833830974e-01
1.236031945739346938e+00,-1.676074177389861974e+00,-1.075033587625652959e-01
1.197607974043888079e+00,-1.678633417406290018e+00,-8.317627616692645220e-02
1.211663091726685959e+00,-1.679557308915490044e+00,-2.483439367516234939e-02
1.152198718493401053e+00,-1.666627318913475930e+00,-1.532174059226778075e-03
1.146874725405619966e+00,-1.664456432520573959e+00,-6.103933135275903948e-02
1.174889106605444988e+00,-1.673989324186277106e+00,-1.193147080220011008e-01
1.181385434624226072e+00,-1.675805782202963945e+00,-4.981897778161112345e-02
1.229406103185453958e+00,-1.675695284067822088e+00,-2.059671311245775960e-01
1.246953229465485924e+00,-1.671819499125916986e+00,-3.689735852808973676e-02
1.149368917558269088e+00,-1.665092549932918109e+00,1.447134920523225898e-01
1.134339869677934098e+00,-1.658713444282762906e+00,1.114221839732131986e-01
1.102348879427025974e+00,-1.641080158458247951e+00,1.295808614739197007e-01
1.132671274586168009e+00,-1.656210810267759070e+00,2.113371203642153973e-01
1.146152375566136028e+00,-1.664131558815945988e+00,7.809880106669393751e-02
1.080591639897191980e+00,-1.625735480077705963e+00,1.878459478329045917e-01
1.101611457308927955e+00,-1.640867570131969044e+00,6.782146871635955088e-02
1.094958364853517052e+00,-1.580760663522353004e+00,-4.630784490778515061e-01
1.193084278959650968e+00,-1.547453125524717921e+00,-4.858057097531692792e-01
1.068670496391036950e+00,-1.545146664410097070e+00,-4.775667110401847770e-01
1.196037616203488918e+00,-1.503497019241623045e+00,-4.537626085960820843e-01
1.060337841281296045e+00,-1.581248451036715963e+00,-4.031663262959466199e-01
9.530334186920884632e-01,-1.490729261280326012e+00,-1.006213661611500970e-01
9.835915143688246376e-01,-1.534927101877582079e+00,-8.252166030558061305e-02
9.908318338755948140e-01,-1.543491800197350106e+00,-1.295556772103058085e-01
9.656446629448542929e-01,-1.509789432625938010e+00,-1.512647311630820057e-01
1.035478064512818097e+00,-1.587321802903949086e+00,2.314056138057526135e-01
1.077201685806959075e+00,-1.619222875509521931e+00,2.704692395528852100e-01
1.004606903860002953e+00,-1.551970353261727942e+00,2.770660850553833265e-01
1.048511138276920995e+00,-1.592024605723626918e+00,3.094406191725859179e-01
9.895098775950229575e-01,-1.524767051501433102e+00,3.280344401841723823e-01
1.086650536408729995e+00,-1.619533696635307107e+00,3.283879235503224248e-01
1.168636690327691019e+00,-1.664154238520622053e+00,3.028136301512763806e-01
1.095974832264313914e+00,-1.634719035804335086e+00,2.290839820793612869e-01
1.042120748304224076e+00,-1.590603417147860910e+00,2.706575369929277164e-01
9.735513722057089758e-01,-1.514838437306406105e+00,2.559148090278319243e-01
1.068158927805233027e+00,-1.615011504335297943e+00,2.300020228159364022e-01
1.163169463003479898e+00,-1.614703446913064111e+00,-4.619375909932805224e-01
1.093386697112102013e+00,-1.608110170292355035e+00,-4.012848419662208843e-01
1.027791496253396053e+00,-1.582384204961198026e+00,-1.688048622720071112e-01
1.033376377730863993e+00,-1.588364680237680071e+00,-1.129326850546789052e-01
1.031628331300868950e+00,-1.586917663539310963e+00,1.022652333933988036e-02
1.249637750410178105e+00,-1.519594460713926898e+00,-2.399068245904401875e-01
1.271137330192193993e+00,-1.573807571068247979e+00,-2.204452921876564886e-01
1.240762993121540925e+00,-1.500844536203322921e+00,-2.063337084305466862e-01
1.265524165728191930e+00,-1.559387940724493937e+00,-2.516437198194925173e-01
1.236944935687622982e+00,-1.491789503237423098e+00,5.114511086312855705e-03
1.250333015566972072e+00,-1.515148479524619951e+00,-3.898641751221811752e-02
1.266197897809308026e+00,-1.550695468407955024e+00,-1.406627275397217929e-02
1.269860885865838007e+00,-1.561521000706636020e+00,-6.519974998122908538e-02
1.271456998070837896e+00,-1.566790807343557912e+00,1.997588766883583861e-02
1.238243867843856982e+00,-1.493974544642376001e+00,-8.678972324777972647e-02
1.255957079747201943e+00,-1.526451366206422078e+00,-7.248655881936447165e-02
1.277074339247654899e+00,-1.593376864671367965e+00,-5.320563625355297782e-02
1.264308866165775980e+00,-1.569161723118323915e+00,-3.013020308987008899e-01
1.251243480706714983e+00,-1.539640448735015932e+00,-3.267701839908320194e-01
1.251319589766616946e+00,-1.556874555690060946e+00,-3.637691766596091170e-01
1.242443138182824036e+00,-1.501488348158003028e+00,-1.395115612464193910e-01
1.250246775793427023e+00,-1.515194581873732016e+00,-1.059793271246936008e-01
1.269510240993225070e+00,-1.561671104195264892e+00,-1.462471677773561907e-01
1.263005735772166016e+00,-1.544944689608463984e+00,-1.833547622840855928e-01
1.007820415573416062e+00,-1.559388922004935951e+00,2.334088199795061880e-01
9.590539310727783651e-01,-1.497083816994879912e+00,2.092969160176517129e-01
1.258805161916467963e+00,-1.533103208350367952e+00,1.283854527020708014e-01
1.253478634970939920e+00,-1.521450011503888922e+00,9.490646973141192433e-02
1.242662866054190962e+00,-1.503554481646367957e+00,1.952571896535847951e-01
1.244481959916422964e+00,-1.504460043114951961e+00,6.146053290813584952e-02
1.265567304789898984e+00,-1.553918157813390044e+00,2.108807842232761076e-01
1.239190151843861942e+00,-1.495558922705408911e+00,9.434479770015935518e-02
1.049307208714445050e+00,-1.568242388410290955e+00,4.101913545564775943e-01
1.055680259133201071e+00,-1.591995400774957936e+00,3.477259266411095728e-01
1.071801526236034086e+00,-1.596317883012835948e+00,3.863047967989721165e-01
9.829279927216111323e-01,-1.519987714146554092e+00,-3.084621447836523034e-01
1.002604972781762971e+00,-1.525660732623967952e+00,-3.817659039198553761e-01
1.015268959930230031e+00,-1.502374689488779946e+00,-4.469688418067391256e-01
9.921842107969904845e-01,-1.496683820377922913e+00,-4.063998654107338071e-01
1.155754207358210106e+00,-1.562170178758474082e+00,-5.044505804470040822e-01
1.072270567917019024e+00,-1.496758919586526959e+00,-5.044139907288980318e-01
1.137958801577473089e+00,-1.524675865293801058e+00,-5.126624207354849583e-01
1.148604703457557052e+00,-1.490780824166604068e+00,-4.973610717191901953e-01
9.941547113924888990e-01,-1.541917503127048006e+00,-2.558818227561271974e-01
1.001946257125386985e+00,-1.555172400369051910e+00,-1.855181747848380913e-01
1.005879764619604044e+00,-1.560911771811350102e+00,-9.328234021526980724e-02
1.061466404250297924e+00,-1.608963056185892970e+00,-2.446279985962062919e-01
1.063323759547109004e+00,-1.613863556800287036e+00,-1.193283554989107986e-01
1.069043820621562002e+00,-1.618418089670905946e+00,-8.635274154583372219e-02
1.080667694136719925e+00,-1.626435264075454912e+00,-1.550080096670093943e-01
1.092304075432787069e+00,-1.634801484118332926e+00,-1.101933375445194041e-01
1.094435029627065958e+00,-1.635067421298489920e+00,-1.913807898413419917e-01
1.097769646855125014e+00,-1.638459831031962022e+00,-6.538059080286737212e-02
1.101116780238390103e+00,-1.638058561688763959e+00,-2.274827892675430063e-01
1.115692339778775022e+00,-1.648738317646676999e+00,-1.484548673531493890e-01
1.130706400887625973e+00,-1.655876524093363056e+00,-1.906045787963092097e-01
1.137198797683153906e+00,-1.657978637360675078e+00,-2.213404715512951038e-01
1.109572786042865022e+00,-1.641443104480015958e+00,-2.590843786885372868e-01
1.100816559169059072e+00,-1.621927114589563068e+00,-3.677398653016364927e-01
1.078631932005331917e+00,-1.620693476561021029e+00,-2.649494581096988877e-01
1.077464643717273907e+00,-1.612272433210919953e+00,-3.323151282537509243e-01
1.059381331302231999e+00,-1.604598180943386021e+00,-2.798674370459174887e-01
1.104073801272354993e+00,-1.603674862667489931e+00,-4.326735363750965901e-01
1.065386196831278998e+00,-1.597348140442518938e+00,-3.613301922926944187e-01
1.049379336083265057e+00,-1.592243957588947989e+00,-3.134166323803851961e-01
1.006556116173755955e+00,-1.561737303568861090e+00,2.613900415572601929e-02
1.013217525405361030e+00,-1.568632351749434051e+00,1.073505502181898025e-01
9.806863434648024347e-01,-1.531294229153264963e+00,-3.058388304739722077e-02
1.061399919079980991e+00,-1.611219575826527084e+00,-1.907068808716519959e-01
1.016972559772127971e+00,-1.569319614885912983e+00,-2.299099404327568097e-01
1.041959255748176050e+00,-1.593423195041338003e+00,-2.274450948067736900e-01
1.052574855550445942e+00,-1.604731844102025962e+00,-1.590170500334014136e-01
1.226335086441983080e+00,-1.657186474598765891e+00,-3.550961789227216059e-01
1.132500332552021094e+00,-1.637626287099287925e+00,-3.775070817197450079e-01
1.260566949340734100e+00,-1.634119821146988061e+00,-3.250456822883320829e-01
1.203055505426714911e+00,-1.633057042226643940e+00,-4.314924834964792844e-01
1.132299187586212064e+00,-1.623634280758144977e+00,-4.230978360851663234e-01
1.241746583515598967e+00,-1.615973549207569970e+00,-4.068496132874980797e-01
1.207845890132767996e+00,-1.650014413421154957e+00,-3.926965506287298235e-01
1.181264741532416895e+00,-1.588330659233297082e+00,-4.864477268056812131e-01
1.126072747637312910e+00,-1.590563952160330086e+00,-4.768943937440606740e-01
1.252167129787894906e+00,-1.624753628154669949e+00,-3.717457484085390784e-01
1.275584204960092949e+00,-1.612624849863451004e+00,-2.235378435142026110e-01
1.136400859315046086e+00,-1.645830868008052894e+00,-3.462239066376808783e-01
1.174664538814953030e+00,-1.654177977383145981e+00,-3.715852250079438868e-01
1.194713642789803965e+00,-1.616588277095339921e+00,-4.578862447294400062e-01
1.046379136416121014e+00,-1.600142923918840054e+00,4.386722752838811967e-02
1.079435465694956964e+00,-1.626115197620920050e+00,6.063762819324406382e-03
1.088049404084221017e+00,-1.632099488068184945e+00,-2.965821689142663156e-02
1.118415618818755952e+00,-1.650692954135974944e+00,-2.429950353576238939e-02
1.039086573476617037e+00,-1.593741416420920043e+00,-2.160658831660247983e-02
1.072683474348812060e+00,-1.621196042077740040e+00,5.075467928722981331e-02
1.055977404750398030e+00,-1.608192313403161933e+00,5.969945737526773100e-04
1.060679828484063059e+00,-1.611668663235156007e+00,1.326762268193409922e-01
1.057970066410875987e+00,-1.609772988943036109e+00,7.750811724189304863e-02
1.080590521738711951e+00,-1.626851963971204018e+00,9.673466057628511694e-02
1.036761878401398995e+00,-1.591516282584958919e+00,1.044726100270444019e-01
1.265856866226096944e+00,-1.559021229122607100e+00,2.436770663455478936e-01
1.266275579855977051e+00,-1.574711330721366931e+00,2.954597322412356730e-01
1.216331704136137004e+00,-1.669635550597575069e+00,3.029557727536025258e-01
1.268140263977991067e+00,-1.617624463938371004e+00,3.052616712408637856e-01
1.250462737833264892e+00,-1.651317054930709016e+00,3.199012351060925852e-01
1.102423436795431977e+00,-1.623253807703707086e+00,3.663731121369120936e-01
1.224388297780679924e+00,-1.649673514351670978e+00,3.808361797606574783e-01
1.172841743943618953e+00,-1.648729306489705060e+00,3.907645811271853176e-01
1.248838973812038899e+00,-1.598181413082589097e+00,3.977519236516752210e-01
1.135220765997593917e+00,-1.629612493995524103e+00,4.103408374646695944e-01
1.203143956945502024e+00,-1.637295703366288047e+00,4.238484441631730215e-01
1.100438088315430996e+00,-1.599663452683079967e+00,4.361810072467185995e-01
1.242734243770210023e+00,-1.564184197898577988e+00,4.050117581024226254e-01
1.098532463539320991e+00,-1.610885832869809020e+00,4.036469287020930108e-01
1.247628406247482058e+00,-1.636757496213653074e+00,3.667767684879887913e-01
1.159455252916300028e+00,-1.653169622808863037e+00,3.565282842963423127e-01
1.237922304644051952e+00,-1.627047849737464080e+00,4.031370987063018219e-01
1.072002107631619960e+00,-1.547126403512613102e+00,4.791094336815903132e-01
1.146014699987210061e+00,-1.615046146881963907e+00,4.537754575488596731e-01
1.213586740585822943e+00,-1.612881391657926100e+00,4.497068293564046026e-01
1.278256255229418992e+00,-1.610967780606813005e+00,1.997589282315252041e-02
1.124771281475869023e+00,-1.654084017012821040e+00,3.314515300626137695e-02
1.166060457269237016e+00,-1.671571386664187031e+00,3.828270464149838292e-02
1.242305510474223107e+00,-1.673983102773930920e+00,6.112171660432055842e-02
1.264693965842252021e+00,-1.656470710014189995e+00,1.247088393533821032e-01
1.186863462827181914e+00,-1.676661427943672011e+00,1.342695882391745088e-01
1.276658015847814909e+00,-1.592826681895942009e+00,1.380195142939797115e-01
1.229628204660091040e+00,-1.677398771951555068e+00,1.391193188789756063e-01
1.239648533141713971e+00,-1.673703004375930004e+00,1.777229510057866946e-01
1.176835890187295952e+00,-1.674644553940269009e+00,8.628315453195131712e-02
1.246572912970622005e+00,-1.671853647600052950e+00,1.033962700961941067e-01
1.272806944221914982e+00,-1.596184699709924049e+00,-2.605891833414957781e-01
1.259749524937022080e+00,-1.591464212375601983e+00,-3.570067489730250898e-01
1.230923193259344961e+00,-1.598559394844000003e+00,-4.369310894496126751e-01
1.268423383467655041e+00,-1.602447038564472903e+00,-3.086729309890177131e-01
1.272827207097771085e+00,-1.572253898821335039e+00,-1.057338575060340069e-01
1.274857576544613957e+00,-1.585947244157652980e+00,-1.833508564661154028e-01
1.277864907841288922e+00,-1.606906627085255002e+00,-1.342777640045542120e-01
1.277116718480203028e+00,-1.605041473689887033e+00,1.774374606708377100e-01
1.278154876903091930e+00,-1.609730290432954902e+00,9.868331762751510194e-02
1.273061543134299090e+00,-1.595375099548417053e+00,2.558434530609403068e-01
1.276991790674256944e+00,-1.592785190993381006e+00,5.932263093137096072e-02
1.276924780479399057e+00,-1.625175184976205056e+00,1.323911806395358104e-01
1.046761617385655985e+00,-1.599106550924966008e+00,1.900469680622390023e-01
1.120997682561676978e+00,-1.651318160823564085e+00,1.702827092002885956e-01
1.157925284792401976e+00,-1.667853528014273001e+00,1.780677920524794955e-01
1.267227486287298976e+00,-1.646681208562547960e+00,-2.264670083335462991e-01
1.264262204076892049e+00,-1.642240757773288928e+00,-2.803279206303493920e-01
1.244116076838454044e+00,-1.665926046449764053e+00,-2.651913253448168195e-01
1.208992449536675062e+00,-1.679446437143228055e+00,9.187832674114888853e-02
1.192647549691324027e+00,-1.677021773208885014e+00,1.766646545442759064e-01
1.193093015627942899e+00,-1.673262962582533930e+00,2.618053835772183868e-01
1.128517761023889898e+00,-1.650389668749534966e+00,2.780783264626560114e-01
1.129509018950292987e+00,-1.642381076108982985e+00,3.469729713603513788e-01
1.119611254263944033e+00,-1.642239955292740916e+00,3.124721429944414819e-01
1.193495768289916104e+00,-1.663141872148345080e+00,3.434721000764162091e-01
1.270819779024787044e+00,-1.644301568987529993e+00,1.741247860513651935e-01
1.271816741345815016e+00,-1.644796032291004018e+00,7.520387789139224011e-02
1.266733249689665941e+00,-1.653633101913474901e+00,-1.226981794447112029e-01
1.258133416427491991e+00,-1.664029935763396084e+00,-7.329619463014327985e-02
1.276812798818176997e+00,-1.627978698249284983e+00,-6.009972600834456724e-02
1.271906228665816041e+00,-1.644689880517417047e+00,-2.379602612979732010e-02
1.264947735408409990e+00,-1.656660446935825926e+00,2.570397918746851126e-02
1.211014694960723892e+00,-1.679553834465072892e+00,3.352253173412998721e-02
1.250021564773093008e+00,-1.670092909198445108e+00,-5.012646818491241088e-04
1.167451192498303092e+00,-1.658519212706140999e+00,-3.407948633850896858e-01
1.209743622795405926e+00,-1.670629695063208020e+00,-2.987452857168081954e-01
1.139464648525301049e+00,-1.655747899823095004e+00,-2.765238145039373152e-01
1.174785751664155109e+00,-1.667374360676638023e+00,-2.881752753042592929e-01
1.237958848072572948e+00,-1.660457868061844033e+00,-3.203875917288022124e-01
1.245062930269696055e+00,-1.671525347776275039e+00,-1.716461446107651057e-01
1.265774404830094069e+00,-1.652571308229338065e+00,-1.894069969058012892e-01
