-4.956384072201823199e-01,-3.170632192346817813e-01,2.222842641129554875e-01
-4.979725684456083878e-01,-3.095992440892680886e-01,1.501326510620425991e-01
-4.984625695731542128e-01,-3.068426963807147079e-01,-5.360019146332298430e-03
-4.965063603323601193e-01,-2.920851410899624190e-01,7.805414585000250427e-02
-4.937954839526785822e-01,-2.715267282005907057e-01,-8.877415472256312834e-02
-4.887720415802208063e-01,-2.349033721659722074e-01,1.192683257092226057e-01
-4.852918561329285785e-01,-2.315133071767880024e-01,2.146936478685458893e-01
-4.861493921519349226e-01,-2.159763442275688949e-01,-1.304326258399843008e-01
-4.860869270392750852e-01,-2.121635540602568037e-01,4.321526559654251948e-02
-4.838118882612216787e-01,-1.948997213108764059e-01,-4.360935082635120780e-02
-4.762470143368678910e-01,-1.634746430064963063e-01,2.191725344972912937e-01
-4.781364157756027855e-01,-1.567844510057949947e-01,1.456341052485702059e-01
-4.750199381336210891e-01,-1.282526176535631057e-01,-3.132803464341858690e-02
-4.736135387225953730e-01,-1.186258671450310942e-01,-9.781913158952199039e-02
-4.659428048624730256e-01,-1.002667526101676948e-01,2.482099098542026872e-01
-4.696752750979453217e-01,-8.829556245060456166e-02,3.516130944042102774e-02
-4.675236597616959089e-01,-7.677646648015538922e-02,1.444938808910720129e-01
-4.610506221694595230e-01,-4.156076302249685217e-02,2.018347318113984934e-01
-4.579781403894532255e-01,-5.609372346905410270e-03,7.917846258812036297e-02
-4.898880589185652945e-01,-4.178570245427616903e-01,-3.224912417256672881e-01
-4.965245274350534865e-01,-3.401225349881646931e-01,-2.436776005119626887e-01
-4.789681234246926933e-01,-2.923539839224367776e-01,-3.165064400521471200e-01
-4.891088987370195151e-01,-2.697194505666077879e-01,-2.297421963605338902e-01
-4.805462227581419055e-01,-1.938156109064549937e-01,-2.127992208460418033e-01
-4.703309172589528742e-01,-1.828817652915709080e-01,-2.953950579385353215e-01
-4.709468944772393084e-01,-1.174150765364280063e-01,-2.075908835540410946e-01
-4.647598562328015270e-01,-1.121890406722618055e-01,-2.740804962844345938e-01
-4.511347889739262818e-01,-9.930071798344530798e-02,-3.407962543885906803e-01
-4.575578291136428999e-01,-4.126474237914613125e-02,-2.551194809513644968e-01
-4.649406202646643171e-01,-6.156474588017640109e-02,-1.688387024578900941e-01
-4.973353962058968958e-01,-3.064327966499972855e-01,-1.596602511799498081e-01
-4.992712600900626740e-01,-3.837738412451240921e-01,2.614772970257450146e-01
-2.710622257735723073e-01,-5.717692501260782656e-01,-1.257641519440799993e-01
-3.064314659765549065e-01,-5.675678531437334806e-01,-3.268413789726681840e-01
-2.717931721662587008e-01,-5.598505480655247002e-01,-2.159612057843829924e-01
-2.486839944210713083e-01,-5.153883485856762814e-01,-6.172553021312208316e-02
-2.985097264525428118e-01,-5.026288581990021598e-01,-3.623428262814554768e-01
-2.601037455200607140e-01,-5.021582753126800913e-01,-2.749162630156832265e-01
-3.926767968353053750e-01,-4.937000792041302266e-01,-4.184369469712588274e-01
-4.979448354548767219e-01,-4.843632151090156990e-01,-3.049816853228545233e-01
-3.457975737889459888e-01,-5.317329847635127171e-01,-3.932091567305088797e-01
-1.488433158934729106e-01,6.356188778796830752e-01,3.246086844756528866e-01
-1.556385430640402912e-01,6.427738242524074774e-01,2.810553831807165864e-02
-1.211634361392115028e-01,6.649705577483921992e-01,2.332638427290938121e-01
-8.819962873335909781e-02,6.776846224268492369e-01,3.249449487924259139e-01
-9.413418668148622326e-02,6.852317614782947874e-01,1.434796455133628135e-01
-9.357345208777960444e-02,6.860000302020472507e-01,5.268426372011945219e-02
-5.365071755053821972e-02,7.026148700606966724e-01,2.791404674320374091e-01
-1.871817913407311865e-02,7.247324284610902057e-01,1.762512924583934104e-01
-1.903161411756656984e-02,7.254582286805242308e-01,9.180777576902796056e-02
-1.905648456861969153e-02,7.255157631707898069e-01,6.552193148779754568e-03
1.565667686167702966e-02,7.353725084856751470e-01,2.625797931936647012e-01
3.639165005301336214e-02,7.470499204168550289e-01,1.491922699720004131e-01
-2.409488742945370965e-01,-4.930036016099930141e-01,1.163117139428184940e-02
-2.340028608076996086e-01,-4.717080460326574243e-01,8.498742142720258630e-02
-2.386279220066956086e-01,-4.804940150573211999e-01,1.626850684090128951e-01
2.927127255061592881e-01,7.496739705783499463e-01,-3.079561003375835826e-01
2.994898319852030144e-01,7.583624776378489196e-01,-1.938443853748273993e-01
3.142257142149528781e-01,7.051462693810309768e-01,-3.986769452784942880e-01
3.278188146291519112e-01,6.364271351046136838e-01,-4.397454314650998120e-01
3.491883044589909058e-01,7.044349558478983919e-01,-3.205009470592841136e-01
3.531767221247972821e-01,7.167812115914278248e-01,-2.492009713417492056e-01
3.577044657217363088e-01,7.195653305996940752e-01,-1.527128379642763989e-01
3.627960824134944251e-01,6.417426227788862736e-01,-3.662361579753208862e-01
3.808243232252259136e-01,6.406179894220853654e-01,-2.917972656379965724e-01
3.896468510759100723e-01,6.425780236759295327e-01,-1.956908203865863061e-01
-2.416229425541444875e-01,-4.686385355208507741e-01,2.393267579746768958e-01
-4.905143359781892198e-01,-6.621233590833242033e-01,1.088466910981335939e-01
-4.794166698466034160e-01,-6.808077323814004655e-01,2.408723545394044971e-02
-4.563499388391817901e-01,-6.947998329459345035e-01,2.044544310027724965e-01
-4.463898233849107888e-01,-7.074929026280744049e-01,1.225208592648787953e-01
-4.153326259685392041e-01,-7.152188178158446208e-01,-3.573232422014557125e-02
-3.835121010319588186e-01,-7.036623800752327407e-01,1.896535610831567020e-01
-3.556717897058095934e-01,-6.936428217067492907e-01,2.616133539272434000e-02
-3.399094144039400134e-01,-6.792847465779608962e-01,1.295309484289162982e-01
-3.349115920196131246e-01,-6.564761137485883857e-01,2.500014583328042939e-01
-3.025541450425183188e-01,-6.343380545574028861e-01,4.604081891621861211e-02
-2.920829295539145165e-01,-6.096014040816986057e-01,1.847836186433277073e-01
-2.726567916844863104e-01,-5.771647749302076802e-01,1.958181027448754885e-02
-2.712073814113887815e-01,-5.550337241208675998e-01,2.267370063156657900e-01
-2.633419890389319118e-01,-5.540628459084053770e-01,1.022186603026176976e-01
-1.358335265737374009e-01,-2.157275816878428121e-01,1.088868062853017987e-01
-1.123863702919265933e-01,-1.716844841535256072e-01,-1.834423062297931006e-02
-1.131660088244705042e-01,-1.712071524145730994e-01,1.472316374029858932e-01
-1.124764529051616030e-01,-1.611071276828653087e-01,2.278325955133816971e-01
-1.054125171808804051e-01,-1.591898895936869895e-01,5.329744573355422316e-02
-7.895812319534217805e-02,-1.138875111137366003e-01,1.248511347848255959e-01
-1.278821327991027934e-01,-1.656642438425207919e-01,3.014815087825372109e-01
-2.183646776129700984e-01,-4.237312773020234791e-01,-9.383104476242523639e-02
3.783832568917392947e-01,6.343247089022632235e-01,3.102060941871481736e-01
1.796161739523313011e-02,7.210681845912567667e-01,3.742775350736117779e-01
3.279844099419255143e-01,7.041804969356705302e-01,3.766405163723786087e-01
8.231986578599390092e-02,7.348474551635958418e-01,3.995925585668825830e-01
3.493129993288913160e-01,6.309809327393651746e-01,4.041053557198178159e-01
2.261203847533919953e-01,7.349903176187745357e-01,4.223083784641015193e-01
1.500659103830334073e-01,7.322797002048195836e-01,4.376516533242474916e-01
3.310704716934455283e-02,6.919185060882970806e-01,4.711929468147018074e-01
2.746585017276172991e-01,6.666057045317043128e-01,4.800677911901212735e-01
1.482336997894360964e-01,6.763876494764604619e-01,5.186522981705417035e-01
1.742860373197694102e-01,6.176460907616780904e-01,5.504314489647382791e-01
1.897393011054976097e-01,7.091306044629728245e-01,4.772133812953248122e-01
2.975882497390268111e-01,6.924915206774124865e-01,4.368282768627709811e-01
3.711717738603931838e-01,5.107549802428089647e-01,2.319690581636228016e-02
3.429208161754482842e-01,4.488283527996648758e-01,3.050061007489517084e-02
3.789558457319069928e-01,5.355298736880712562e-01,1.509553750684455020e-01
3.590683722760875107e-01,4.915470012745143946e-01,2.356254569859143888e-01
-1.515728624744193120e-01,-2.268461470345523034e-01,2.596264540441268198e-01
3.772694892731300875e-01,5.522018220412678868e-01,2.662104633681298127e-01
2.354991844025695058e-01,5.791856720811232595e-01,5.335281676526480998e-01
2.138237826386100993e-01,5.071241423094366985e-01,5.407994543976304413e-01
3.884468807257134837e-01,5.703593535031019623e-01,6.968297508451885836e-02
-1.559826752147983886e-01,-2.518259721216475899e-01,1.928508625463601078e-01
-5.051285006847709702e-02,6.170958025340430586e-01,-5.227849780498353693e-01
2.199393644065355050e-02,7.337150389304885056e-01,-3.065985440247360749e-01
2.255423470036620887e-02,7.159746467197757314e-01,-4.012596526452338885e-01
3.721155214852239768e-02,6.792427935642226799e-01,-4.943093037726293826e-01
6.570887068946845710e-02,6.471245970886699839e-01,-5.388410001049656062e-01
7.764223764140179562e-02,7.541826860549090128e-01,-2.787137150860126145e-01
8.710290570640669139e-02,7.473738546667798577e-01,-3.500492197700236785e-01
-3.177399199790607170e-02,7.076596063579447815e-01,-3.305026878785711220e-01
-4.077783083733145242e-01,2.341107076421395927e-01,-2.105154254454723872e-01
-4.085452709848225172e-01,2.387311693411419966e-01,-4.059094176655744790e-02
-4.062105652268054867e-01,2.459806150360568933e-01,-1.256180966304276947e-01
-4.052750075829774090e-01,2.500688559727846094e-01,3.631361138702862007e-02
-3.960498264251077760e-01,2.792091079415762733e-01,1.241349952605027979e-01
-3.875980944446911214e-01,2.833356642037652140e-01,2.894754207751522035e-01
-3.924674190325774803e-01,2.858620770821201917e-01,2.000866107499910118e-01
-3.795864720818927784e-01,3.233378896034901917e-01,-1.906792608846341885e-01
-3.753354186777694834e-01,3.379441998723428098e-01,1.446433451707583064e-02
-3.706454666991749192e-01,3.494627154413045833e-01,-9.219282221129007637e-02
-3.606787195612147778e-01,3.609812144874515183e-01,2.671015581442016118e-01
-3.681402386790815218e-01,3.519607094862434726e-01,1.975377888144776994e-01
-2.731254104476815159e-01,5.218132939857851316e-01,1.715083963809279910e-01
-2.496190531948929980e-01,5.423944705711776226e-01,2.911781961345267788e-01
-2.567397618047327912e-01,5.432405949537005840e-01,-1.433179518526191965e-01
-2.411539295166043873e-01,5.620926651649063022e-01,1.467686971696337056e-03
-2.350642263217335992e-01,5.682857729441528338e-01,1.462533247762191901e-01
-2.244687616832216903e-01,5.760644049574360492e-01,2.394979246391026051e-01
-2.162222463490915125e-01,5.878599069076614336e-01,-1.631605275164038915e-01
-2.166216543689288010e-01,5.882680747607405003e-01,-8.486636763997802702e-02
-1.968274384233804075e-01,5.963646402535163205e-01,3.097343994693940727e-01
-2.043961188960939923e-01,6.003769955835203120e-01,5.495461127693029857e-02
-1.761729547114203875e-01,6.255823544091860811e-01,1.342315212106149069e-01
-1.550341304915240914e-01,6.420059446427709426e-01,-1.833822930085750869e-01
-1.556191162920446125e-01,6.427491430923770732e-01,-7.801474456831251902e-02
-1.077716036094277935e-01,6.767982628411803869e-01,-1.226667784000996936e-01
-1.001637760460144938e-01,6.819019124658346476e-01,-3.811651433495220204e-02
-5.583410340263268018e-02,7.069230516563442812e-01,-1.576964086471160931e-01
-8.866111010981883589e-02,4.193885824534852036e-01,5.953780205964562811e-01
-2.428579697264287018e-01,4.610359191357601971e-01,4.909622790026402783e-01
4.872943674246169726e-02,4.672242564581148838e-01,5.937918464670550733e-01
-2.783299254325886096e-01,4.732552741712812150e-01,4.010723436809144893e-01
-2.494074463964056076e-01,5.248624077896761886e-01,3.721482388640264261e-01
-2.137524279049388132e-01,5.414987846819193651e-01,4.349826446045755857e-01
-1.093069086536801043e-01,6.497178184626867248e-01,3.931866631012633229e-01
-3.023176527231039024e-02,6.901753156218048968e-01,4.118906529207480016e-01
-3.451782624984359726e-01,1.328121559066320900e-01,4.967149285135559755e-01
-3.245695299256503019e-01,2.494400475641233017e-01,4.998740454031215252e-01
-3.108388436697614998e-01,-4.126848058274226044e-02,5.037659378766714546e-01
-2.345183976492196121e-01,-3.029619230179923101e-02,5.085053312147064242e-01
-2.942083041517873920e-01,2.957338945126141913e-02,5.206739300603815401e-01
-9.123721647853180738e-02,1.175575370973845069e-01,5.250516601487249524e-01
-1.736642584062665084e-01,8.126223662323572849e-02,5.361759089364651620e-01
-2.595662241790199776e-01,1.420386216322541972e-01,5.473071102423808787e-01
-1.547208698064460874e-01,1.471633123937448051e-01,5.551211215404917576e-01
-2.270644870899954926e-01,2.304592336372519035e-01,5.652099013391426174e-01
3.637300291984733175e-02,2.129299768988774100e-01,5.081549031813674677e-01
-1.930220378307914986e-01,2.004134755405451163e-02,5.177251548069546905e-01
-4.195844084713237221e-01,-7.142901745834642213e-01,-1.192976609580704977e-01
-4.388080025651092120e-01,-7.043074627331081805e-01,-2.020574664993116110e-01
-3.555021506196199832e-01,-6.878898167953173548e-01,-1.890697527366539121e-01
-4.419358728324320751e-01,-6.792721084265573861e-01,-2.855991484931705848e-01
-3.342621155769661123e-01,-6.750128102941757025e-01,-5.589564352531232322e-02
-3.520651263051988167e-01,-6.684945426219179865e-01,-2.636075289868157756e-01
-3.226512531622023894e-01,-6.603445579194232584e-01,-1.381328243722393934e-01
-3.994719652859495262e-01,-6.567599837835834675e-01,-3.319011540402347915e-01
-2.968982167471789224e-01,-6.246872714153868245e-01,-9.259478195427556235e-02
-3.567650523369355064e-01,-6.141841169534587586e-01,-3.509466289583190179e-01
-3.021398230153802267e-01,-6.057581975632214677e-01,-2.616565892162047158e-01
-4.086826133986741771e-01,-5.892197018703879685e-01,-3.855738962776598111e-01
2.807065943402565211e-01,7.491777629049618525e-01,3.336837216747937096e-01
2.975226774712064204e-01,7.568405968551678020e-01,2.336152812528070055e-01
2.903649077951718227e-01,7.638264711947895247e-01,3.543931418297323332e-02
1.448517068894961957e-01,7.639185214917525446e-01,3.106081023849343037e-01
2.823704403617207093e-01,7.657228351848420767e-01,1.496610510914236913e-01
1.058949259697324063e-01,7.660013205994170571e-01,1.720166948008113872e-01
2.249544817478872083e-01,7.687117251347728164e-01,2.858590930605041103e-01
1.237425394617904933e-01,7.702625307570950541e-01,-8.834302305952568268e-02
1.237344574322988000e-01,7.703185137101630220e-01,4.182833820266290692e-02
1.942096449027785054e-01,7.767603667446151272e-01,1.514131503793328948e-01
2.192643385922224131e-01,7.767660504329878535e-01,-9.874309537906371392e-02
1.960143957888381139e-01,7.773515701523532329e-01,2.633606187137119137e-02
2.971043429937839098e-01,7.613179171044728299e-01,-7.878948979628075389e-02
8.636681302832607821e-02,7.590307138347973659e-01,2.414533369636520932e-01
-4.664545188970233014e-02,7.122525376671197117e-01,-7.976135411728052516e-02
1.829129626896215111e-01,7.567270625543364160e-01,3.665440806779334260e-01
7.598070945228400930e-02,7.596616694127742431e-01,-3.733530276276717658e-02
3.746035745635319103e-02,7.478905822041297391e-01,3.524574876494118714e-02
7.800875409750392120e-02,7.492339504401589467e-01,3.240377582875251794e-01
1.746953863637263904e-01,7.740909125097773513e-01,2.194035876056968093e-01
-4.501004683229680725e-01,-5.971579197121963389e-01,3.641518569103588954e-01
-4.639808453719311276e-01,-2.989175727076380795e-01,3.645259405869560876e-01
-3.107718727167250172e-01,-5.255269238411485189e-01,3.648254886223987192e-01
-2.851996772068546848e-01,-4.551142568208246253e-01,3.704584679095643818e-01
-1.055294671909533938e-01,-8.268116305177608538e-02,3.798232130530421191e-01
-4.587156292201489127e-01,-4.853272662948088789e-01,3.867048456616635210e-01
-3.799383563190992241e-01,-5.719973459250862202e-01,3.907472134813305131e-01
-4.457773705372308770e-01,-3.899254548942733267e-01,4.033100119696707009e-01
-3.256114995317362926e-01,-4.367440602869088195e-01,4.144170923471823809e-01
-4.218920806418692271e-01,-1.963256343184804908e-01,4.221722446131950246e-01
-4.035813774637698748e-01,-4.666209803751528162e-01,4.224083097220288074e-01
-2.890255652431933941e-01,-3.354941443144249247e-01,4.232037387014345176e-01
-2.266230022239845987e-01,-1.984650351555898862e-01,4.348455042303466245e-01
-3.878510701435471941e-01,-3.019304807720332162e-01,4.446549969540927738e-01
-3.223077683939752913e-01,-2.805689797715889000e-01,4.524163765763595246e-01
-2.926015895366548825e-01,-1.983240658986880067e-01,4.670180310523783795e-01
-4.471492652148879032e-01,-4.894096938436488103e-02,3.328966608422075923e-01
-4.530774969749769010e-01,-1.314380503736513051e-01,3.466876352331282884e-01
-3.715317671041368786e-01,-3.795974360759967192e-01,4.388722818325144770e-01
-2.386479491649700080e-01,-3.098557048524375190e-01,3.863552664384352076e-01
-4.359126688158814211e-01,-2.662377074567272017e-01,4.085648062367988054e-01
-3.487372542088872929e-01,-5.025901523807824178e-01,4.060147393455290077e-01
-3.943547623460996743e-01,-6.870197255991922214e-01,2.772222264986420881e-01
-1.792043040652898100e-01,-2.193311222902943058e-01,3.609820324341996844e-01
-4.676684994628185210e-01,-2.109380150439746915e-01,3.245822136782903211e-01
1.613940586596866039e-02,5.533087571094583851e-02,-3.402289997940090016e-01
-6.059414530595227250e-02,8.144043267663974434e-03,-4.181476560256088271e-01
-1.702367787023833026e-02,6.408423914265084760e-04,-3.041795314670457939e-01
-3.623138182023567799e-02,7.118376521831093484e-02,-4.541290088158764227e-01
1.041220516741071973e-02,8.858598895209481017e-02,-4.133322254829964737e-01
-5.884854046004350109e-02,-3.961621254502221273e-02,-3.440120305961077984e-01
1.589067380244079883e-02,2.711919043552456915e-02,-2.218738379996015864e-01
-1.186847824511611943e-01,-6.069034646762960089e-02,-4.232814812680336103e-01
4.683293559318901789e-02,1.422785041137875905e-01,-4.300207427539661786e-01
-7.871359190683577256e-02,-8.759842422925560868e-02,-2.980000951690088273e-01
-3.216564492261422825e-02,-3.973408087572743302e-02,-1.980047886162979998e-01
-1.102089002485818064e-01,-1.050125445624439935e-01,-3.584558688241877844e-01
-3.887139900730250952e-01,2.107076074028959023e-01,-3.936293346990448749e-01
-3.553648650481290860e-01,2.857920742580932760e-01,-4.299241656109961118e-01
-3.808474449245323745e-01,2.746120612324398080e-01,-3.540804455026880793e-01
-3.419542807047490918e-01,1.655714091203268901e-01,-4.966881190604114926e-01
-4.116898955068187815e-01,1.410709728006317998e-01,-3.641221989419993199e-01
-3.034764133662882779e-01,2.631724751322667144e-01,-5.190372135186598346e-01
-3.748866413285610877e-01,1.036368302518539952e-01,-4.646570129114739878e-01
-3.415508500156255178e-01,3.638959762255539188e-01,-3.829231313688911120e-01
-4.146438984423079233e-01,1.813627779171887999e-01,-2.983951288138381730e-01
-3.961600341101454981e-01,2.578260031176742850e-01,-2.833993858812786093e-01
-3.047578757524890269e-01,3.623400058623205133e-01,-4.759071236516139169e-01
-4.230923614795927823e-01,6.173864936647952689e-02,-3.713092863343274153e-01
-4.307709100457737805e-01,9.944526138131574988e-02,-3.023040423466378801e-01
-4.019778030875528763e-01,3.355654751440133310e-02,-4.325645393719703136e-01
-3.043118719659175242e-01,4.303169244954757056e-01,-4.003492969522841061e-01
-3.612566972362742934e-01,3.606638681728768225e-01,-2.613358497607942144e-01
-3.431124869465028149e-01,3.451794467113065285e-02,-4.987006156726521144e-01
-4.305613933221364986e-01,1.342115109751919055e-01,-2.317640974294015999e-01
-3.184840390765742990e-01,4.386798109666313894e-01,-3.083774631696494239e-01
-4.392292173195622151e-01,3.579600690638566791e-03,-3.388057194327812049e-01
-4.478789932623588044e-01,3.454054071618947730e-02,-2.382572617096868905e-01
-2.957896406679187962e-01,1.222094201871466029e-01,-5.315986808716079981e-01
-2.102233864716349931e-01,-3.997986294123606066e-01,4.518648687964343241e-02
-2.129611467704879968e-01,-3.992611979012173906e-01,1.847315353066457111e-01
-2.004350925251781879e-01,-3.700776582546667082e-01,1.152287351615752936e-01
-2.020041044165793998e-01,-3.445487324883603208e-01,2.590689369196608749e-01
-1.857743029024455927e-01,-3.227423780819870802e-01,1.907346511049974047e-01
-1.811043467106424887e-01,-3.189451891837321029e-01,-3.318170273387428815e-02
-1.619136267935065987e-01,-2.709459352602560100e-01,1.271146192771863137e-01
-1.603251536174123137e-01,-2.687134978047758249e-01,1.760707791711597914e-02
-1.900012589564827048e-01,-3.407256911528195875e-01,-1.257925836649914919e-01
-2.069911990486157927e-01,-3.902803006525640273e-01,-2.432281570447767868e-02
-1.863526103910992104e-01,-3.325911674136218799e-01,4.544897180007306803e-02
2.164142962914326063e-01,4.580114116748533193e-01,-5.234794027794901217e-01
1.722451371555044908e-01,5.727990575911110493e-01,-5.621972195037200359e-01
2.350877434050797077e-01,5.561587361935347307e-01,-5.340445815392822482e-01
2.662792994197477059e-01,4.751335338246653883e-01,-4.847367384753518138e-01
1.066557125241024001e-01,5.029087837776187175e-01,-5.838986486568101819e-01
7.966306257261976387e-02,5.752701921892261483e-01,-5.780977569201083410e-01
3.004063372365191054e-01,5.511958556170418744e-01,-4.766346021977609926e-01
2.991576511342485811e-01,4.571937559234813819e-01,-4.210878732313246275e-01
-2.315098279214230972e-03,5.551350577906506434e-01,-5.802957601330495097e-01
3.432418064919430245e-01,5.371185547451633457e-01,-3.970506286877781843e-01
3.447627233026053228e-01,4.936285327962415814e-01,-3.409936821991120803e-01
-1.618371056419868129e-02,4.801012033959444758e-01,-5.965375034552797828e-01
3.675112733353528838e-01,5.368685574996465704e-01,-3.065142445530537052e-01
-1.093250344034902982e-01,5.056935684383806473e-01,-5.698306475496768275e-01
-9.023868742870251591e-02,4.584438453908720179e-01,-5.900990807572472630e-01
3.836195893312104865e-01,5.754132955664944538e-01,-2.524678433851075265e-01
3.757773344603778098e-01,5.288226762961731886e-01,-1.887212625907213059e-01
3.888790388145790256e-01,6.587626686987696489e-01,-1.047512266879214032e-01
1.700619120702558107e-02,7.404667647022220578e-01,-7.870329477022007525e-02
3.583567082947261007e-01,7.200949060534096446e-01,-5.236491387894458283e-02
3.918421829514249777e-01,6.430465449371939313e-01,1.596159590866633865e-02
3.581135997976414020e-01,7.203748202680805290e-01,4.901050138925686084e-02
3.915136261814650132e-01,6.429769160284217744e-01,1.218207766869428971e-01
3.435419705865326856e-01,7.335420940377779253e-01,1.504567476201597864e-01
3.879926593560121262e-01,6.422199094259515295e-01,2.250289781356459018e-01
3.470788576717334095e-01,7.213482427753430404e-01,2.619309766938943129e-01
9.931268297966275305e-02,7.278869563055379022e-01,-4.317700690029883104e-01
1.287400683581333138e-01,6.860186007304005518e-01,-5.089987946796875606e-01
1.487951924202824128e-01,7.730875149007273572e-01,-1.768468299411974920e-01
1.490982085998232010e-01,7.693868026526704540e-01,-2.604706115868200000e-01
1.693700029866772871e-01,6.434106846503712118e-01,-5.397361794401063229e-01
1.699441067366163904e-01,7.600771461921024263e-01,-3.488632136716905974e-01
1.772761305883825966e-01,7.390521468097798197e-01,-4.234111167693853095e-01
2.191232681515865865e-01,7.740244317548705677e-01,-2.238760031153305130e-01
2.434808312603869984e-01,7.463983518227070846e-01,-3.834451458996945838e-01
2.568968170284173791e-01,6.819436590278805665e-01,-4.804194554354950797e-01
-4.210138414405755758e-01,1.399489119678138938e-01,3.171074363301191745e-01
-3.931403951058365931e-01,2.040850320900099990e-01,3.837833880396189223e-01
-4.067717960272583255e-01,2.123176166033974022e-01,3.013639224918117088e-01
1.205121236790556924e-02,2.627838912648373104e-01,5.511474033162433450e-01
-3.538425669006867169e-01,2.694011336693521996e-01,4.448776698236612814e-01
-3.777830842495222829e-01,2.757984866363972776e-01,3.667649869480930080e-01
-2.015174130836180078e-01,3.040905985397934219e-01,5.747515067995307980e-01
-8.894029087877000639e-02,3.255349429670387762e-01,5.916947386467006353e-01
-2.868470033977347788e-01,3.303991670832712169e-01,5.162995485882863056e-01
-3.413953617988734202e-01,3.481313892939325028e-01,4.064705658854593229e-01
-3.074068409237296073e-01,3.886475424603961226e-01,4.486316152709011185e-01
-2.571162258636304765e-01,3.957441570383585239e-01,5.189516192693447438e-01
-2.055108298158906874e-02,1.771295594118972028e-01,5.218573626977995872e-01
-3.011737435960997744e-01,1.912780854186104940e-01,5.297574060853501576e-01
4.089582794780848365e-03,3.924616146630616753e-01,5.932099151496934564e-01
-4.376341273589715725e-02,5.159321793425981628e-01,5.860852041083626229e-01
2.548970984176774854e-02,5.396371398766446337e-01,5.878178211814435450e-01
1.235995689042525963e-01,4.526335977265942834e-01,5.730389847934556080e-01
1.213968107169576954e-01,3.505224116450675886e-01,5.371054739382559173e-01
-1.520713650960489882e-01,5.090428733939904582e-01,5.447139559529345920e-01
-3.682286756811298245e-02,5.915996905320721755e-01,5.517286669201447724e-01
7.664864242053683052e-02,2.797292893240762024e-01,5.249393452372858038e-01
-1.559352421298650093e-01,3.702828105337280795e-01,5.852206350717547023e-01
1.715016808869168075e-01,4.189861273117898022e-01,5.384696882385479055e-01
-1.515407498771443040e-01,5.704307705132519724e-01,4.893589626571209772e-01
-2.027589792957847081e-01,4.281460130091351846e-01,5.508038308886720191e-01
1.547522094822398886e-01,3.172328191476487258e-01,4.879702636953429096e-01
1.003138014733175043e-01,5.763528667709026942e-01,5.763510872672408247e-01
-6.632757630268151794e-02,6.391971001981853195e-01,4.818743601998425885e-01
1.554481252151785065e-01,5.300121899705381168e-01,5.704236522048150571e-01
2.207718355873973873e-02,6.399064411750189363e-01,5.341240387174153170e-01
1.053962616121296991e-01,2.337090084190573125e-01,4.616312679347636116e-01
-1.054081738307823951e-01,2.286248477137013124e-01,5.724994173233759476e-01
-1.942143218186327958e-01,5.817063978870198326e-01,3.869574119708116267e-01
1.572472133044013898e-01,2.438723171695512948e-01,3.927906148641321926e-01
-3.498693484661012931e-01,3.959273044104427153e-01,1.280712494218179953e-01
-3.339650206892921247e-01,4.054599117649235196e-01,3.236501684214845853e-01
-3.414974178238149860e-01,4.133500315570807215e-01,-8.038164621974919211e-02
-3.409021146772605038e-01,4.146004340765124807e-01,2.384286432004116899e-02
-3.366525160704895159e-01,4.193282609855493726e-01,2.047459521825006901e-01
-3.127884537833661160e-01,4.643921534412087104e-01,-1.287920194936154061e-01
-3.099166843800639226e-01,4.683880600591068810e-01,1.608514835454588066e-01
-3.083451421547098170e-01,4.720393018510615768e-01,-4.117863327332577095e-02
-3.079353619210518089e-01,4.726487282216700891e-01,7.315153208777083749e-02
-2.974940878815294232e-01,4.805935229106195195e-01,2.662699459362217747e-01
-2.838789055096426761e-01,5.085032526421019439e-01,2.093045710667477965e-02
-2.820463781273473969e-01,5.109363190599803817e-01,-9.215094195598602655e-02
-3.245584478738450240e-01,4.405067744173494226e-01,-2.208744444355791869e-01
-1.243992531029178977e-01,9.897156171602486396e-02,-5.295348021114535397e-01
-1.020406455607815038e-01,1.859587495100845922e-01,-5.582397088249263506e-01
-1.726914780814501060e-01,1.661146475682805101e-01,-5.619568222911266453e-01
-2.302274903629009106e-01,9.870833648657692527e-02,-5.449748868678435665e-01
-2.003859282206486847e-02,1.608213093093633916e-01,-5.113248425199676817e-01
-1.930217856526124098e-01,4.359884374502331905e-02,-5.265230261734991091e-01
-2.453974206932467983e-01,1.776703074741693977e-01,-5.554601903651333883e-01
-1.353466785363882097e-01,2.391494934087494938e-03,-4.843430713563813272e-01
-2.290219457576641027e-01,2.481267466417526046e-01,-5.653472038659338450e-01
-1.261588288875153951e-01,3.109720910508568803e-01,-5.891801577715917171e-01
1.217697895075606045e-02,2.633126598242964134e-01,-5.513392488160591132e-01
-4.740621792658029909e-02,3.118206171238838142e-01,-5.854202208757075532e-01
-1.869629919849356003e-01,-4.163032456171319312e-02,-4.889530732609804753e-01
-2.555706710680922811e-01,-1.592795928602037947e-02,-5.150746622329074320e-01
-2.601477907852179916e-01,3.063151680877899130e-01,-5.457269904236473623e-01
-2.141756181587169128e-01,3.517011131745341190e-01,-5.651219316946377580e-01
-2.731585737124451740e-01,-8.041452908252333387e-02,-4.978046828298707260e-01
-2.706495468469509169e-01,4.202350144862713188e-01,-4.858738869013292105e-01
-1.482089671552496990e-01,3.781640413383829946e-01,-5.866669227817032928e-01
-1.727258182263194108e-01,-2.224927625753695126e-01,-3.435297923909079176e-01
-2.204743177767261864e-01,-3.073114011728982908e-01,-3.598682207705726221e-01
-1.918488294732897115e-01,-2.934677991824011789e-01,-3.036203831718661261e-01
-2.532801374366431824e-01,-2.584269556760552256e-01,-4.272239389667257803e-01
-1.942980071762570871e-01,-1.621949863512701928e-01,-4.272519289022910227e-01
-2.178569922164922956e-01,-3.590970006575707196e-01,-3.035006402411093984e-01
-1.176212116994397039e-01,-1.466881261103666900e-01,-3.045797326692777918e-01
-1.317218453574983961e-01,-1.898830172313445974e-01,-2.541204355680102833e-01
-2.474523110495034095e-01,-4.230619236336872202e-01,-3.227737648515799918e-01
-3.016606345921997168e-01,-3.792403552052460158e-01,-4.171966759516599899e-01
-2.933900822479725834e-01,-2.246989004353283914e-01,-4.597031754008413240e-01
-1.938850784680727912e-01,-3.377065678645774782e-01,-2.188852430226194135e-01
-3.163717868383351117e-01,-2.913662414198140982e-01,-4.484942627075220178e-01
-1.634514689188817094e-01,-2.669919943958460884e-01,-2.015843687299271048e-01
-2.332181978709600978e-01,-4.462968858889381774e-01,-2.325812873396435054e-01
-2.141927985457779127e-01,-4.060336866956196222e-01,-1.654786259286245009e-01
-2.444710876304750091e-01,-4.964328292540979848e-01,-1.720452566956597873e-01
-2.779480338396950190e-01,-1.550073700644173935e-01,-4.765051594359063780e-01
-1.073731817919890003e-01,-1.582216741722179132e-01,-1.839243685610366108e-01
2.618649335315598736e-01,3.375263901462198790e-01,2.851888366017397147e-01
3.021770587721738788e-01,4.087153320584286931e-01,3.302087362854995156e-01
3.050373610063450980e-01,3.900943559697581109e-01,2.172493763973223080e-01
2.441872540426351101e-01,3.383413782753090238e-01,3.653604272086440896e-01
3.375439044566900249e-01,4.639804922774750096e-01,3.087381411907199058e-01
2.698561298592078161e-01,4.103656056381204120e-01,4.245807640319492204e-01
1.955439680087618926e-01,2.590284789706696067e-01,3.125107731699651170e-01
2.682509504883235918e-01,3.329501742644754847e-01,1.440705066135087031e-01
3.195567055763897102e-01,4.741074190243756981e-01,3.941569882425685067e-01
1.986180585408847954e-01,2.494247218656452103e-01,2.363908601269422982e-01
2.035586432941942914e-01,3.188589209817067061e-01,4.244566087720358927e-01
3.534480404507671092e-01,4.718686586383484816e-01,1.655487267501908055e-01
2.139371112988500134e-01,2.633007094080270227e-01,1.637506851113647022e-01
3.156024992621591085e-01,4.018563411050790068e-01,1.092668226398652992e-01
2.235799840840599906e-01,3.977798707291037017e-01,4.806656576474334086e-01
2.874691937482714010e-01,4.839234179091007060e-01,4.631376958928001275e-01
3.513246801872645930e-01,5.442969422247921907e-01,3.806992282224099799e-01
2.069915687328358900e-01,2.533683026543608885e-01,8.662644876835642882e-02
3.148519072678089836e-01,5.542785123883371412e-01,4.585432851486910821e-01
3.533186149968279843e-01,4.696536404377100182e-01,9.801405125987666667e-02
8.870700110332573399e-03,4.009244330408696239e-02,3.234814314036003058e-01
-4.402968548602462229e-02,-7.979415668225329356e-03,3.662592261063646881e-01
4.968048928039531242e-02,7.168636669902761493e-02,2.394629779265834979e-01
-3.122587258819981004e-02,-2.983209029284569075e-02,2.591132299413083095e-01
-7.118115841662815690e-02,-7.124789756411958885e-02,3.119931826430729083e-01
1.594852544055786955e-02,2.416757289338912831e-02,1.876819364750935137e-01
-7.153699518757382358e-02,-9.351052495424867772e-02,2.305977008873560941e-01
7.733542903470660979e-02,9.944826641981541204e-02,1.639215957438341920e-01
-4.473114052303039240e-02,-6.017307803984121156e-02,1.630395994946229887e-01
4.843142628498053881e-03,6.970656406035573641e-03,1.196397141791682994e-01
5.184627957605999343e-02,6.682020046388362222e-02,1.051709828312721029e-01
-3.309653948780343774e-02,-4.538777412085735763e-02,8.433595556618540823e-02
1.824332550615034854e-02,2.398179872512415031e-02,5.081668559929552326e-02
5.708486227394617141e-02,7.301632706347511992e-02,4.743557735459410195e-03
-7.128158712685266074e-02,-1.025237783225353971e-01,1.760846249451187076e-02
2.146484750013558929e-01,2.627069354178950822e-01,9.705572854861623314e-03
2.798909039501318863e-01,3.481841397602062904e-01,6.527150646623966490e-02
9.147337489500739771e-02,1.231984711315329967e-01,2.470428113985538021e-01
6.508823889050394107e-02,1.088334213516569948e-01,3.251991588258696941e-01
9.145186184908896121e-02,1.795121863976766041e-01,4.117210205578705762e-01
9.556592699207949737e-02,1.199937732371288979e-01,9.648542308542201740e-02
-2.659191155983806065e-01,-4.962090175601006070e-01,3.025498569380491998e-01
-2.268487992450493873e-01,-3.655974593959567809e-01,3.229297376446259027e-01
-3.057419156104945746e-01,-5.918701564260908654e-01,2.971513438301497945e-01
-1.947882728306803979e-01,-2.871063939968375167e-01,3.214195540773098214e-01
-3.535528184405686836e-01,-6.305753502372054564e-01,3.313938793315919784e-01
-4.904954680605108086e-01,-5.076399045904075313e-01,3.287916726854070992e-01
-4.845842546079507929e-01,-3.841940999462357120e-01,3.308999448020371048e-01
-4.255458250533097897e-01,-6.527287711576250651e-01,3.354945462357514230e-01
-4.857219900207165875e-01,-3.091683762707195804e-01,2.940162774813914748e-01
-4.953180225554403848e-01,-6.022771117847811606e-01,2.740000008970818191e-01
-4.659551751644974149e-01,-6.672198571085822261e-01,2.702840660368279191e-01
-4.195649110442002949e-01,3.653072436351328944e-02,3.928801782945726129e-01
-5.863552317727366292e-03,5.864335974939519774e-02,3.975955035557208750e-01
4.737833717746350176e-02,1.248050167789659937e-01,4.041793429937022841e-01
-1.546924980411802097e-01,-1.310591011730440070e-01,4.054946413382857773e-01
-4.204269104832614734e-01,-5.163252103627868905e-02,4.116099491976117908e-01
-3.891453495639460858e-01,1.338860416896759942e-01,4.330702935380050800e-01
-9.552535691878726032e-02,-1.715435142453268849e-02,4.362044895813633194e-01
-4.866257442261365251e-02,5.444390045875575207e-02,4.515257651728660782e-01
-3.811241687147665091e-01,-1.547935973652770081e-01,4.595419337609669141e-01
4.203716416869984090e-04,1.214212636896695036e-01,4.636160274758069910e-01
-3.718208185893914219e-01,-8.479878525089776242e-02,4.707771659566957756e-01
-1.945175171951787907e-01,-7.885571876814742587e-02,4.745224178396044157e-01
-2.549421109924057127e-01,-1.201324813239292022e-01,4.821545661187878196e-01
-3.617935077423826140e-01,3.162101583163955121e-02,4.839623294839742740e-01
-1.295007395383273863e-01,1.478867562674810072e-02,4.881172245688792932e-01
-3.706802159377668993e-01,1.961636277906622927e-01,4.474535723490910000e-01
-1.674548152568330062e-01,4.448100033163677192e-01,-5.658512823875209152e-01
-1.093615201945502026e-02,-1.400872956614243950e-02,-1.270625120520696982e-01
3.023436283781306966e-02,3.971112213442110073e-02,-1.087939936518164952e-01
-1.123065514981118063e-01,-1.711262891988122870e-01,-1.007715817032189959e-01
-1.495082968403846080e-01,-2.443921153234480115e-01,-9.380392452508866385e-02
-6.762395473210947028e-02,-9.660390085693457141e-02,-8.877311887684194436e-02
3.861187092146189936e-01,5.595957402274552850e-01,-8.280732724629506769e-02
8.187860933262861018e-02,1.033957630350150064e-01,-7.863090161916004572e-02
-3.303950292533135158e-02,-4.542402546409912006e-02,-5.689859138983714704e-02
1.668990058385309838e-02,2.195244706355424166e-02,-2.898191576100308045e-02
7.144237093596290944e-02,7.569447352451874611e-01,-1.976195483333577918e-01
-2.570712183585613028e-03,7.313541875487624688e-01,-1.925692166651020998e-01
1.523578521575978117e-01,4.306169694042282781e-01,-5.541866133973600839e-01
6.856373709243748782e-02,4.317501445835091878e-01,-5.863585160087594339e-01
-3.399795668524505793e-02,3.983988907998817774e-01,-5.977061225107725972e-01
3.893586244298448129e-01,5.750754772458690489e-01,-6.562192152574486577e-03
-1.508565717514717963e-01,-1.209556093525180065e-01,-4.093537441390786014e-01
2.770128846930787203e-01,6.196837396996721647e-01,-4.992987572701966248e-01
-2.776176657248334845e-01,4.906925189044836766e-01,-3.593023958067788071e-01
-2.710650610891098822e-01,5.198980347549448933e-01,-2.515884505595776810e-01
-2.584820098985657899e-01,4.817593812671593922e-01,-4.388941635587286227e-01
-2.464645232604719960e-01,5.441969212169445180e-01,-3.044105612349697898e-01
-2.314527801034680921e-01,5.385090213278758142e-01,-3.959052353868350860e-01
-2.292832557655924974e-01,4.636547802789450778e-01,-5.062511178731983197e-01
-2.145486601618470102e-01,5.861508326688747994e-01,-2.421614448307541079e-01
-2.102886027040173911e-01,5.759822203600883928e-01,-3.479399758760564065e-01
-1.757386408234337949e-01,5.928109566319232915e-01,-4.061026522550474915e-01
-1.538332304716464871e-01,5.798106467231871619e-01,-4.731654735860141847e-01
-1.431902337946172887e-01,6.445155794663743887e-01,-2.903830404577877888e-01
-1.399651480167838080e-01,6.316638778289963563e-01,-3.775768716581682782e-01
-1.009824007874230989e-01,5.599343742684912417e-01,-5.428972775719562716e-01
-9.581444569963559754e-02,6.823091797251017443e-01,-2.180842755987801862e-01
-8.142148129988242833e-02,6.665438323127120812e-01,-3.973613703162390265e-01
-7.994793030165936454e-02,6.863814268014735154e-01,-2.953141365282649922e-01
-6.982087397312795873e-02,6.456413408954835287e-01,-4.671194148232101218e-01
-1.604638056885792918e-01,5.299239615274173865e-01,-5.228717079954042779e-01
1.441986245528378008e-01,2.230061297597968062e-01,-3.815719383803725107e-01
1.160676197707773971e-01,2.298490546412876867e-01,-4.433563660468448075e-01
1.028692300941548982e-01,1.621268953001087088e-01,-3.512105414213250176e-01
1.703064676070172867e-01,2.824388808303703868e-01,-4.302511128283730835e-01
6.021403922463613306e-02,2.199246615501712077e-01,-4.945283742224806933e-01
1.986946138451395893e-01,2.681615511400454732e-01,-3.313581184357716203e-01
1.376406437633140023e-01,2.996625158294540792e-01,-4.900742511301812154e-01
7.743799193769883293e-02,1.138050573837224022e-01,-2.889404913753967907e-01
2.140635769157404056e-01,3.145098970853444920e-01,-3.963345606820775080e-01
1.023064473445765982e-01,3.414510010305871202e-01,-5.438646502633048829e-01
1.573648781204370906e-01,3.638863715157575895e-01,-5.196164375330921681e-01
2.603894588289896728e-01,3.552195537097668776e-01,-3.529728429153090041e-01
7.177087342689258964e-02,9.520535890674530766e-02,-2.064010203067216109e-01
2.369277948532521050e-01,3.886633657085636906e-01,-4.551748004476979248e-01
3.159794985381154248e-02,3.600539887214698753e-01,-5.803197812611824435e-01
-4.967299009145649813e-01,-6.407896967089778961e-01,1.839380901795192036e-01
2.958181309126691194e-01,3.753744492298891067e-01,-2.089826983285278938e-01
3.336479210817189789e-01,4.332072185356298788e-01,-1.512047210922544960e-01
2.639442117582352920e-01,3.272819394384033909e-01,-1.506223304497573134e-01
3.172711084474807985e-01,4.042800600678783107e-01,-7.464549778153556359e-02
2.798725051401820263e-01,3.481974849486338952e-01,-7.762281973282939007e-02
3.599718378878825065e-01,4.840559274848275084e-01,-1.045614555190171047e-01
2.176297633874922088e-01,2.673015400192434998e-01,-1.443391132334188032e-01
2.895690144472956029e-01,3.795725222175820868e-01,-2.974865119762897248e-01
2.419196180635261040e-01,3.102874895702100733e-01,-2.814038277371430086e-01
3.133842037439544814e-01,3.979802511043846192e-01,1.746447369600757048e-03
2.211893389310491120e-01,2.708931214315348779e-01,-6.741959305477474018e-02
3.282897672618237950e-01,4.442602941139541795e-01,-3.024239816987913110e-01
2.654476028822195799e-01,3.282258685947763155e-01,-3.275905603914538999e-03
2.081413771274560065e-01,2.610421055248187128e-01,-2.359386811028555131e-01
1.760534806748818015e-01,2.190168688605630964e-01,-1.998584619215955094e-01
1.451104962496778950e-01,1.802635493109324971e-01,-1.619989732728484011e-01
1.755904407099465048e-01,2.151644023779480108e-01,-6.703322136944566204e-03
1.527727379975014066e-01,1.879617616620866127e-01,-6.578039599517718217e-02
1.421279341725320000e-01,1.844474760618030063e-01,-2.566949338649386902e-01
3.530448167014672012e-01,4.752314783372720841e-01,-2.154850090164064924e-01
1.239278833196176960e-01,1.536536039068666926e-01,2.871105726148225068e-02
1.525528380509292015e-01,1.881431452569092000e-01,1.232089571728865046e-01
1.504276394417964069e-01,1.899020182705928872e-01,2.183498815788970093e-01
1.428967057809653052e-01,1.962215971851014873e-01,3.118494995155033922e-01
-4.639644100604143895e-01,-4.694741977795677257e-02,-6.687011447214162574e-02
-4.542713676866902972e-01,1.911193087335133142e-02,-1.955011922045268857e-02
-4.414787494874614082e-01,3.024861145017824007e-02,3.058905715433095085e-01
-4.501188207849496914e-01,3.767417840801764312e-02,1.778367965306343890e-01
-4.496182283290007797e-01,4.616420201389998673e-02,-1.290246214006441905e-01
-4.474013384058977971e-01,6.138528023580618748e-02,4.747492200614714802e-02
-4.422613305571961861e-01,9.057296658443830806e-02,-4.077628248397750094e-02
-4.326511505790269774e-01,1.314224744420713076e-01,1.980807956308675011e-01
-4.333205959313315980e-01,1.360787708531019935e-01,-9.793779664075943914e-02
-4.332768970821814780e-01,1.364724037007138957e-01,8.731553924550737589e-02
-4.282196361312166077e-01,1.603617997729696876e-01,-2.351821217122566920e-02
-4.266698584708886188e-01,1.640750730449515027e-01,-1.602516159239038007e-01
-4.161633999176296839e-01,2.016112947814338863e-01,2.152401441535276017e-01
-4.169791798159038221e-01,2.067773967994281092e-01,1.132167706749249991e-01
-3.545073624598639728e-01,-3.389145626388308241e-02,-4.862561859712469237e-01
-3.627281983221843920e-01,-1.055138674207092009e-01,-4.746938184173802866e-01
-3.594568248714519187e-01,-3.632664808696473013e-01,-4.412594643391984928e-01
-4.182626976930083895e-01,-2.961992232884307907e-01,-4.276793399600938850e-01
-4.154200121182874961e-01,-9.996459995366889506e-02,-4.254739649235463883e-01
-4.275664623175405854e-01,-3.848658756656069824e-01,-4.194134227499902723e-01
-4.392107771615719747e-01,-2.132611070546213128e-01,-3.986408661961325928e-01
-4.564559798935987067e-01,-4.311037190796124241e-01,-3.916229161846114804e-01
-4.657748270165796844e-01,-3.465826731841334940e-01,-3.699647058086262819e-01
-3.886021099980204174e-01,-2.076393677989860076e-01,-4.513093308578784990e-01
-3.561941111346281774e-01,-4.375381391538110121e-01,-4.266407744140628955e-01
-4.213469035312290001e-01,-3.316837378601032726e-02,-4.065540077639457905e-01
-4.925112198147411080e-01,-6.555063371651613791e-01,-1.510684109275428899e-01
-4.860965978591141878e-01,-6.503827004871065576e-01,-2.370048946686555136e-01
-4.965224706246768038e-01,-6.499921439887051955e-01,-6.066716921647660049e-02
-4.762079798931365127e-01,-6.256750051719098815e-01,-3.081210271081145091e-01
-4.987961721750002742e-01,-5.571360806174436853e-01,-2.909801557246329828e-01
-4.584536665825006962e-01,-5.222088945135803240e-01,-3.818561485185567039e-01
-4.531654283216894896e-01,-7.048054687077349723e-01,-7.010863138152820251e-02
