19                                               

9.941967934477005e-01 3.105651115091812e-03
-2.400101840766549e+00 -8.335391216518495e-03
1.487929074211612e+00 7.040710011776086e-03
1.000000000000000e+00 0.000000000000000e+00
3.062308731741958e-02 2.290801316405356e-03

-0.242775283663746235924787454796e1 0.766163437056289618863145337664e-2
-0.100617280458568397484796908461e1 0.298893254318874889743729070640e-2
0.293067271131304076713940754105e1 -0.907840761994697099932900501173e-2
0.100000000000000000000000000000e1 0.000000000000000000000000000000e0
-0.457671162382671436520287863091e-1 -0.213218605428970942955670681543e-1

0.100567335377753134715e1 -0.289180523504938629081e-2
-0.242801139173527904765e1 0.780460988210289875831e-2
0.151178748205237503503e1 -0.656240956662007990808e-2
0.100000000000000000000e1 0.000000000000000000000e0
-0.289521216947884198314e-1 -0.325984131893755992011e-2

-0.100531996475586342919e1 0.344121111770139613789e-2
-0.242807813878138316430e1 0.747762276262303694427e-2
0.293063023913919157293e1 -0.908748907488256816353e-2
0.100000000000000000000e1 0.000000000000000000000e0
-0.444423982327594527128e-1 -0.143962757507925830917e-1

0.158018599671228575031642650128e-3 -0.433991430038322542602459410422e4
0.269430626325829417394820674969e-3 0.179765141348803051356896882527e4
0.486573149797121079730910000985e-4 -0.433991468421401355636272411524e4
0.100000000000000000000000000000e1 0.000000000000000000000000000000e0
0.107088985171818489140758286564e-15 0.932802986859361481285278178044e-17

-0.157560348091548310584435536082e-3 0.433991430035200286474580228268e4
-0.269310463791643921835094645408e-3 -0.179765141304400998443132732297e4
-0.483084084491465431711910112830e-4 0.433991468401146534047612221708e4
0.100000000000000000000000000000e1 0.000000000000000000000000000000e0
0.107627962429986717422983663905e-15 0.967514846444911367622240934810e-17

-0.168462171184249647021276700389e-4 0.179765134003038940533698373997e4
-0.225613473535609980143166963027e-4 -0.433991420620331416085056609749e4
0.348120932768534303467388001952e-4 0.433991460904782958428977500751e4
0.100000000000000000000000000000e1 0.000000000000000000000000000000e0
-0.389962228827899553116569344299e-17 0.698367053830714372291124952177e-17

-0.240036282799691758527e1 -0.818796320320546930360e-2
-0.993689937550931125395e0 -0.320787355965318284772e-2
0.289737026261095610138e1 0.972208480810527494835e-2
0.100000000000000000000e1 0.000000000000000000000e0
0.491506537368192733390e-1 0.209249231188847780380e-1

0.127342970147393363750e1 -0.168862089713966254261e0
-0.104772387029817299394e1 -0.120985421394370660749e1
-0.279175466446990134031e0 0.425688466028482610532e0
0.100000000000000000000e1 0.000000000000000000000e0
-0.168569104290112410817e-4 0.608226636722988421274e-4

-0.387480026935352706466604709122e-2 0.179765296173682962952998370522e4
0.150602770362705397867154513403e-1 -0.433991151420509246328080202547e4
0.141873192752130835502684943645e-1 -0.433991249195920401231868820391e4
0.100000000000000000000000000000e1 0.000000000000000000000000000000e0
0.394955268146690163391098887649e-17 0.819315089055657591452243010694e-17

-2.640608448102988e-03 -5.441923125257957e+00
-2.947016844208906e-02 -2.325025308835558e-02
4.126799625507882e-04 5.016639466978986e+00
1.000000000000000e+00 0.000000000000000e+00
-8.146173770235542e-06 5.053699506289363e-07

-0.994556740517109896783e0 -0.366180354483973432406e-2
-0.240003286887458469937e1 -0.800289961520223990400e-2
0.289741392435958166718e1 0.973082104159389863970e-2
0.100000000000000000000e1 0.000000000000000000000e0
0.474507217086531278026e-1 0.135775635291275947827e-1

0.164259138351343633440231813453e-3 -0.179765174526344262382132887085e4
-0.319474867090139667284120185963e-3 -0.433991435624233827904138894071e4
-0.221540757801465384579029282859e-3 -0.433991453679294884934238071291e4
0.100000000000000000000000000000e1 0.000000000000000000000000000000e0
0.546177168497146800833099910147e-17 0.756848820043704010193720127346e-19

-0.164020843191246496704894062332e-3 0.179765174510634715681035878100e4
0.318913976605846893348955281537e-3 0.433991435604371368960721117281e4
0.221137514447731891725348111134e-3 0.433991453656010096283632308550e4
0.100000000000000000000000000000e1 0.000000000000000000000000000000e0
0.545931483659089998371558844797e-17 0.755029891913094954215706281996e-19

0.386586732945852661163542707035e-2 -0.179765292557421176364168482956e4
-0.150079610318840939459322336507e-1 0.433991141353129327606779920244e4
-0.141394775641681527388835907881e-1 0.433991239340046988774451071591e4
0.100000000000000000000000000000e1 0.000000000000000000000000000000e0
0.392754033514567629809660313078e-17 0.819960693196401402807336521923e-17

0.256723468873679435533227955935e-2 0.433991089168816153853715062915e4
0.433530567592281327347194236239e-3 0.179765168383449289407828527306e4
0.236002238150833832345287006552e-2 0.433991165617780359679251847024e4
0.100000000000000000000000000000e1 0.000000000000000000000000000000e0
0.244553256262955048640700307950e-15 0.537992308445585134563970331559e-17

-0.257474186031556410000076733403e-2 -0.433991090706911947293467995211e4
-0.433878422834746854297127621832e-3 -0.179765168744631933084472403151e4
-0.236658195113708287077289170581e-2 -0.433991167041684455528058618379e4
0.100000000000000000000000000000e1 0.000000000000000000000000000000e0
0.245299950589489624050539824792e-15 0.369790069380033364459944891446e-17

0.106470767076122219651e-2 0.545245452585701271490e1
-0.309461862984369171887e-1 -0.186928808445874077410e-1
-0.178582465388091543405e-2 -0.500446882617924405142e1
0.100000000000000000000e1 0.000000000000000000000e0
-0.828642100720864417411e-5 -0.533598106822926004820e-6

0.168668349301298067363870157770e-4 -0.179765134006921488148726372399e4
0.225891568771207631023652787329e-4 0.433991420617981395010162060327e4
-0.348515602962425978991853935298e-4 -0.433991460903777703246073365083e4
0.100000000000000000000000000000e1 0.000000000000000000000000000000e0
-0.400712233891279096099605487106e-17 0.683995159334588369957015295440e-17

