5
0
0
96
0.565138140300605097711465505789e0 0.000000000000000000000000000000e0
0.384890453750495888317924427961e0 0.000000000000000000000000000000e0
0.120257089270906979459843725841e1 0.000000000000000000000000000000e0
0.347204345807298254539518011313e0 0.000000000000000000000000000000e0
-0.584429326005248656074923082256e-2 0.000000000000000000000000000000e0
2.32886034214135e-17
1.379926567148735e+02
1.25322372766519e-29
3.90625000000000e-4
1.50209433137850e-14
1.000000000000000e+00
1
1
-1

2 0
0 0

-1
3533598891681053854388137263440821778856610393853288185385851023536429672233173447780873303093022896384195038487699370225839043721810075548482691205219764251760230724628786544865333453495105306742571442351198233901609908047793209213673552415352257935309932938168133469754266227539282388442195487648435854019723/10000000000000000000000000000000000000000000000000000000000000000000000000000000000000000000000000000000000000000000000000000000000000000000000000000000000000000000000000000000000000000000000000000000000000000000000000000000000000000000000000000000000000000000000000000000000000000000000000000000000000000000000 -1599525713685600396868770288763221372319663935375436970092074262181157398783669308842795606848054681117848331955202864180584715461623576424108954072431639102347413265325633536754753497894964920441907145029026325181737314810836402048598745354016637607481632269279798618291277169177871456109143474594009318673687/2500000000000000000000000000000000000000000000000000000000000000000000000000000000000000000000000000000000000000000000000000000000000000000000000000000000000000000000000000000000000000000000000000000000000000000000000000000000000000000000000000000000000000000000000000000000000000000000000000000000000000000000
0 0

0 0

0 0

