108

1.108835304813696e-01 -1.166983267931400e+00;
3.080870121137814e-01 -7.620409264200302e-01;
-2.212261030847081e-01 5.508291280455229e-01;
-7.141200210754116e-01 -1.292963736064536e-01;
-5.578324285805907e-01 2.729249512203988e-01;
-2.213409608770697e-01 9.238000124806833e-01;

2.328313092844376e-01 -7.662483620443352e-01;
5.167859151809352e-01 -8.404321588824876e-01;
-6.058151997151352e-01 7.024118287445110e-01;
-1.533442102545935e-01 -1.870380011141058e-01;
-5.578324285805907e-01 2.729249512203988e-01;
-2.213409608770697e-01 9.238000124806833e-01;

1.327105116038214e+00 -3.292070364332118e-01;
7.117197983499631e-01 -1.436492531216787e+00;
-9.493980638990287e-01 1.813357008704491e+00;
7.061249449282162e-01 -1.519757952386425e+00;
-5.578324285805907e-01 2.729249512203988e-01;
-2.213409608770697e-01 9.238000124806833e-01;

-1.646548325852360e-01 -4.136367654901078e-01;
5.967474588181875e-02 -7.425437293853605e-01;
-1.564076986446618e-01 -2.207714465261219e-01;
-1.890048273282585e-03 8.153906803647117e-01;
-5.578324285805907e-01 2.729249512203988e-01;
-2.213409608770697e-01 9.238000124806833e-01;

-1.349359506093090e-01 -4.061740154542722e-01;
2.177928681646963e-02 -8.085633149438617e-01;
-6.542112237900348e-02 -1.776116271967071e-01;
-2.470786648202255e-02 7.921715217885079e-01;
-5.578324285805907e-01 2.729249512203988e-01;
-2.213409608770697e-01 9.238000124806833e-01;

2.832048552562782e-01 1.794999080795674e-01;
3.482770140585226e-01 -2.566248407917795e+00;
9.057076344107658e-01 1.978864367869745e+00;
-7.965754968532243e-02 2.960572057728056e-02;
-5.578324285805907e-01 2.729249512203988e-01;
-2.213409608770697e-01 9.238000124806833e-01;

5.596030546284712e-01 9.259359226027998e-02;
1.024566039053223e-02 -4.725428403202114e-01;
-9.596397030360638e-01 -5.077995845803704e-01;
1.205185629241528e+00 3.239772801587980e-01;
-5.578324285805907e-01 2.729249512203988e-01;
-2.213409608770697e-01 9.238000124806833e-01;

7.243808403061724e-02 -1.233408721319560e-02;
-7.429341209493555e-02 -3.904964919052685e-01;
-6.609315197505817e-01 -8.431487587389176e-01;
8.185313913702186e-01 9.278662187061109e-01;
-5.578324285805907e-01 2.729249512203988e-01;
-2.213409608770697e-01 9.238000124806833e-01;

2.045901347150069e+00 7.246800355449508e-02;
2.012503993647713e-01 -7.674910382824761e-01;
-1.604195436264616e+00 6.664891161592892e-01;
1.926172609806294e+00 -1.689698358292099e+00;
-5.578324285805907e-01 2.729249512203988e-01;
-2.213409608770697e-01 9.238000124806833e-01;

5.470587337717909e-01 -6.279154205469071e-01;
4.024163809723638e-01 -2.949977319071394e-01;
-4.930872053454415e-01 4.744043476307375e-01;
-3.727569318749057e-01 -9.702017785741582e-02;
-5.578324285805907e-01 2.729249512203988e-01;
-2.213409608770697e-01 9.238000124806833e-01;

1.796456279347081e+00 -1.282597021349547e+00;
1.022561868040673e+00 -6.687713097084322e-01;
-5.205977203202619e-01 1.321928828573934e+00;
-2.625781868972791e-01 -1.221477788665608e+00;
-5.578324285805907e-01 2.729249512203988e-01;
-2.213409608770697e-01 9.238000124806833e-01;

9.366002544138671e-01 3.610070153594915e-01;
6.323418000872268e-01 1.998034636419442e-01;
-1.125818485979095e+00 3.853235594770860e-01;
4.607702361630031e-01 7.636755345944560e-02;
-5.578324285805907e-01 2.729249512203988e-01;
-2.213409608770697e-01 9.238000124806833e-01;

5.080278313206699e-02 2.218723504335759e-02;
-3.789795936835662e-02 -2.340856631912568e-01;
-4.195050076482085e-01 -8.701997264582934e-02;
-3.252216197370056e-02 5.771716119037664e-01;
-5.578324285805907e-01 2.729249512203988e-01;
-2.213409608770697e-01 9.238000124806833e-01;

9.869756957723852e-02 -2.162543429524459e-01;
6.368759572268597e-02 -8.255319732315731e-01;
4.621463549962451e-02 1.635741726181625e-01;
-1.105522054872667e-01 6.113871696041495e-01;
-5.578324285805907e-01 2.729249512203988e-01;
-2.213409608770697e-01 9.238000124806833e-01;

5.935856854088589e-01 2.230785102886848e-01;
1.314832301814913e+00 2.237479907593342e-01;
-1.181062316675226e+00 9.149743474463226e-01;
-8.405801577386629e-02 3.810704026107622e-01;
-5.578324285805907e-01 2.729249512203988e-01;
-2.213409608770697e-01 9.238000124806833e-01;

-3.370283997436255e-01 7.172042463667501e-02;
-2.065079210166139e-01 -3.634141082840175e-01;
-2.038044121866235e-01 -2.505547154548126e-01;
-1.475951536208017e-01 9.193547701490327e-01;
-5.578324285805907e-01 2.729249512203988e-01;
-2.213409608770697e-01 9.238000124806833e-01;

5.343442743810485e-01 5.494996091664597e-01;
-2.348587844711893e-02 -4.075707929386796e-01;
-4.514732829691280e-01 -1.074368244426891e-01;
6.970154905134048e-01 5.797265011826518e-01;
-5.578324285805907e-01 2.729249512203988e-01;
-2.213409608770697e-01 9.238000124806833e-01;

1.095897157392861e+00 7.901542544722632e-01;
8.588737077341643e-02 -4.454506480643650e-01;
-5.945326921430182e-01 -5.165533917184906e-03;
1.193690400521955e+00 3.217878501791316e-01;
-5.578324285805907e-01 2.729249512203988e-01;
-2.213409608770697e-01 9.238000124806833e-01;

-1.182624532673254e+00 3.181901663445488e-01;
-9.520163718741255e-01 -2.685407186564553e-01;
-1.411037779341045e-01 -2.472359245289416e-01;
-6.365718343685072e-01 8.414835671207772e-01;
-5.578324285805907e-01 2.729249512203988e-01;
-2.213409608770697e-01 9.238000124806833e-01;

-1.848737913407512e+00 8.354066904106505e-01;
-3.350849091008544e-01 -8.321870156071723e-01;
-1.060717602769519e+00 -1.852477992706048e-01;
5.564661380233834e-01 1.312562312576240e+00;
-5.578324285805907e-01 2.729249512203988e-01;
-2.213409608770697e-01 9.238000124806833e-01;

-1.784843521060661e-01 -1.568076212491920e-01;
-1.906163521064841e+00 2.801951466334390e-01;
1.059103999306438e+00 -6.452229244436840e-02;
-2.036254641514519e+00 -1.047183763590743e-01;
-5.578324285805907e-01 2.729249512203988e-01;
-2.213409608770697e-01 9.238000124806833e-01;

-3.107957065949928e-01 5.271846322314867e-01;
-6.696577123726802e-01 -3.820290557046481e-02;
-7.285134211014977e-01 -3.030926517348130e-01;
2.175406518257450e-01 3.993507533715905e-01;
-5.578324285805907e-01 2.729249512203988e-01;
-2.213409608770697e-01 9.238000124806833e-01;

-1.059986827648230e+00 3.044574116250059e-01;
4.822185335202102e-02 -6.354020751231263e-01;
-1.451435301327645e+00 -6.226425105953532e-02;
7.335968309881505e-01 6.304398432139563e-01;
-5.578324285805907e-01 2.729249512203988e-01;
-2.213409608770697e-01 9.238000124806833e-01;

5.291395906074543e-01 4.885164059153655e-01;
-1.187809399823462e+00 8.224243209968459e-01;
-7.920630421859264e-02 -8.034359421168410e-01;
-3.884903788698326e-01 3.470739737080265e-01;
-5.578324285805907e-01 2.729249512203988e-01;
-2.213409608770697e-01 9.238000124806833e-01;

-3.068407191282708e-01 -1.207712563902517e+00;
-3.621310625985921e-01 -6.727582389992074e-01;
-5.712178814246293e-01 8.278639115980450e-01;
-9.965573575671454e-01 -1.011254385418117e+00;
-5.578324285805907e-01 2.729249512203988e-01;
-2.213409608770697e-01 9.238000124806833e-01;

-5.515790381917165e-01 7.947791009256353e-01;
-3.507642675522179e-02 -3.263521625079274e-01;
-1.601566197059676e+00 -3.269402213278582e-01;
1.256644626757756e+00 6.529646854226618e-01;
-5.578324285805907e-01 2.729249512203988e-01;
-2.213409608770697e-01 9.238000124806833e-01;

1.900623492801983e+00 -1.449401408025218e+00;
-7.322899666518018e-02 -1.110407648271574e+00;
-1.549408257939592e+00 2.222606784285084e+00;
2.197771626490499e-01 -3.844609296101040e+00;
-5.578324285805907e-01 2.729249512203988e-01;
-2.213409608770697e-01 9.238000124806833e-01;

-4.028428218873397e-01 -8.066162157189249e-01;
-1.194192162488698e-01 -7.058349294746052e-01;
-1.353725126382473e-01 3.101247740151881e-01;
-7.644243558443518e-01 1.768932637900500e-01;
-5.578324285805907e-01 2.729249512203988e-01;
-2.213409608770697e-01 9.238000124806833e-01;

3.091956642793777e-01 -1.153390959811741e+00;
6.121718444326523e-01 -9.257763124503929e-01;
-4.664830630710456e-01 7.575795725182007e-01;
-3.821014741761405e-01 -2.860538848279458e-01;
-5.578324285805907e-01 2.729249512203988e-01;
-2.213409608770697e-01 9.238000124806833e-01;

8.646659509659743e-01 7.365661251879911e-01;
8.484803937064119e-01 9.595861618874537e-01;
-1.426693105524601e+00 -2.398573512575181e-01;
5.948863236488863e-01 8.434007202241852e-01;
-5.578324285805907e-01 2.729249512203988e-01;
-2.213409608770697e-01 9.238000124806833e-01;

8.260660052411879e-02 7.316124875270505e-02;
-4.370612075268539e-02 -1.703674643323796e-01;
-4.502320276412951e-01 -6.736759517506996e-02;
-3.919000371324584e-02 5.482484659116943e-01;
-5.578324285805907e-01 2.729249512203988e-01;
-2.213409608770697e-01 9.238000124806833e-01;

-1.900469559379299e-02 -5.346776053020776e-02;
7.657045478773232e-02 -7.982557008897182e-01;
-1.768474692858713e-01 2.507977178138007e-01;
6.635723457887713e-03 5.473900518880113e-01;
-5.578324285805907e-01 2.729249512203988e-01;
-2.213409608770697e-01 9.238000124806833e-01;

8.218482383729722e-01 3.902193220315353e-01;
8.927296296510723e-01 2.855344730006315e+00;
-2.386685684095011e+00 -8.218961102819378e-01;
-2.375741408055141e-01 6.587317073590938e-01;
-5.578324285805907e-01 2.729249512203988e-01;
-2.213409608770697e-01 9.238000124806833e-01;

-4.712763544879651e-01 -1.901180902351632e-01;
-2.718873202254766e-01 -4.088502252210587e-01;
-1.597479072172791e-01 7.658163036407119e-03;
-5.309184268068007e-01 6.223757509922023e-01;
-5.578324285805907e-01 2.729249512203988e-01;
-2.213409608770697e-01 9.238000124806833e-01;

5.758248188276208e-01 5.313256969651476e-01;
-2.364949394043820e-02 -4.109041499998319e-01;
-4.038442325090502e-01 -1.075419312602900e-01;
6.740984260034756e-01 5.811185010391217e-01;
-5.578324285805907e-01 2.729249512203988e-01;
-2.213409608770697e-01 9.238000124806833e-01;

1.026898660224510e+00 9.701982147898889e-01;
9.764460318204710e-02 -3.913153883493054e-01;
-5.133915110087626e-01 -1.839994088165808e-01;
1.265489594897347e+00 6.609419522191153e-01;
-5.578324285805907e-01 2.729249512203988e-01;
-2.213409608770697e-01 9.238000124806833e-01;

2.572528170883205e+00 -7.769780600178995e-01;
4.315625892821025e-01 -2.082759298992173e+00;
-4.106458066814431e-01 3.003174567954050e+00;
4.358270063710124e-01 -3.280299194491297e+00;
-3.492148664776564e-01 6.498194385509771e-01;
-5.884550712967418e-02 6.365541855174607e-01;

-1.430053353511904e-01 -8.002994065585669e-01;
5.114746446030484e-01 -6.396552862357122e-01;
-6.019739496313551e-01 3.300065532813612e-01;
-2.952400932020215e-01 3.006219737038656e-01;
-3.492148664776564e-01 6.498194385509771e-01;
-5.884550712967418e-02 6.365541855174607e-01;

1.019137540444517e+00 -2.076249687999624e+00;
-2.057258453615832e-01 -1.213539995533682e+00;
7.449045451188138e-01 1.372551946143723e+00;
-1.680951705324270e+00 -1.563479729892604e+00;
-3.492148664776564e-01 6.498194385509771e-01;
-5.884550712967418e-02 6.365541855174607e-01;

9.125674531296828e-01 -8.898500690022153e-01;
-2.649420714681774e+00 -1.848041065687312e+00;
3.621676200709955e+00 -1.063037134893029e+00;
-1.242340060790374e+00 6.508865743788791e-01;
-3.492148664776564e-01 6.498194385509771e-01;
-5.884550712967418e-02 6.365541855174607e-01;

-7.868979355327858e-02 -3.949255990438157e-01;
-5.508496698523840e-02 -9.285541400295865e-01;
1.086295240298003e-01 -1.051952957839447e-01;
-6.948493266846120e-02 7.508344112779686e-01;
-3.492148664776564e-01 6.498194385509771e-01;
-5.884550712967418e-02 6.365541855174607e-01;

-2.250396884160281e-01 5.618544708734716e-01;
1.908451717256880e+00 -2.316528427313630e+00;
-9.782036454430303e-01 2.884435072082381e+00;
5.928845403342272e-01 -3.575675699047558e-02;
-3.492148664776564e-01 6.498194385509771e-01;
-5.884550712967418e-02 6.365541855174607e-01;

2.354217530475324e+00 -1.412428274674200e-01;
1.996630662479013e-01 -8.561603389512924e-01;
-1.573612584201066e+00 1.003175400562761e+00;
1.793276694175511e+00 -2.212881441072954e+00;
-3.492148664776564e-01 6.498194385509771e-01;
-5.884550712967418e-02 6.365541855174607e-01;

1.939919209446962e-01 -5.122165018533478e-01;
-1.566599731475277e-01 -4.799735985394897e-01;
-3.229978050226733e-01 -5.257545379137772e-01;
2.058678505406499e-01 5.123985225728771e-01;
-3.492148664776564e-01 6.498194385509771e-01;
-5.884550712967418e-02 6.365541855174607e-01;

1.031445384651829e+00 -2.548894919991957e+00;
-4.473591127913443e-01 -9.118324751727456e-01;
9.018151841149170e-01 1.035718677199829e+00;
-2.118070301493475e+00 -1.641643435769447e+00;
-3.492148664776564e-01 6.498194385509771e-01;
-5.884550712967418e-02 6.365541855174607e-01;

7.088792132453858e-02 1.963868745353992e+00;
2.378718351806589e-01 1.047680618510795e+00;
-1.707990049162420e+00 -5.422794780062565e-01;
1.154254813536972e+00 1.360242101175806e+00;
-3.492148664776564e-01 6.498194385509771e-01;
-5.884550712967418e-02 6.365541855174607e-01;

-1.963959546885282e-02 -1.088067427234392e-01;
1.279430984145062e-01 -1.162342950369194e-02;
-5.968347335751584e-01 2.419276025514294e-02;
-2.739145669881659e-01 5.105792786455476e-01;
-3.492148664776564e-01 6.498194385509771e-01;
-5.884550712967418e-02 6.365541855174607e-01;

-4.533360664181962e-01 1.467023270494531e-01;
-8.645844429344608e-02 1.325999472707864e-01;
-6.020660896062615e-01 -2.783710124991705e-01;
-2.932346026246301e-01 9.133145778315943e-01;
-3.492148664776564e-01 6.498194385509771e-01;
-5.884550712967418e-02 6.365541855174607e-01;

-3.266647433783555e-01 4.874700015141138e-01;
-9.366401409780172e-01 9.397431394660675e-01;
-1.148482393718189e+00 -1.166852461807952e+00;
1.768601440720493e-01 5.918736507486672e-01;
-3.492148664776564e-01 6.498194385509771e-01;
-5.884550712967418e-02 6.365541855174607e-01;

-1.807608982029958e-01 -4.131075703009456e-02;
-6.134626429975375e-01 -3.746342658638481e-01;
-1.408051199195431e-01 -5.285528733996067e-01;
-4.165681068387036e-03 6.563667585883767e-01;
-3.492148664776564e-01 6.498194385509771e-01;
-5.884550712967418e-02 6.365541855174607e-01;

7.894565178796135e-02 2.161732809295468e-01;
4.498006043334316e-02 2.424328025419298e-01;
-8.408807416155949e-01 -1.512846866762656e-01;
1.746332674170557e-02 5.300851330536578e-01;
-3.492148664776564e-01 6.498194385509771e-01;
-5.884550712967418e-02 6.365541855174607e-01;

1.942718485774506e+00 1.317559700371176e+00;
2.717968188417708e-01 -4.795229408520647e-01;
-8.507493565373528e-01 1.245015576547493e-01;
2.059188209953542e+00 2.837832094312813e-02;
-3.492148664776564e-01 6.498194385509771e-01;
-5.884550712967418e-02 6.365541855174607e-01;

-1.298239958095403e-01 -1.127211107405831e-01;
-2.009907562437269e-01 -4.156791309332870e-01;
-1.893467212143035e-01 -1.720263173069746e-01;
-1.578621856261812e-01 6.654468964902529e-01;
-3.492148664776564e-01 6.498194385509771e-01;
-5.884550712967418e-02 6.365541855174607e-01;

-1.935497233686377e+00 -6.969096359956475e-02;
-4.485258302646791e-01 -1.794138438778205e-01;
6.963214545486847e-02 -6.228277906676457e-01;
-1.176350830379638e+00 1.969382748825210e+00;
-3.492148664776564e-01 6.498194385509771e-01;
-5.884550712967418e-02 6.365541855174607e-01;

-7.338161557065250e-01 -6.090095210936695e-02;
-1.365261853467805e+00 1.414570899342342e-01;
4.971969261570928e-01 -3.167414368801789e-01;
-1.480463511700714e+00 5.477967661113277e-01;
-3.492148664776564e-01 6.498194385509771e-01;
-5.884550712967418e-02 6.365541855174607e-01;

-1.080014275148693e+00 4.044301197850030e-01;
-1.060199381111605e+00 -3.455880959165975e-01;
-1.007684361708807e-01 -1.064056335938320e-01;
-6.032020367253678e-01 6.403681959149639e-01;
-3.492148664776564e-01 6.498194385509771e-01;
-5.884550712967418e-02 6.365541855174607e-01;

-1.470546982067238e+00 -2.695925982619850e-01;
-6.210521344695448e-01 2.891953088090037e-01;
-4.310386301772979e-02 -9.558213122032165e-01;
-1.182786431138729e+00 1.673729405202150e+00;
-3.492148664776564e-01 6.498194385509771e-01;
-5.884550712967418e-02 6.365541855174607e-01;

1.949106066520417e-02 4.556362888225674e-01;
-8.173978475373124e-01 3.375567885623489e-01;
-5.046782742412406e-01 -5.448473547901918e-01;
-2.613509820765600e-02 4.191995188042402e-01;
-3.492148664776564e-01 6.498194385509771e-01;
-5.884550712967418e-02 6.365541855174607e-01;

-7.594856417974522e-03 2.885889220417660e-01;
-6.333825699276405e-01 4.213257906723168e-01;
-6.196798358951192e-01 -6.631418162500036e-01;
-2.262273643105399e-02 5.415752178931205e-01;
-3.492148664776564e-01 6.498194385509771e-01;
-5.884550712967418e-02 6.365541855174607e-01;

1.829272554801748e-01 1.594776652691099e-01;
-6.312811271539577e-01 6.962862455576796e-01;
-5.396582625982611e-01 -8.727591838375257e-01;
-1.715513335026209e-01 6.160175482289788e-01;
-3.492148664776564e-01 6.498194385509771e-01;
-5.884550712967418e-02 6.365541855174607e-01;

1.676179599071861e+00 -1.373890726278289e+00;
-9.334526306317734e-02 -1.058229655230413e+00;
-1.479311033431018e+00 2.055010125575971e+00;
1.576746962982367e-01 -3.521720263443007e+00;
-3.492148664776564e-01 6.498194385509771e-01;
-5.884550712967418e-02 6.365541855174607e-01;

-8.587566717350822e-01 -4.952498168821229e-01;
-3.158550619112862e-01 -4.650257463138960e-01;
-7.024837279747121e-01 1.490621776407772e-01;
-5.125433010125374e-01 1.427156732004476e-01;
-3.492148664776564e-01 6.498194385509771e-01;
-5.884550712967418e-02 6.365541855174607e-01;

-3.001610572271722e+00 -5.254242152249146e-01;
-6.444269669733073e-01 -8.010936616624360e-02;
3.997015283087599e-01 -1.070811740927603e+00;
-2.013331885542816e+00 2.712197692754022e+00;
-3.492148664776564e-01 6.498194385509771e-01;
-5.884550712967418e-02 6.365541855174607e-01;

-9.325783334146883e-01 1.044176253996383e+00;
-9.102468452497104e-01 9.742637753146628e-01;
-4.065127819215044e-01 -1.015469594528022e+00;
-5.484691775657289e-01 1.620252965019905e+00;
-3.492148664776564e-01 6.498194385509771e-01;
-5.884550712967418e-02 6.365541855174607e-01;

2.517990026232016e-02 -1.402701079372390e-01;
1.849490143763424e-01 -5.170328760061426e-03;
-6.186197183032568e-01 3.388783523803548e-02;
-2.597754787318362e-01 5.021663425204936e-01;
-3.492148664776564e-01 6.498194385509771e-01;
-5.884550712967418e-02 6.365541855174607e-01;

-2.683642194788310e-01 -1.204017947482516e-01;
-9.760265095179776e-02 -3.169108827499069e-02;
-4.421256087282152e-01 -7.386284801219466e-02;
-4.560620118297238e-01 6.080936388134355e-01;
-3.492148664776564e-01 6.498194385509771e-01;
-5.884550712967418e-02 6.365541855174607e-01;

1.134916688900095e-02 3.382281450568422e-01;
-1.020317411589973e+00 2.926152854919792e-01;
-2.892462344892832e-01 -7.580292330255953e-01;
-8.612555335594145e-02 4.865953846068025e-01;
-3.492148664776564e-01 6.498194385509771e-01;
-5.884550712967418e-02 6.365541855174607e-01;

1.800904122259384e-01 2.080328536604119e-01;
-1.992314460344276e-01 4.661863852531682e-01;
-7.136741551514014e-01 -4.071759365014443e-01;
-8.614544635087355e-02 5.467625413864534e-01;
-3.492148664776564e-01 6.498194385509771e-01;
-5.884550712967418e-02 6.365541855174607e-01;

1.331239228710147e-01 2.087766772118957e-01;
-3.213508520364897e-01 3.272716004708519e-01;
-5.924587810168945e-01 -4.131755137858615e-01;
-7.820877167789025e-02 5.361395472871825e-01;
-3.492148664776564e-01 6.498194385509771e-01;
-5.884550712967418e-02 6.365541855174607e-01;

2.099993016985342e+00 1.939015810966786e+00;
3.777656228279488e-01 -3.567422728881183e-01;
-7.714201648379285e-01 -3.501268293573943e-01;
2.629925773921035e+00 7.935027856338013e-01;
-3.492148664776564e-01 6.498194385509771e-01;
-5.884550712967418e-02 6.365541855174607e-01;

-3.122362746449976e-01 -2.121391776754817e-02;
-2.275334347510709e-01 -3.996792746061194e-01;
-1.988582341730028e-01 -2.226675579818658e-02;
-3.144100386551691e-01 6.613139047610112e-01;
-3.492148664776564e-01 6.498194385509771e-01;
-5.884550712967418e-02 6.365541855174607e-01;

-6.808018275352077e-01 4.982973649779953e-02;
-2.784822102857193e-01 -3.470106240418505e-01;
-1.240896867597085e-01 -4.979419367894777e-02;
-5.551452856657174e-01 9.234583442151159e-01;
-3.492148664776564e-01 6.498194385509771e-01;
-5.884550712967418e-02 6.365541855174607e-01;

2.265174373747098e+00 3.336628199631111e-01;
1.625092527389292e-01 4.040909957919703e-02;
-2.609119168875753e+00 -2.981572682669252e-01;
2.869954596166105e+00 -1.595102116973474e+00;
4.000313595071978e-02 5.391313613911258e-01;
-2.870866920094682e-01 4.267697766936165e-01;

-3.870965734244977e-02 -5.620389536579812e-01;
1.178691033069005e-01 -7.261394298030442e-01;
-2.359078659097141e-01 -5.053239465823466e-02;
-8.478488679340682e-02 5.405439187517956e-01;
4.000313595071978e-02 5.391313613911258e-01;
-2.870866920094682e-01 4.267697766936165e-01;

6.915103756960007e-02 -1.887469029436806e+00;
5.062244844534308e-01 -8.669180188695911e-01;
1.014370525077662e-03 1.211078406743516e+00;
-1.639801270174697e+00 -6.547514487838677e-01;
4.000313595071978e-02 5.391313613911258e-01;
-2.870866920094682e-01 4.267697766936165e-01;

2.362193509575309e+00 1.495856222303366e+00;
6.504035389367291e-01 2.150613674127414e+00;
-5.852494308936474e+00 -2.663123726606563e+00;
5.771245624096500e+00 -8.472049606400600e-01;
4.000313595071978e-02 5.391313613911258e-01;
-2.870866920094682e-01 4.267697766936165e-01;

-1.045927918250646e-01 -5.043884862361238e-01;
1.056830816482063e-01 -8.612385077692295e-01;
-7.663111377306880e-02 2.833595898071181e-02;
-1.404284679727552e-01 6.324335951571374e-01;
4.000313595071978e-02 5.391313613911258e-01;
-2.870866920094682e-01 4.267697766936165e-01;

1.266597305571089e-01 -1.286115473501984e+00;
7.660102982048920e-01 -1.286950409971034e+00;
-1.458849060575019e-01 1.662553654493119e+00;
-1.073317713400075e+00 -6.232400508960894e-01;
4.000313595071978e-02 5.391313613911258e-01;
-2.870866920094682e-01 4.267697766936165e-01;

2.316798579704685e+00 5.227909812702281e-02;
1.824383401779522e-01 -4.905101674330352e-01;
-1.993022306479271e+00 4.699359885627689e-01;
2.231058506715021e+00 -1.958387673921989e+00;
4.000313595071978e-02 5.391313613911258e-01;
-2.870866920094682e-01 4.267697766936165e-01;

-2.026844211500088e+00 1.497019151562484e+00;
-6.500238553219683e-01 -5.094067712625231e+00;
5.169673221315178e+00 2.081653469104808e+00;
-1.645329432860672e+00 3.686968064736337e+00;
4.000313595071978e-02 5.391313613911258e-01;
-2.870866920094682e-01 4.267697766936165e-01;

6.395259695047094e-01 -3.914260059647853e-01;
8.742525717865397e-01 -2.123079261179489e+00;
-5.643394491952653e-02 2.468093143835343e+00;
-1.701736835798234e-01 -9.731153290585091e-01;
4.000313595071978e-02 5.391313613911258e-01;
-2.870866920094682e-01 4.267697766936165e-01;

6.364397143771656e-01 1.110016895501184e+00;
-2.282848195393614e-01 4.098232683800646e-01;
-1.146329899149619e+00 -5.379261490036243e-01;
1.107211011479163e+00 5.287983434583553e-01;
4.000313595071978e-02 5.391313613911258e-01;
-2.870866920094682e-01 4.267697766936165e-01;

-9.628510258282690e-02 -1.296128810072428e-01;
-3.655309697238950e-02 -3.489579218956964e-01;
-2.788461499078322e-01 -4.665014571522431e-02;
-2.178959975404321e-01 6.382310302539516e-01;
4.000313595071978e-02 5.391313613911258e-01;
-2.870866920094682e-01 4.267697766936165e-01;

1.788509140164317e+00 4.669395870928494e-01;
4.623973102688507e-01 6.026334377388344e-01;
-1.615977866981836e+00 2.455394081234495e-01;
1.036990655118349e+00 -6.874468772068668e-01;
4.000313595071978e-02 5.391313613911258e-01;
-2.870866920094682e-01 4.267697766936165e-01;

1.182892200588815e+00 1.219601410841430e+00;
-2.619926468391807e-03 4.388348699439349e-02;
-1.033141619308477e+00 -2.540013752191269e-01;
1.516525982640466e+00 3.342884208466178e-01;
4.000313595071978e-02 5.391313613911258e-01;
-2.870866920094682e-01 4.267697766936165e-01;

-1.871720042670775e-01 -2.072964764689901e-01;
-4.307643241062396e-02 -9.139253799174673e-01;
1.994686106464331e-01 6.179614848796218e-02;
-2.239030344366063e-01 8.480095277985942e-01;
4.000313595071978e-02 5.391313613911258e-01;
-2.870866920094682e-01 4.267697766936165e-01;

4.856666479811144e+00 2.376181419036851e+00;
9.617256146467121e-01 1.642014540000072e+00;
-3.433619316483681e+00 3.587110668398635e-01;
4.009027004951462e+00 -2.169896721188194e+00;
4.000313595071978e-02 5.391313613911258e-01;
-2.870866920094682e-01 4.267697766936165e-01;

1.341843549253370e+00 7.379313876682356e-01;
-3.084716507806304e-01 -2.001377709302220e-01;
-7.642130993982800e-01 -3.251138290147344e-01;
1.385699257709416e+00 -5.684491337756008e-02;
4.000313595071978e-02 5.391313613911258e-01;
-2.870866920094682e-01 4.267697766936165e-01;

3.911556791510072e-01 -2.689439115534344e-01;
1.975729616079747e+00 9.510965184920195e-01;
-1.782352497616829e+00 1.390088466347766e+00;
-9.453376027096613e-01 1.257118307415735e-01;
4.000313595071978e-02 5.391313613911258e-01;
-2.870866920094682e-01 4.267697766936165e-01;

1.141908177703177e+00 2.939409704792791e-01;
3.178989157486172e-01 4.453515600212541e-01;
-1.299969479873444e+00 1.275324616021785e-01;
5.901996932180721e-01 -2.645783050181365e-01;
4.000313595071978e-02 5.391313613911258e-01;
-2.870866920094682e-01 4.267697766936165e-01;

1.073550280512792e+00 5.083596675536711e-01;
-1.594418995343946e-01 1.991367509682627e-01;
-1.628924723309085e+00 -1.632556732358877e-01;
1.327697589291400e+00 -5.872650298337098e-01;
4.000313595071978e-02 5.391313613911258e-01;
-2.870866920094682e-01 4.267697766936165e-01;

-8.798295866505698e-01 1.594305068839300e-01;
-8.131353236467914e-01 -2.732519754090183e-01;
-3.237982956932222e-01 -1.158730239828071e-01;
-5.022557910063257e-01 5.001946698446040e-01;
4.000313595071978e-02 5.391313613911258e-01;
-2.870866920094682e-01 4.267697766936165e-01;

-8.944252788436339e-01 2.472719391065382e+00;
-1.226600695467349e+00 5.712110213182021e-01;
-5.274590421302201e-01 -1.624734536851727e+00;
1.109041646183188e+00 2.387617817738497e+00;
4.000313595071978e-02 5.391313613911258e-01;
-2.870866920094682e-01 4.267697766936165e-01;

1.507699907676137e+00 1.261950973182436e+00;
2.302240883456142e-01 5.930333735799675e-01;
-2.395224549607180e+00 -7.715256215366268e-01;
2.629305309232284e+00 -9.900481867814744e-02;
4.000313595071978e-02 5.391313613911258e-01;
-2.870866920094682e-01 4.267697766936165e-01;

-1.025881741619870e+00 -2.599449744647860e+00;
1.207986832947263e+00 -1.257397420157970e+00;
-1.820301200865964e+00 1.133237370571837e+00;
-6.735962846886129e-01 -9.984429887372108e-01;
4.000313595071978e-02 5.391313613911258e-01;
-2.870866920094682e-01 4.267697766936165e-01;

-2.411880284750637e-01 5.863923687513091e+00;
-1.978636469726324e+00 9.062114316661024e-01;
-1.110487730455341e+00 -2.459037142034433e+00;
3.918449851572423e+00 3.314716933544446e+00;
4.000313595071978e-02 5.391313613911258e-01;
-2.870866920094682e-01 4.267697766936165e-01;

2.193289536127233e+00 -1.614271742941688e+00;
1.862720723222322e-01 -1.290171905436061e+00;
-1.920538934669788e+00 2.520672178843964e+00;
5.511978976700069e-01 -4.343909713214634e+00;
4.000313595071978e-02 5.391313613911258e-01;
-2.870866920094682e-01 4.267697766936165e-01;

8.078197863834995e-01 9.695423746312369e-01;
-8.851442977461910e-01 1.248269800176131e+00;
-5.798712820192067e-01 -1.411649219383517e+00;
4.443953808228047e-01 8.855546067217023e-01;
4.000313595071978e-02 5.391313613911258e-01;
-2.870866920094682e-01 4.267697766936165e-01;

1.039502027634395e+00 6.416024303738337e-01;
-6.969100243078805e-01 9.212256945357818e-01;
-8.280979648287976e-01 -8.996669816857098e-01;
5.466858714108641e-01 1.765537699205611e-01;
4.000313595071978e-02 5.391313613911258e-01;
-2.870866920094682e-01 4.267697766936165e-01;

7.933393805961655e-02 1.612999411497084e+00;
-3.402006943844517e-01 6.035190343754746e-01;
-5.916417804828967e-01 -8.072761450849493e-01;
6.567519151005129e-01 1.584925351549539e+00;
4.000313595071978e-02 5.391313613911258e-01;
-2.870866920094682e-01 4.267697766936165e-01;

-2.281383159636849e-01 -9.059204910236245e-03;
-1.842620916847844e-01 -2.712244842692372e-01;
-2.933425486649636e-01 -5.673023802109425e-02;
-2.853733751319812e-01 6.338613880172144e-01;
4.000313595071978e-02 5.391313613911258e-01;
-2.870866920094682e-01 4.267697766936165e-01;

-5.523688521663659e-01 2.017328581418413e-01;
-3.877071939970064e-01 -2.272832793894353e-01;
-1.571834219793094e-01 -1.880828810781527e-01;
-4.077748183044433e-01 9.225731957316358e-01;
4.000313595071978e-02 5.391313613911258e-01;
-2.870866920094682e-01 4.267697766936165e-01;

1.097676274204512e+00 1.308940172694320e+00;
-2.214669972152429e-01 -7.612343585294362e-03;
-5.724188655208124e-01 -5.529379439099155e-01;
1.400458684401696e+00 7.691709936911802e-01;
4.000313595071978e-02 5.391313613911258e-01;
-2.870866920094682e-01 4.267697766936165e-01;

-6.417809637406316e-01 -3.968906443880816e-01;
6.982878263500188e-02 -1.139316523908251e+00;
9.188108775234922e-02 4.928344811943759e-01;
-5.491229511410844e-01 6.731013543206407e-01;
4.000313595071978e-02 5.391313613911258e-01;
-2.870866920094682e-01 4.267697766936165e-01;

-2.399135830972726e+00 2.490160307620789e-01;
-6.200076784021046e-01 -1.714330052497900e+00;
1.036802661459306e+00 3.760400877649295e-01;
-1.257973485082349e+00 1.995122027864238e+00;
4.000313595071978e-02 5.391313613911258e-01;
-2.870866920094682e-01 4.267697766936165e-01;

1.117223768125811e+00 9.120119780972341e-01;
-4.221790783583863e-01 -1.255522517075356e-01;
-4.803434471360675e-01 -5.280563905876189e-01;
1.205390236972491e+00 4.053871372308412e-01;
4.000313595071978e-02 5.391313613911258e-01;
-2.870866920094682e-01 4.267697766936165e-01;

1.017217741285735e+00 5.470318564763019e-01;
-7.880146912416229e-02 1.901871243650304e+00;
-1.601352997236398e+00 -1.002801925149329e+00;
2.832571250637098e-01 3.371518148129362e-01;
4.000313595071978e-02 5.391313613911258e-01;
-2.870866920094682e-01 4.267697766936165e-01;

1.124154766056945e+00 6.705060254492832e-01;
-5.902253729339098e-01 1.176461534167330e+00;
-1.076434390256498e+00 -1.026813072213431e+00;
6.550057151794368e-01 1.919171319373353e-01;
4.000313595071978e-02 5.391313613911258e-01;
-2.870866920094682e-01 4.267697766936165e-01;

