108

4.691794700680231e-01 -9.124129561758073e-01
-1.012746377230472e+00 -6.486961610640208e-01
-5.507479133234660e-01 -6.386365395100022e-01
3.987888872572605e-01 4.602872810932020e-01
7.070454534602069e-02 -8.860462864313640e-01
-4.004811557526269e-01 -6.466442777398956e-01

-5.228997703391901e-01 1.315063820688455e-01
-5.746459787213575e-03 -5.121625633340756e-01
-2.098088829397596e-02 4.312898956521122e-01
-1.597050437736941e-01 5.074224288749045e-01
-5.014271948479576e-01 -6.713564820080620e-01
1.948858410947493e-01 -9.878334143779906e-02

-8.746167553361622e-01 -4.489279023804580e-01
6.104132145651101e-01 1.172180675581569e-02
6.083081148472852e-01 -7.086048362179435e-01
-1.308498594894212e+00 -3.078445259423602e-01
-9.643580868467140e-01 -2.922554114984011e-02
1.230134247624807e+00 6.477245077853662e-02

4.984822397426872e-02 -4.167230174577936e-01
-5.981190453153490e-01 -3.700157525499391e-01
8.592715337209017e-02 2.460664369705137e-01
3.739352749360176e-01 1.382876630332693e-01
-8.101512413864778e-02 -4.465119708799599e-01
2.095107201695260e-01 -7.298487311831205e-01

2.881455542154396e-01 -5.204980213742331e-01
-1.599792841023013e-01 1.779558685803009e-02
4.238646267696232e-01 2.359349658823396e-01
-1.868003719882229e-02 3.689927866632043e-01
-6.806241860137721e-01 -5.880811925375232e-01
4.003054319401343e-01 6.323732203882068e-02

4.472831377842839e-01 -1.054484277792551e+00
-8.428757954621550e-01 -3.846226521348545e-01
-2.165504333271299e-01 -1.045714093531400e-02
8.242810029929469e-01 3.803790206720054e-01
4.374605196567384e-01 -6.957949066902073e-01
-3.946909148335431e-01 -1.193646893407104e+00

-1.298661347287466e-01 2.682369562651256e-01
-8.492722888167999e-02 5.265504912699080e-02
6.431332723294442e-01 4.266895276782482e-01
-6.484253045741351e-01 -1.404320748725726e-02
7.917939219442273e-02 -1.434119575431262e-01
4.720084751066992e-01 -1.100155875220609e+00

-1.673786028986571e+00 1.651242020252100e-01
2.179356680667506e-01 -1.582792304008107e+00
-9.519452176499703e-01 -6.257785325253941e-02
6.087921621118719e-02 7.926274107218098e-01
-8.251216713497518e-01 -1.786894539260166e-01
9.703655972496441e-01 -1.050040998715125e-02

2.161930781702763e-01 -1.096472330632988e+00
1.786551475144864e-01 6.706523083822304e-01
9.650687690662977e-01 4.424134075493641e-01
2.136627010453162e-03 -8.209289910468050e-02
2.368912308538385e-01 -3.607091842288571e-01
1.210496247523017e-01 -1.156750961609208e+00

-7.493058312316582e-01 -1.981146297126212e-01
-4.295064722580562e-01 -8.574186117888254e-01
4.720575172359187e-01 -9.398949240812474e-02
3.488703700767321e-01 -6.483578537392581e-01
-3.670465008976668e-01 -1.168781161181849e+00
-4.731587609911778e-01 3.948191123677672e-02

1.541940389907034e-01 2.754206575759030e-01
-4.309222442878685e-01 -3.390599131723182e-01
7.623821674450303e-01 2.699663122565232e-01
-1.611836047768279e-01 -1.115551737268152e-01
-1.531679431135487e+00 -5.329303615825450e-01
9.737211384730977e-01 1.035970358206352e+00

-9.995114225535082e-02 -4.641614376440018e-01
-1.771485482841898e-01 -1.573008056567724e-01
2.694848334266235e-01 1.814548096804064e-01
-7.775544110278059e-03 1.827166709894895e-01
4.374605196567384e-01 -6.957949066902073e-01
-3.946909148335431e-01 -1.193646893407104e+00

1.249448501120089e-01 -7.824238389571206e-01
-7.790765247234823e-01 -1.565844111191997e+00
-3.954987761938553e-01 -8.836363134142798e-01
9.692626247468381e-01 5.724962662302183e-01
-6.066073198114449e-01 -1.399206539557588e+00
-6.023817632840218e-01 4.601731647958545e-01

-3.605652130782274e-01 1.005437955195286e+00
-8.490157448363781e-01 -5.556347514469676e-01
-7.006756256360583e-01 8.115268732174334e-01
-4.288904418118130e-01 5.637382680223824e-01
-8.668795724918102e-01 -9.109240972897864e-01
1.300414469614966e-01 4.761302318521914e-01

2.619072940828222e-01 -1.095006888939157e+00
1.527543198285283e-01 6.823113876312278e-01
9.535965655354222e-01 4.843198385072968e-01
3.760079468098494e-02 -4.981839881350999e-02
7.827754421017376e-01 -5.604274705020960e-01
-4.409510581252302e-01 -1.682536815342041e+00

-2.721484865642645e+00 -1.158254303748922e+00
7.570200750986448e-01 -1.533094872601412e+00
1.834249011298251e+00 -9.664931302839018e-02
1.672371415432805e+00 -2.257738632314878e+00
1.792783239262103e-01 -2.816299149391835e-01
2.489015521501419e-01 -1.135897059417526e+00

1.659678446168601e-01 -8.141051696730948e-01
1.408367229970718e-01 -1.047552081037939e-02
4.793853441841774e-01 1.914717327715494e-01
1.296073678923947e-01 4.994310298149675e-01
-1.350440023212793e-01 -1.503171587409356e+00
-1.006849426466355e+00 -3.497301558805806e-02

-2.101448315099906e-01 -2.783261859320100e-01
-2.140302876507920e-01 -4.129717435231695e-01
5.028554618908794e-01 1.364434398681684e-01
1.237262292920922e-01 -5.668442862272997e-02
4.374605196567384e-01 -6.957949066902073e-01
-3.946909148335431e-01 -1.193646893407104e+00

-7.416305464200234e-01 -1.033362763580346e+00
3.240637724686414e-01 2.950825408513610e-01
-2.223860249568451e-01 4.829165996663815e-01
-1.077663356176952e-01 3.964229211379034e-01
-3.066957588875978e-01 -5.732231494529139e-01
1.945547943601484e-01 -3.874968580648968e-01

-2.085803499503784e+00 -1.471411979785142e+00
1.820964156070663e+00 -1.601181557422174e+00
-3.059968496290189e-01 -1.932388774429237e+00
-5.507176198865816e-01 8.846699891098984e-01
-7.962355463158973e-01 7.302971462341159e-01
2.027239674712745e+00 -5.874761126749626e-01

-2.005035701500375e+00 2.900807470016499e+00
3.267711975047213e-01 -2.165388746871171e+00
-2.235969448242379e+00 -2.494319518803096e+00
-4.489398289583922e+00 1.594699170625758e+00
2.585560348089751e+00 -2.261569303148311e+00
-3.527757180446726e+00 -2.796926177675874e+00

-4.635523656562614e-01 -4.084175132821153e-01
-4.219142154485637e-01 -6.366895841998882e-01
3.700518717983882e-01 1.013135265241724e-01
4.798992298985434e-01 -3.378301563498177e-01
-2.026353015321279e-01 -5.956799811650551e-01
1.058738399895815e-01 -4.970511713289451e-01

1.156444353055503e-01 -5.178574682076342e-01
-1.443508366452007e-01 4.448018631609250e-02
3.621525592905303e-01 4.269663704169470e-01
7.682600805136169e-02 3.204399410135385e-01
-1.534966797355092e-01 -3.419960278233493e-01
3.762999467518098e-01 -7.066155922490687e-01

-7.359256141407650e-01 -2.042679344461054e+00
-1.453293659990111e+00 1.296898763001604e+00
4.022074000711462e-01 2.303034537929987e+00
2.271626239844121e+00 -2.102630112013072e+00
4.374605196567384e-01 -6.957949066902073e-01
-3.946909148335431e-01 -1.193646893407104e+00

-3.270379749192002e-01 -2.235939226939118e-01
2.330992992412531e-02 9.119006333210937e-02
6.860377897494643e-01 3.345721256337385e-01
-3.607940196308436e-01 -2.157079778875859e-01
-2.945488339157770e-01 -9.121562238241931e-01
-2.132072657186952e-01 -1.994415965854763e-01

-4.212246578345319e-01 -1.292284993419413e+00
1.287047163559664e+00 -1.030917419942415e-01
8.121876041610000e-01 1.795734613245607e-01
2.327072991867070e-01 8.814806182539925e-01
-1.142486125053372e+00 -1.046114998309587e+00
1.348807452380684e-01 8.825422456312704e-01

4.063547566677373e-01 -4.296562513640940e-01
-1.094139493321541e-01 3.505805422949845e-01
3.069734980747489e-01 4.704910568050091e-01
-2.999186592411883e-01 5.791476842792249e-01
1.055434349823796e+00 1.253958632963627e-01
2.066373112610905e-01 -2.414300311936124e+00

-7.770875437832805e-01 -4.160151208639511e-01
-3.077964519476759e-01 -7.950943235751967e-01
5.470255383370957e-01 1.998014521675446e-02
5.563160774728643e-01 -6.257922960541608e-01
-3.358411801694610e-01 -2.364942575631649e-01
6.098636397309800e-01 -5.541491338213260e-01

1.504450373824120e-01 -4.784894656121418e-01
-3.963518299961639e-01 -8.297356816747442e-02
1.076247906356568e-01 2.381041107298510e-01
4.666859349073985e-02 3.079771451415960e-01
-6.646331776071518e-01 -1.752069204768419e-01
8.786379739678345e-01 -2.022250421391542e-01

5.199235747783649e-02 -3.040513906738108e-01
-2.233811258154278e-01 7.512816633108020e-02
2.220142093212846e-01 2.167221876597121e-01
-3.592866685931675e-01 2.504271509468201e-01
4.374605196567384e-01 -6.957949066902073e-01
-3.946909148335431e-01 -1.193646893407104e+00

7.724611193730236e-01 -1.125618308114443e+00
4.685445456443629e-01 1.234803417716053e+00
-3.944431448866076e-01 -2.126116886217676e-01
-1.605157516116339e+00 1.550203623732614e+00
-5.852627386191760e-01 -5.772722032292025e-01
3.561287928402825e-01 -5.590377183842529e-02

-3.557201063532662e-01 5.894232917737154e-01
-4.657738141534383e-01 -4.590777564532969e-01
1.782209580226443e-01 1.635852978561106e+00
6.805491577368219e-01 3.518314504709675e-01
-6.180878603325470e-01 -1.607511532421890e-01
8.679233551516216e-01 -2.658592800053182e-01

3.844042494690858e-02 -5.852062090243403e-01
1.382740604480386e-01 3.369383519040149e-01
5.321050626061874e-01 1.650413696623917e-01
-4.875222669985927e-01 2.047394505280549e-01
-9.739510954263977e-01 -9.589921981436591e-01
1.371832007760082e-01 6.313597378315791e-01

1.798655993523961e+00 -1.544160057726685e-01
-1.347621297992586e+00 4.362094848748184e-01
-9.612046602053521e-01 5.770363548066871e-01
-2.554667378338856e-01 1.695777016358413e+00
-1.359992577941819e-01 -6.028540629783560e-01
5.760174719728410e-02 -5.715088476600201e-01

-3.088231860965111e+00 8.945936114876332e-01
7.628820122082858e-01 -2.756894141157576e+00
1.435919924580794e+00 5.415751833405245e-01
1.478558961244782e+00 -1.341888856900012e+00
5.019412486543127e-01 -1.009862896123996e+00
-8.043240386532463e-01 -1.082282353741336e+00

-3.621260546932193e-01 -7.725128529345550e-03
-2.998439310218904e-01 -3.540457710385242e-01
5.147898166944679e-01 9.787998391215939e-02
-2.089084584084503e-01 -3.100129486507414e-01
4.374605196567384e-01 -6.957949066902073e-01
-3.946909148335431e-01 -1.193646893407104e+00

-3.531204553476906e-01 -9.543700897883015e-01
4.065282714934178e-02 -1.046720022326705e-01
-1.471600869702289e-01 1.018720509685200e-01
9.469252075675470e-02 4.534768565294914e-01
-2.585280026953754e-01 -4.585905900217865e-01
3.012474512596157e-01 -5.128733124266335e-01

-7.382349591077393e-01 -1.989564765813172e-01
3.471976307508849e-01 -6.379442467381814e-01
3.392173428755046e-03 4.325287728244186e-02
-2.153451282190507e-01 5.740660768090446e-01
3.002558940539193e-01 -5.547590269900389e-01
-1.460948152790742e-01 -1.115741768825910e+00

-2.470279059245845e+00 -2.951086980985121e+00
2.183427037223405e+00 9.720112258100485e-01
3.272988130473616e+00 -1.628847397759025e+00
-8.786233321547362e-01 -3.389296256335647e+00
-5.660620923344810e-01 -3.995543995621077e-01
5.546665622151015e-01 -1.847247391981825e-01

-4.974133270992864e+00 1.571746500782483e+00
1.463661821121247e-01 -3.650025626720275e+00
2.345764005584575e+00 -2.234336247994028e+00
-3.509999993071658e-01 -4.942996258562157e+00
-1.879926683834317e-01 -5.504014447445132e-01
1.506337541210142e-01 -5.413940629462373e-01

1.155511397911861e-01 -6.890096419179712e-01
-1.318250458674893e-02 1.109527578164863e-01
3.674746639758965e-01 4.377241425473507e-01
1.235897499758741e-01 4.158887110575160e-01
1.518528053146612e-01 -1.162508944054096e+00
-7.756308401118114e-01 -5.774330010754987e-01

-1.038584828124756e+00 -7.048134536399513e-01
-2.650487674770026e-01 4.434272975043217e-01
3.436294928269107e-01 3.963262664414518e-01
-2.905282602185333e-01 -1.078654498246597e+00
4.374605196567384e-01 -6.957949066902073e-01
-3.946909148335431e-01 -1.193646893407104e+00

-5.199076298595278e-01 -1.840096687587309e-01
-3.553665964094500e-01 -6.933727366620529e-01
-1.227719891993020e-01 1.854803049966418e-01
2.330584934104261e-01 1.901316984176496e-01
-5.846692230471666e-01 -5.790946416477262e-01
3.536208227840120e-01 -5.551676291242216e-02

-7.127783154135645e-01 5.869911165560489e-01
-3.844953635745508e-01 -7.883897944398313e-01
-1.377563077006610e+00 2.063864296131480e+00
9.149527510488962e-01 1.737869070694099e+00
-9.909578906153070e-01 -1.675764356840214e-01
1.082534018504221e+00 1.788271012742765e-01

-3.527916375494599e-01 -7.513996176437757e-01
6.114741622659657e-01 3.314905330896338e-02
4.990667744300712e-01 -1.803545019403763e-01
-5.508935816517916e-01 3.897930924735621e-01
-1.377672601192165e+00 -5.185470410635791e-01
8.987454920785645e-01 8.453950420812208e-01

5.414717926883441e-01 -1.905208877157457e+00
4.128834704296280e-01 7.252723654842266e-01
1.048951763091719e+00 1.017186159964518e+00
1.180905502802441e+00 4.567891185396959e-01
-1.333066020239199e-01 -9.486600746376164e-01
-3.526358385814791e-01 -3.681772537083625e-01

-3.095621770776399e-01 4.661046681295292e-02
-2.945695596367950e-01 -3.901698200213241e-01
5.932335895254363e-01 4.056442453271213e-01
7.781532695970864e-02 -2.174365880497567e-01
-5.956628759603978e-01 1.259116500699544e+00
2.532350218476097e+00 -1.140295360144940e+00

1.547854522422175e-01 4.050500363556787e-02
-3.352368734175744e-01 -3.933646677949343e-01
6.036411116153525e-01 -1.784667599808231e-02
-2.186603312096209e-01 5.042678409469686e-02
1.489018543259073e-02 -7.919515536816887e-01
-2.559599463983800e-01 -6.368828210615223e-01

-9.543716224583955e-01 -6.084687997779096e-01
-1.652005993074038e-01 4.247860689479351e-01
-5.124246937978424e-01 9.197032049078103e-01
-1.676809904631428e-01 3.429772900545592e-02
-1.441622953142455e-01 -5.786782560764412e-01
9.104456056267755e-02 -5.763004663019663e-01

-2.661408255122494e-01 -1.138360795678325e-01
8.812402475698093e-02 -1.627143145850715e-01
1.238515586999561e-01 -1.239147768195666e-01
-7.716214298538364e-01 3.992721264308216e-01
-5.741770583606094e-01 -9.882901658704399e-01
-1.361802471731696e-01 1.764542290315369e-01

-4.499997695076201e-01 1.518364506986391e-01
5.848033227901696e-02 -3.454421434266773e-01
-7.017166356142188e-02 -2.953841297040993e-01
-1.037951536475401e+00 4.210152738048319e-01
-3.235968854532176e-01 1.292710538245440e+00
2.409571077425193e+00 -1.481850504864099e+00

-1.220906840997298e-02 -2.579827992726218e-01
-5.927795864636329e-01 -4.356173205365323e-01
1.719058259737498e-01 8.215773882212155e-02
1.649384794906641e-01 7.409395056293061e-03
1.176577829253944e-01 -8.843574803779273e-01
-4.265257526589853e-01 -7.031361855233970e-01

5.166705247350685e-01 -4.216825974741724e-01
-3.885849845906548e-01 -1.354393195853376e-01
3.224353903053774e-01 1.779303235787963e-01
9.358852042908682e-02 4.830003822720754e-01
-1.904279553811110e-01 3.132853131962144e-01
1.172683215200565e+00 -1.054305291516953e+00

1.181116689409053e-01 -1.916335684023858e-01
-2.275760424302415e-01 -2.196903229563883e-02
3.049933624448646e-01 -5.048760025405758e-02
-5.647628078844127e-01 2.119961239977006e-01
1.489018543259073e-02 -7.919515536816887e-01
-2.559599463983800e-01 -6.368828210615223e-01

3.868795015322429e-02 -1.056022605851537e+00
2.076632298385781e+00 1.118808727192374e-03
1.115577190562245e+00 -2.106654197007219e-01
-6.387380213481771e-01 1.782696421070771e+00
-3.966997060831495e-01 -6.291314910638404e-01
1.822392876282581e-01 -2.477534932477246e-01

-1.113409136868750e+00 -5.690275033848222e-02
1.017408091972703e-01 -7.053967750664445e-01
1.567550212309149e-02 1.222639684989174e-01
-1.431144198811344e-01 5.661318424547893e-03
2.849140576997762e-01 -1.092530007076445e+00
-7.724020778342533e-01 -7.764588923635605e-01

5.692136862235179e-01 -1.584151883515720e+00
8.306348060938574e-01 9.230955064795684e-01
9.749028439163261e-01 4.555555753753139e-01
-2.564632575244075e-02 8.016581558393800e-01
-1.673359490622865e-01 -1.670015991571351e-01
5.913508323812559e-01 -7.947678066585997e-01

-4.356100070767202e+00 7.693720350180291e-01
5.746805778866175e-01 -4.204096200083940e+00
1.021262000744040e+00 -3.099354654738279e+00
-2.334100713389072e-01 -2.818167820151795e+00
1.654590362223718e-02 -3.973446014550060e-01
2.093475570514123e-01 -8.744964211066896e-01

3.592526613163367e-01 -1.714846003704606e-01
-6.126925845226410e-01 -2.222478079487523e-01
1.650346939071152e-01 1.823033930668172e-01
-1.402234342045586e-02 2.933343344958709e-01
-4.936637222289998e-01 -6.565938977556429e-01
2.076940820949836e-01 -1.167733590362115e-01

3.053370143548794e+00 4.390894210699766e-01
-1.708630575400081e+00 -1.413262038900842e+00
-1.978481740352346e-01 -1.675693601514445e+00
-3.009230662399068e-01 2.002301557402968e+00
1.489018543259073e-02 -7.919515536816887e-01
-2.559599463983800e-01 -6.368828210615223e-01

5.220441775107779e-02 -7.738902985496456e-01
1.714157167025932e-01 -4.981007376711462e-02
1.899645518027323e-01 -2.215356909707759e-02
-1.609754408520214e-01 6.428517191909515e-01
-1.201027767380319e-01 -4.813345165310902e-01
1.917047956010016e-01 -6.628640854760713e-01

1.157305902541966e+00 -3.978244429754481e-01
1.851345615379266e-01 7.600980972826213e-01
2.772477024451287e+00 7.519587187296375e-01
1.237861158992894e-01 -6.630821479106028e-01
-5.556096712265873e-01 3.657326070429375e-01
1.452743249057064e+00 -6.541012358024115e-01

-4.585332569633053e-01 -1.585223461259276e+00
1.190235649679345e+00 2.556197757640605e-01
1.036063251286895e+00 -1.985979854272858e-01
-1.191595296946383e-01 2.574864220281102e-01
-1.369863943480188e-01 -8.628320746248658e-01
-2.490176767449669e-01 -4.150849488424373e-01

-1.909293466955700e+00 -2.492656625636477e+00
1.960135855241075e+00 -8.770371891362302e-01
2.286530392101065e+00 -3.702232580299141e-01
1.699064350429111e+00 -1.068687104536074e+00
-3.528360819261235e-01 -7.759654646868870e-01
-1.746553332345593e-02 -2.118975088351497e-01

7.799350568148848e-02 -3.237257652050414e-01
-1.961945479927004e-01 -7.111824240027198e-02
5.457922121724110e-01 5.344141373237586e-01
1.831268033173401e-01 1.637315459440230e-01
-3.662994516218969e-01 -3.906070733370439e-01
4.459422330212557e-01 -4.261221052091316e-01

4.450425673181767e-01 5.507373062293940e-02
-6.153902099946271e-01 -1.223563707797106e-02
2.387179290515203e-01 -1.135809326674738e-01
-6.890384936011019e-01 1.622582305182840e-01
1.489018543259073e-02 -7.919515536816887e-01
-2.559599463983800e-01 -6.368828210615223e-01

-1.557527461801280e+00 -5.502394695726814e-01
1.904685307271209e+00 -3.564453605598242e-02
1.461133440478265e+00 1.121626494965850e+00
9.840102723070089e-02 2.211764672810921e-01
-2.885700517982541e-02 -7.564835017299366e-01
-1.879227357394482e-01 -6.063692811573786e-01

-5.554629251179224e-01 -3.765530698632811e-01
2.723829302112167e-01 -3.314237935262450e-01
7.153184076944323e-01 7.034876736963450e-01
4.538688165852726e-01 7.322181561822030e-02
-5.015119930806234e-01 1.058306127885263e+00
2.238831684570727e+00 -1.131628053713700e+00

1.733940927270156e+00 -1.073172305373079e+01
6.368164300063131e+00 4.874425753123041e+00
6.729288594468453e+00 1.735261040165849e+00
4.923558812676792e+00 5.808737440564981e-01
-3.294598419152504e-01 -4.986491668866122e-01
2.962714228052631e-01 -4.051323298025051e-01

-5.085396484416294e-01 -1.694189700211320e+00
7.234942407461941e-01 -1.689017617221864e-01
1.278507005219306e+00 2.611772811158659e-01
1.108368818238181e+00 -2.240175896342914e-01
-1.402707932470783e-01 -2.952997288707843e-01
4.235812655042904e-01 -7.501310328396673e-01

4.682922290174429e-01 -3.533034456541181e-01
-5.244815402669449e-01 -9.160913806226562e-02
1.807463388927469e-01 2.616081566989931e-01
6.604883846423427e-02 4.276842089380992e-01
-2.719022312400786e-01 -1.043199844365885e+00
-3.815823689147628e-01 -1.479439469584195e-01

-5.312867719183243e-01 7.521770646231711e-01
-1.883392321024766e-01 -8.447628569081400e-01
9.431827372967061e-01 5.776684158230996e-02
-3.722113169883447e-01 -4.563189531098069e-01
1.489018543259073e-02 -7.919515536816887e-01
-2.559599463983800e-01 -6.368828210615223e-01

1.956038763635559e-01 -5.947321548283013e-01
-4.892297650781398e-01 -1.265616256595221e+00
-6.476218984537272e-01 -1.514783932013599e-01
9.328216276912908e-01 1.281761785102728e+00
-6.706284845942145e-01 -8.825189977374871e-01
4.640691847974169e-02 2.272622978760189e-01

-5.161328131790230e-01 -2.566008762953939e-01
1.937124589510661e-01 -3.134466938164874e-01
3.161509598217967e-01 4.759723957055041e-01
4.369714765704143e-02 3.210637323144377e-01
-1.038868947696004e-01 -7.289114093491507e-01
-1.105341111745179e-01 -5.341744045330208e-01

2.016615946125650e-01 -2.774043652818960e-01
1.098395220627737e-01 2.279173525706681e-01
1.647160309974504e-01 1.446925326637522e-01
-7.510645453384549e-01 7.267019905341540e-01
-3.602592626812916e-01 -2.616272311050746e-01
5.947470327662125e-01 -5.102856783070305e-01

2.969990171219705e-02 3.835415105068124e-01
-1.100036158986623e+00 -6.916443476337784e-01
-2.596043762293549e-01 -1.146388239246361e-01
-2.458926596107563e-01 -3.664097946698408e-03
-6.416610341991645e-02 -6.551517237272054e-01
-4.709533562197830e-02 -6.251602570619585e-01

1.879934585415923e-01 -2.891138433646048e-01
-3.700080611086811e-01 -7.337316836098763e-02
3.653289443457573e-01 4.631669904994132e-01
1.222216848492277e-01 2.231246558881665e-01
-6.777840761802326e-01 -8.110625124185447e-01
1.351183808187621e-01 1.930444489288703e-01

-4.295494109362485e-01 -8.152641550244203e-01
-8.365992388636759e-02 -1.485613902548970e-01
2.933552729516557e-01 4.897819822595467e-01
5.209846227816161e-01 -3.919620457313738e-03
1.489018543259073e-02 -7.919515536816887e-01
-2.559599463983800e-01 -6.368828210615223e-01

9.759070594133033e-02 -9.888612314462584e-01
-1.452505206514290e-01 2.536248764038658e-01
-4.086320018561057e-02 9.342272193580871e-02
-1.161874571139936e-01 4.299925464205622e-01
-1.704790558871392e-02 -6.902559464331277e-01
-1.167157659810125e-01 -6.598745012017732e-01

5.743555206445609e-01 -1.157792827514951e+00
7.031996284316804e-01 4.337393167275722e-01
3.981165770679125e-01 1.811232183284112e-01
-2.472370593926163e-01 1.349381385574794e+00
-1.180433743287933e+00 -8.943880173786539e-01
3.368344937546095e-01 8.367734013075819e-01

-2.596804584662033e+00 -2.136074073762072e+00
2.294905221616686e+00 -9.415052747764799e-01
1.512537174929680e+00 -1.527308465200470e+00
-2.328602292724736e-02 -9.249071286346344e-01
-3.472808898668459e-01 -2.979466391756840e-01
5.440787650781117e-01 -5.039321189907537e-01

-9.677247768053897e-01 -2.067375942207696e+00
1.213728807005394e+00 -3.510206350122134e-01
1.681364952758417e+00 9.311204248163203e-02
1.372943064303477e+00 -4.943534713575213e-01
-2.577227026450441e-01 -3.181101758093343e-01
4.667684103272641e-01 -5.977190376759841e-01

5.609983551933664e-01 -4.152420321672227e-01
-5.039362416565221e-01 1.422300456472850e-02
1.787526828677545e-01 3.332489734670549e-01
7.392337850263513e-02 5.095563270189623e-01
2.933933537057717e-01 -1.198483226793739e-01
3.719255911689460e-01 -1.367358751909663e+00

-3.559265479523792e-01 6.527747693206215e-02
-1.111695785790867e-01 1.516336324276311e-01
2.974243123182926e-01 7.426307170355363e-02
-9.878582618674405e-01 -1.107537882410696e-01
1.489018543259073e-02 -7.919515536816887e-01
-2.559599463983800e-01 -6.368828210615223e-01

-8.157703917832676e-01 -1.306815946479537e+00
2.269904220701601e-01 4.253410287839381e-01
-3.366922103219773e-01 6.233908393230470e-01
1.331241080472033e-01 2.780356716072712e-01
-5.885197903490101e-02 -6.359941157830099e-01
-2.763087763569921e-02 -6.428806303242395e-01

-5.245157406152540e-01 -4.357445754422618e-01
3.082404280683019e-01 -3.082410795375262e-01
3.788043121564813e-01 2.705192221558387e-01
-5.139694270883535e-03 3.033596469598461e-01
1.759000880420891e-01 5.289842983788061e-02
6.462220507384224e-01 -1.331683561915106e+00

-4.447159575048955e-01 2.568502669798481e-01
-1.160487255995832e-02 -3.786810055086095e-01
-1.373295764492654e-01 -2.982002883329677e-01
-1.093060574925267e+00 4.334254621891740e-01
-5.903432166398997e-02 6.035844419811905e-02
7.953388728250499e-01 -1.058523047097182e+00

-7.026894708537434e-02 -2.305426983811329e-01
-5.694078338959451e-01 -5.495609305780906e-01
1.214818205936337e-01 -4.710662401144509e-02
1.185619354761884e-01 3.619707778905526e-02
-5.780532873355222e-02 -5.387428076760905e-01
8.666329096835415e-02 -7.021953702219755e-01

5.922900700431033e-01 -1.300410529026522e+00
-2.054387444938755e-01 2.768472371375977e-01
6.527117568086286e-01 4.304139549873425e-01
7.247855590756188e-01 2.673016526163881e-01
-3.197084848625225e-01 3.776422887648619e-02
9.243130681644274e-01 -7.369983472919036e-01

6.873941136056250e-02 -2.360068365700750e-01
-1.698010061213757e-01 -1.790638734851320e-01
2.858925108466591e-01 8.300941841230368e-02
-2.672447922272654e-01 3.419970812006425e-01
-2.036785692841991e-01 -5.440218985469377e-01
1.675398231362367e-01 -5.266682906251189e-01

2.268030444733394e-02 -1.415878103986138e-01
2.653702751477600e-01 -3.005313322273059e-01
3.192520314097271e-01 -4.331264007575187e-02
-5.098022099737883e-01 7.682413976723086e-01
-4.994023943215765e-01 -7.720534253747272e-01
7.468580574206209e-02 -4.104033707490462e-02

-6.866723167997025e-01 -2.769502088799535e-01
3.153284627234523e-01 -2.135422719836203e-01
-6.786952193667194e-02 3.753166059541431e-01
-3.110898311440535e-01 5.621196899094676e-01
1.732869957338389e-01 -2.905518240802054e-02
5.509402232105715e-01 -1.279653499267059e+00

-3.103729083254867e-01 -3.358756620489798e-01
1.686652132914475e-01 -1.807678483759261e-01
2.324455128299856e-01 -3.603234403368456e-02
-4.712866350746485e-01 3.566334790974068e-01
-7.140833975846945e-01 -2.392088690060598e-01
8.325400114131932e-01 -1.055694552256499e-01

4.926183588493879e-01 -2.526504540184105e-01
-6.861978923204769e-01 -3.584528344510927e-02
1.559180624119043e-01 2.554791959926231e-01
-3.360059722222600e-02 2.827672100801648e-01
-4.289328122679263e-01 -1.008615270844133e+00
-2.469369282937163e-01 1.696109878597450e-02

1.070359469427101e-01 2.219261431667167e-01
-3.176161113289266e-01 -3.920037101839041e-01
6.734208832495757e-01 2.855123304153875e-01
-1.153655701565906e-01 6.658417746912867e-02
1.428199246575981e-02 -2.173221014158879e-01
4.234272380036511e-01 -9.793296573686378e-01

9.132346876813779e-02 -1.421403684527889e-02
-1.317696994096409e-01 -4.559684706268527e-01
5.017011900772134e-01 1.166218899260531e-01
-9.785049115562054e-02 3.600934860903737e-01
-2.036785692841991e-01 -5.440218985469377e-01
1.675398231362367e-01 -5.266682906251189e-01

1.930437150096295e-02 4.629484641490187e-01
1.935557151892144e-01 2.885113323313351e-01
9.997531796611174e-01 3.637491746031095e-01
-1.143689352153286e+00 2.151897882121192e-02
-9.381228458929813e-01 -6.546366407046303e-01
4.754354426488490e-01 4.072630204482141e-01

8.676077432357610e-01 -4.046712282704507e-01
-7.637718724404291e-02 4.864444871139503e-01
1.001371924799802e+00 7.055104127222454e-01
-3.221799170635701e-02 4.479461393232230e-01
-1.013499527693241e+00 -2.654850323420723e-01
9.802998367875456e-01 2.639344107525193e-01

-5.603964215376539e-01 -6.756530718273697e-01
3.418481462053182e-01 -3.291555273501423e-01
4.492306654593111e-01 -4.518925034257119e-02
-3.361551426613682e-02 1.376899200329450e-01
1.419548203848586e-01 -1.415553527884761e+00
-1.068735712000316e+00 -4.146200000312624e-01

1.747230282928984e+00 -3.165564507699366e+00
1.639647011652647e+00 1.804900419748409e+00
1.776549793152611e+00 8.153541337370341e-01
8.493606959552472e-01 1.654456520535919e+00
-3.205785253674435e-01 -6.863680132311935e-01
6.914530122504774e-02 -3.035224859592655e-01

2.700012802228655e-01 3.417716147057704e-01
-5.202344928851618e-01 -4.859994103886727e-01
5.149386337085327e-01 1.688024337035277e-01
-1.734588980015416e-01 1.592380941510723e-01
5.341618620130542e-01 2.199502926005702e-03
3.723605653777265e-01 -1.724754625801530e+00

-4.598132105132031e-01 -7.806681145649044e-03
1.547261191264222e-03 -2.015775411284269e-02
4.730692571421482e-01 1.248585950145163e-01
-6.947089977923707e-01 -1.655492668224383e-01
-2.036785692841991e-01 -5.440218985469377e-01
1.675398231362367e-01 -5.266682906251189e-01

-1.356922065695265e+00 -1.594490366925115e-01
2.209245991876735e-01 3.111295588378442e-01
-8.727315978727139e-02 1.246994010060964e+00
-2.608100228520096e-01 -1.156576352762644e-01
-1.098015242887459e-01 -8.344580344992387e-01
-2.317234998374703e-01 -4.641533888393077e-01

1.824305386073250e-01 1.041146037035832e-01
-9.680634602340510e-02 4.796592305640584e-02
6.386090949772483e-01 9.391379619696244e-01
4.490428764831342e-03 3.996832781737996e-01
-7.027542561892982e-01 -1.487901753253429e-01
9.326196189779868e-01 -1.729543353933090e-01

-6.602117961302068e-01 2.454954876289218e-01
-1.587648586976244e-01 -3.461202950872507e-01
8.476796614196501e-02 -3.522369282516182e-01
-1.067059765630599e+00 -1.577744704276225e-01
1.255230959172514e-01 -4.222921370559439e-01
1.147871588921224e-01 -9.883732716057799e-01

-2.165257709037004e-01 -4.604819465683809e-01
-3.262156563808267e-01 -6.257811028573621e-01
2.395985488991517e-01 -1.351565555550021e-01
2.586814448119731e-01 3.979158387341177e-02
-1.041714233401817e-01 -1.907209537770318e-01
5.256008125908379e-01 -8.552425395477178e-01

-1.568204960008586e-03 7.427872997267350e-01
-1.029744964272489e+00 -1.326088742493784e+00
-9.189466818278579e-02 -7.023819071633550e-01
-4.005226612419266e-01 2.886835285840688e-02
9.663394298944754e-01 8.688006017474386e-01
1.138305437611967e+00 -2.752976457437332e+00

-3.442908022817199e-01 -1.764473620781591e-01
-3.086856478443708e-02 -2.094228709884835e-01
4.700703015964167e-01 1.854679319838090e-01
-2.498844698680357e-01 -1.304730206663575e-02
-2.036785692841991e-01 -5.440218985469377e-01
1.675398231362367e-01 -5.266682906251189e-01

