52                                               

-5.817931734921472e-01 7.408765298669813e-01
1.640289514465952e+00 1.194137707828954e-01
-1.011534556970130e+00 -1.795822063383989e-01
1.000000000000000e+00 0.000000000000000e+00
-6.783337391812240e-02 3.550489886646610e-02

-6.265717877535828e-01 -5.323596989732327e-01
-9.784241365902120e-02 5.937749805044816e-01
-1.048484783970907e+00 2.529937328609310e-01
1.000000000000000e+00 0.000000000000000e+00
-5.847326423347811e-02 -3.526161517190202e-02

9.842967973272987e-01 -1.816723266933218e-03
1.549457174544050e+00 1.003634061763425e-02
-1.022503737417282e+00 -2.158604255033458e-02
1.000000000000000e+00 0.000000000000000e+00
-7.762962720576867e-02 7.597613495438811e-03

1.081664570893217e+00 -5.529329787118020e-02
-3.073218273396598e-01 -6.329321438509479e-01
-1.021058063499921e+00 1.745527096976429e-02
1.000000000000000e+00 0.000000000000000e+00
-7.836076284019436e-02 1.929396578533756e-04

1.381901797228429e+00 -1.183308206996578e-01
-4.683317827623924e-01 -6.744668106573907e-01
7.183212899756637e-01 5.156031203045063e-01
1.000000000000000e+00 0.000000000000000e+00
-3.950702427811047e-02 -4.338724822606480e-03

1.378190155930779e+00 4.604348150775245e-02
-3.650462348031954e-01 7.009662774485936e-01
6.978763329727515e-01 5.914247916517343e-01
1.000000000000000e+00 0.000000000000000e+00
-3.969433490639419e-02 5.883567137226792e-03

-6.471811510151498e-01 7.046620263179747e-01
1.827909108324539e+00 1.765212601128703e-01
6.227552118784421e-01 -4.446449404465833e-01
1.000000000000000e+00 0.000000000000000e+00
-4.104868163479239e-02 2.233703069725265e-02

-6.633123161115589e-01 7.127062420421708e-01
1.863639154576779e+00 1.455182628625677e-01
6.394698126904188e-01 6.627174480435243e-01
1.000000000000000e+00 0.000000000000000e+00
-4.030965854891938e-02 1.777726690760187e-02

-1.428369105120447e+00 -2.020500052681194e-01
-7.001452308860372e-01 5.714605706061500e-01
1.043545900508992e+00 -5.724920016874611e-01
1.000000000000000e+00 0.000000000000000e+00
-1.199756756139607e-02 -8.134435108234869e-04

-2.897618994850591e-01 2.022213635343453e-02
5.501883659867499e-01 9.693782451258537e-01
-5.291939834401229e-01 1.084732277062932e+00
1.000000000000000e+00 0.000000000000000e+00
4.074347814943377e-02 -1.981638665113852e-02

-4.354344761294568e-01 1.116900954450661e+00
2.492373237825066e-01 8.294470553551899e-01
-7.099146100280069e-01 1.015060658557625e+00
1.000000000000000e+00 0.000000000000000e+00
2.954743932981613e-02 -3.293797876621117e-02

-7.001165448184333e-01 5.155944806323434e-01
-4.671915463396022e-01 3.601426629463922e-01
-9.322492854533490e-01 -2.506158954839323e-01
1.000000000000000e+00 0.000000000000000e+00
-6.770685725714227e-02 5.750332907773816e-02

1.118886632767637e+00 -5.632471454602744e-03
1.678525696645522e+00 7.648840853234140e-03
6.169426248116382e-01 5.451962744183436e-01
1.000000000000000e+00 0.000000000000000e+00
-5.440562955087207e-02 4.501126653365942e-03

2.529371523425903e-01 7.712228613039940e-01
4.496878821627120e-01 -9.262197995910411e-01
-1.021106842414204e-01 9.928124690274417e-01
1.000000000000000e+00 0.000000000000000e+00
5.697141127447312e-02 2.944627502849942e-02

-4.181881688491376e-01 9.736886980391166e-01
-3.882175677300980e-01 -2.353791377881845e-03
6.609846493853221e-01 1.495503976273553e-01
1.000000000000000e+00 0.000000000000000e+00
1.356387032091854e-02 -5.154815691720095e-02

-7.488685298367681e-01 -6.419226386714010e-01
1.813477756423243e+00 -1.924107439252605e-01
6.776977935633727e-01 4.280449396595543e-01
1.000000000000000e+00 0.000000000000000e+00
-4.452514419965328e-02 -1.921095556167592e-02

1.383824665446428e+00 -5.750794884210270e-02
-4.575379623438217e-01 -7.043674633668473e-01
6.341644494290724e-01 -5.684506502655361e-01
1.000000000000000e+00 0.000000000000000e+00
-3.977200130323626e-02 1.151597066752809e-04

-4.277483695418647e-01 8.844510659117549e-01
-3.162119376948897e-01 -1.348887816707641e-02
1.723839880619562e-01 -8.396221720797995e-01
1.000000000000000e+00 0.000000000000000e+00
1.025668047932518e-02 -7.212501415536857e-02

-1.293536910430021e+00 3.506431494241344e-01
-7.774039858591202e-01 6.309793238057558e-01
1.138123185368723e+00 4.190362755125679e-01
1.000000000000000e+00 0.000000000000000e+00
-1.218793841980859e-02 -2.590335266419675e-03

-2.011850751169993e-01 -3.660987233047822e-01
3.247855100941960e-01 6.996836299376421e-01
1.107140616752889e-02 -8.243369806240421e-01
1.000000000000000e+00 0.000000000000000e+00
5.165433871122893e-02 -7.411289656409384e-02

-6.482895463538002e-01 -7.055925986383448e-01
1.627156656397970e+00 -1.162633300890277e-01
-9.976494043956168e-01 1.551110780077294e-01
1.000000000000000e+00 0.000000000000000e+00
-7.603854911449197e-02 -2.683606198256084e-02

-5.703907747586544e-01 -8.374177062032707e-01
-1.781657020077296e-01 -4.525502456882492e-01
1.608767378355441e-01 7.188538726953432e-01
1.000000000000000e+00 0.000000000000000e+00
1.427659705269337e-02 1.190744804398287e-01

-5.798623934510708e-01 -9.024828834153475e-01
-1.331353774655347e-01 -5.268139540415954e-01
5.453559352585986e-01 -2.101558626865692e-01
1.000000000000000e+00 0.000000000000000e+00
1.840333591831356e-02 9.207344432910179e-02

-1.577119384156195e-01 5.397420531699844e-01
4.168475387763110e-01 -7.528094401610295e-01
-8.561233612449412e-02 8.663236853458521e-01
1.000000000000000e+00 0.000000000000000e+00
7.736771328508515e-02 4.672591485874932e-02

-6.229661516381511e-01 8.480096760153073e-01
-1.462603998000490e-01 5.285744031405554e-01
2.580769724192813e-01 -7.783681913497410e-01
1.000000000000000e+00 0.000000000000000e+00
-1.482832749421976e-02 -7.383082602481733e-02

-1.026481974371891e+00 1.139167714766030e-01
-9.297172095019434e-01 6.969542874385976e-01
1.273349086715992e+00 2.522835458241943e-01
1.000000000000000e+00 0.000000000000000e+00
-8.281750182674274e-03 -2.326231402642355e-03

-8.534352317468646e-02 1.130425058434712e+00
8.945559438802981e-01 -9.889383575533068e-01
-2.058922413234021e-01 -1.071464778760500e+00
1.000000000000000e+00 0.000000000000000e+00
4.700772905764122e-02 -1.503320366026976e-02

1.349013886924931e+00 1.016130299490939e-01
-3.652777625959467e-01 6.744942074207340e-01
6.350576039997932e-01 -5.030641458626326e-01
1.000000000000000e+00 0.000000000000000e+00
-4.073903032674227e-02 1.063554322319919e-02

-2.682422945972186e-01 -2.875435315555696e-01
3.074004249102585e-01 7.672650484164607e-01
6.100209237041824e-01 1.075261329650328e-01
1.000000000000000e+00 0.000000000000000e+00
3.869402405389052e-02 -6.234057147165188e-02

-3.578332432371488e-01 -1.012790198570784e+00
-2.655064973420637e-01 3.233299428926311e-02
5.916455648101602e-01 -1.560496104176863e-01
1.000000000000000e+00 0.000000000000000e+00
4.201223774279372e-02 5.779557529103974e-02

2.010368399764869e-01 -1.006388303566643e+00
5.567724768194439e-01 9.103022716752591e-01
-1.546078803626502e-01 -9.979774387526645e-01
1.000000000000000e+00 0.000000000000000e+00
5.329494275985747e-02 -2.472710546785283e-02

-7.623043999730930e-01 -6.544958618168863e-01
1.831363250131816e+00 -1.673325256192839e-01
5.561190216852194e-01 -6.414630448429363e-01
1.000000000000000e+00 0.000000000000000e+00
-4.453002448666571e-02 -1.598343561580378e-02

-2.248149046115748e-01 1.886854482406790e-01
5.791224840708376e-01 -9.597192731558521e-01
-4.407912231593664e-01 -1.006960647115792e+00
1.000000000000000e+00 0.000000000000000e+00
5.149408156820137e-02 1.262633673290075e-02

-1.370655089006638e+00 -4.746341082385486e-02
-9.669356729524621e-01 -2.907995471596489e-01
1.021999704513425e+00 -7.985745587630451e-01
1.000000000000000e+00 0.000000000000000e+00
-1.202383515018604e-02 -6.256624495658925e-03

-4.612543336276538e-01 2.440600979325456e-01
-4.532922966199320e-01 1.218108453208268e-01
-2.020201993885299e-01 8.484717952111824e-01
1.000000000000000e+00 0.000000000000000e+00
9.288240624361171e-02 1.863466080099507e-02

-1.217833711832632e+00 5.980720690746081e-01
-8.866380848077333e-01 -2.308044971767792e-01
1.057282818958126e+00 2.762529056084263e-01
1.000000000000000e+00 0.000000000000000e+00
-9.918131755449153e-03 -6.689353214717552e-03

8.727115200222019e-02 -1.210365383923139e+00
7.458826163967707e-01 1.003537154958833e+00
6.605101717919264e-01 -2.303112365344351e-02
1.000000000000000e+00 0.000000000000000e+00
4.671625585305329e-02 -4.835377954637855e-03

-5.713540742722875e-01 6.002224252460033e-01
-2.443478264523284e-01 -6.165126788371316e-01
-1.139887485928531e+00 -2.249824403546687e-01
1.000000000000000e+00 0.000000000000000e+00
-4.891539400007991e-02 2.807502612887532e-02

-4.693341026923218e-01 -1.074157868179253e+00
1.155393876705191e-01 -7.004301799147911e-01
-6.568015526674568e-01 -8.300016467328204e-01
1.000000000000000e+00 0.000000000000000e+00
4.104990546448087e-02 4.790145911665143e-02

-5.698180482140829e-01 -4.542265831581843e-02
-5.245556747264993e-01 -3.669275185593648e-02
6.205244569924389e-01 5.244234534107722e-02
1.000000000000000e+00 0.000000000000000e+00
5.371223508194357e-02 -3.929082397489279e-02

-7.373459955641026e-02 -1.010466472714235e+00
-3.397344429010284e-01 -7.084545086144201e-02
-4.215809213128520e-01 -9.230961422132236e-01
1.000000000000000e+00 0.000000000000000e+00
6.293035761757146e-02 1.613610456444443e-02

-4.559384328015362e-01 -1.846293273042281e-01
-4.459999030858047e-01 -9.406795336398463e-02
-6.295778366920862e-02 -7.738781165438688e-01
1.000000000000000e+00 0.000000000000000e+00
8.143227950155128e-02 -7.533249061536051e-02

1.076413966641056e+00 5.881384890131702e-02
-2.532602043852811e-01 6.236303676855507e-01
-1.013323124013833e+00 -6.540929759593006e-02
1.000000000000000e+00 0.000000000000000e+00
-7.761586873878937e-02 1.620185850142322e-02

-7.506123346541145e-01 -4.646423335602076e-01
-5.134322458302937e-01 -3.211872224006569e-01
-8.740532926778147e-01 2.254508094517691e-01
1.000000000000000e+00 0.000000000000000e+00
-8.856581027638766e-02 -5.912173590802558e-02

1.111248289394325e+00 7.036386714370957e-03
1.671203390999916e+00 1.960450680370263e-02
5.630755094401805e-01 -5.174487321283072e-01
1.000000000000000e+00 0.000000000000000e+00
-5.519839899458803e-02 6.264178040260898e-03

-1.993224168986449e-01 3.981919228998755e-01
4.103971033681619e-01 -8.470808463560578e-01
5.983742357056092e-01 -1.073935102072888e-01
1.000000000000000e+00 0.000000000000000e+00
5.916472196279170e-02 3.860070310803096e-02

-6.621922783197045e-01 8.951418637545749e-01
-1.520290357948128e-01 6.116981961622134e-01
6.464949559177656e-01 2.238435386392230e-01
1.000000000000000e+00 0.000000000000000e+00
-1.100500227102214e-02 -5.847091596904269e-02

-9.394404147364571e-01 3.573873332546994e-01
-1.149702274335558e+00 -4.280306597373374e-01
1.222976914484429e+00 -5.083994937183803e-01
1.000000000000000e+00 0.000000000000000e+00
-8.600898242090734e-03 -1.206062464169428e-03

-1.432239666793804e-01 -1.216528031139182e+00
9.647157691018554e-01 8.846184090424754e-01
-1.593263781036677e-01 1.072374559532409e+00
1.000000000000000e+00 0.000000000000000e+00
5.028770319080011e-02 1.735808596736796e-02

1.165590636670377e-03 9.727194877169673e-01
-4.073902941193871e-01 1.585706995274284e-01
-4.395908222626385e-01 1.033672504971638e+00
1.000000000000000e+00 0.000000000000000e+00
5.074213731647589e-02 -1.600252421815311e-02

-4.136690899389913e-01 -9.314813077750830e-01
-1.845070769771981e-01 5.462968950433952e-02
1.037252088557461e-01 8.146117864748363e-01
1.000000000000000e+00 0.000000000000000e+00
3.879744827337189e-02 8.640208266300912e-02

1.389610031852116e-01 1.067971801346382e+00
6.598237544068802e-01 -1.066542032036318e+00
6.573411693529544e-01 -5.227482438585065e-02
1.000000000000000e+00 0.000000000000000e+00
4.670955668195190e-02 5.674190833702000e-03

