0
-3.358383072519274e-01 -1.071462638454267e-01
5.137348731609339e-01 2.089103293139563e-01
1.970492220718104e-01 -5.944649833927282e-01
2.915086307032637e-02 5.230612374819329e-01
8.799964696247069e-01 -5.687302106389811e-01
1.171469021504873e-02 -5.353244668786146e-03

1
4.288084321651103e-01 -1.633242005728534e-02
9.710721895729948e-01 1.309083890817530e-01
-4.041603378540029e-01 -5.221390120062683e-01
4.583161821533600e-01 4.031224602161798e-01
9.073607936613218e-01 -5.980793056630727e-01
-8.659855354350645e-03 2.778214511061233e-02

2
-4.255699369491122e-01 -3.412064776119774e-01
4.851171100788575e-01 1.913000942003392e-01
-6.628992890791443e-01 -2.740422632651643e-02
-5.266907501493472e-01 4.857984762510776e-01
8.997531515278131e-01 -5.494020010593600e-01
-1.076481289187616e-02 -1.993102862915798e-02

3
-3.904480703208016e-01 3.888929063213239e-03
5.771577416758754e-01 5.908481634452136e-01
-4.470810546557119e-01 -4.414397775656944e-01
-1.387348189910334e-01 6.277260855788871e-01
8.759852453282487e-01 -5.659369380774124e-01
1.499064314846910e-02 -8.776639508959022e-03

4
9.663764874738106e-01 -2.389543143448561e+00
1.393422629209013e+00 -3.368890302475967e+00
-4.765328998673085e-01 2.217852380633142e+00
-1.093762754248488e+00 -1.073917846713395e+00
9.664131757740146e-01 -5.994034524875687e-01
-6.451900769726383e-02 4.036374654115666e-02

5
-1.663658554718116e-01 -2.009471986310529e-01
1.138402444639542e+00 1.495153405895989e+00
-6.540572918604836e-01 3.941816321072977e-01
5.099845366261617e-01 5.873504963218344e-01
9.107058715351239e-01 -6.036938206146107e-01
-1.076184264841666e-02 3.375862108236517e-02

6
-7.528104320300905e-02 4.923556922588948e-01
1.908074931144011e+00 -2.352387047817236e-01
1.123685956195014e+00 -6.356286701992556e-01
5.234536356422218e-01 3.490738037605688e-01
8.994220181250858e-01 -5.652746820420016e-01
-7.406556333221579e-03 -4.911903072599974e-03

7
1.393096880174820e-01 -5.510465828557743e-02
4.468750360605701e-01 -2.062201897505948e-01
2.871242163531104e-01 -6.457835539058721e-01
2.850961676536078e-01 6.248863952489836e-01
8.912754924179658e-01 -5.714053368069009e-01
1.510037604905506e-03 -6.485065841793240e-04

8
-2.795397840936453e-01 -7.238035965983114e-01
-4.963347709124941e-01 2.489244655904861e-01
-7.847667005624416e-01 -1.339761027141662e-01
-4.320260357925003e-01 6.571683829886196e-01
8.445733743883074e-01 -5.696498844979431e-01
4.555095498778230e-02 -1.127176765552105e-02

9
-2.336875803950493e-01 -7.280579620484985e-01
-3.591642821753677e-03 2.998947119296104e-01
3.342427794194128e-01 4.488437491413842e-01
1.783777158875596e-01 7.737060182956041e-01
9.274574148281250e-01 -6.254686908691099e-01
-2.250422348954655e-02 5.766177873747493e-02

10
1.028098395815420e+00 -2.119174951051668e-01
1.462426380057626e+00 -4.115195073015135e-01
-1.837827204628563e-01 8.473501592185284e-02
8.354955510083125e-01 2.699556834600949e-01
9.678386493305770e-01 -5.920334344269014e-01
-6.728673817275196e-02 3.363390620644906e-02

11
-5.943096062175044e-01 5.939312325652228e-02
5.036173304532946e-01 1.121801798648342e+00
1.385340328102189e+00 4.480819557165459e-01
7.775124474555969e-01 1.379259467735123e+00
8.893538892147689e-01 -5.710320083300688e-01
3.264407135036853e-03 -1.371722371609600e-03

12
5.949669234213660e-01 -6.020283659984769e-01
8.760522571094744e-01 -9.751005432110850e-01
6.946841384718131e-01 -7.509710244649637e-01
5.931063469149614e-01 -1.874966674036592e-01
1.018352177364331e+00 -5.887196746229201e-01
-1.159213806164585e-01 4.017111675900375e-02

13
-3.239521502718141e-01 -1.922169311914539e-01
-1.058169662834836e-01 7.203614210155014e-01
2.670489293033848e-01 -7.820726806668673e-01
3.601603602169994e-01 7.719763019812574e-01
8.900655656825105e-01 -5.739025902365701e-01
3.138591712637656e-03 1.492441571478586e-03

14
-4.390535661858699e-01 -4.357186977797732e-01
3.591368876511738e+00 3.198277237755140e+00
-9.569946575676475e-01 -8.295772073124701e-03
1.400324299001066e+00 -1.237141864048347e+00
8.699810529709859e-01 -5.730048019057886e-01
2.205124898471160e-02 -3.211888448674879e-03

15
-1.450012120046049e-01 -2.354740695119030e-01
9.093296151492254e-01 -5.909262776647077e-01
-4.776869139035082e-03 -9.004982386392140e-01
-2.798762485631052e-01 -5.783997955129823e-02
8.932980783842381e-01 -5.716288851620027e-01
-3.690088018226923e-04 -4.825207268287947e-05

16
2.940642078826172e-01 -1.404779262342988e-01
8.018487667552515e-01 -1.471676549540502e-01
1.162739766671143e+00 -2.057876549895740e-01
9.011204905237249e-01 6.629095753033470e-01
8.925656725500537e-01 -5.762633909141307e-01
1.215613582125006e-03 4.215132201441505e-03

17
-1.216292664899934e-01 -5.864039624010338e-01
3.074073136160599e-02 2.738641222171169e-01
3.621540460292671e-02 -3.826467021438387e-01
1.981816097334410e-01 4.625161588236895e-01
1.012436320938651e+00 -5.999861427921852e-01
-1.081396264782783e-01 4.974242580658426e-02

18
-6.286164423805943e-01 -4.856156102447986e-01
5.860517574525246e+00 3.914063479991849e+00
-5.709368034314657e-01 1.836551142345314e+00
1.842136066642719e+00 -1.659956190473510e+00
8.703580645098824e-01 -5.529310455781852e-01
1.784383672259676e-02 -2.221418429722873e-02

19
-1.798391323898586e-01 -1.845401674472290e-01
6.978618434122219e-01 -8.129309149354308e-01
-2.351870961040441e-01 -7.654422014187524e-01
-6.006910020442841e-01 1.380308829461216e-01
8.931256440099988e-01 -5.670885662411920e-01
-1.075768820977625e-03 -4.395641825694263e-03

20
7.503301388534254e-02 -1.070231529241953e+00
8.330036883302713e+00 -5.468971077557347e+00
3.984992153891650e+00 -5.134910238175558e+00
1.763336355058379e-01 -7.402843914508908e+00
8.946558371736346e-01 -5.685666555262378e-01
-2.246371498999141e-03 -2.697707861976882e-03

21
-2.726324572686105e-01 -6.696374096822340e-03
2.223096967750796e+00 6.384580190805731e-01
8.714471766782068e-01 -3.737273159833556e-02
7.585809810501843e-01 -1.301127959674655e-02
9.122320915725372e-01 -5.731298140364822e-01
-1.807277957450186e-02 5.008587626876570e-03

22
-1.262699110169742e+00 -7.312406287930950e-01
1.981923323063564e+00 1.683071899491646e-01
-1.195350929720655e+00 2.007701086664568e+00
-1.663033223113271e+00 4.039050727294983e-02
8.846485440703681e-01 -5.711221898073935e-01
7.752836867405080e-03 -2.188285135335320e-03

23
1.706590154100253e-01 -2.651124496579921e-01
9.560010435547125e-01 -5.413015248880452e-01
-1.959932479871165e-01 6.809439834861888e-01
-1.929641410258105e-01 6.919139373034463e-01
9.087731828581814e-01 -5.815729296427360e-01
-1.316706013926385e-02 1.236819865920651e-02

24
1.735355008544040e+00 -1.015604710094776e+00
-3.064616672821694e+00 -3.043213416173463e+00
1.393141589417233e+00 -4.390495268386679e+00
9.171856525321954e-01 1.817569924631049e-02
8.931586013929520e-01 -5.592488913111857e-01
-2.610352654708283e-03 -1.183877854876827e-02

25
6.294201888516753e-01 3.073633215726613e-01
3.616243778669845e-02 -3.748517833040610e-01
-1.666866260252666e+00 9.627466824152231e-01
-5.522496267518843e-01 1.866608928196389e+00
8.910881646983393e-01 -5.721619369209426e-01
1.833120079463981e-03 3.451356703932247e-05

26
6.589499023265037e-01 6.570421041710353e-01
2.812428324809726e+00 6.067315747612160e+00
-2.445402092618106e-01 5.603462296544238e+00
3.754241444212799e+00 3.547880805243009e+00
8.945034448377324e-01 -5.691432118028406e-01
-1.991009122757236e-03 -2.179070993462887e-03

27
-3.288872338358295e-01 -9.820187437907846e-02
-4.534991861963890e-01 6.892559286078762e-02
-3.971598290547054e-01 -8.811479822998083e-01
-3.962888638402338e-01 8.973149252707633e-01
8.914348196971986e-01 -5.700008141000997e-01
1.089321933096860e-03 -1.952568200150073e-03

28
-2.754187871729399e-01 -2.820568151187798e-01
4.424950714747068e-01 -1.040587471782745e+00
6.566045207302532e-01 -4.276526700635894e-01
-4.358927168790775e-01 4.244947154956914e-01
8.890524618622635e-01 -5.641098482195938e-01
2.223498636061293e-03 -8.007132098152117e-03

29
-6.364811475731051e-02 -6.151956824857446e-01
-2.141017920484080e-02 1.974485429206674e-01
-3.793878848102205e-01 -5.367903354554088e-02
-3.157016395543136e-02 5.851151599339773e-01
9.182773792057604e-01 -6.484199548318506e-01
-9.380190809500187e-03 7.771036449607961e-02

30
-1.335345981688416e+00 -1.393673844516646e+00
1.486349187617837e+00 -5.852794564795476e-01
3.121819573922607e-01 1.199510275257630e+00
-1.313044697997543e+00 -6.290313500348330e-01
8.597692482395443e-01 -5.509105425323789e-01
2.751816248574368e-02 -2.616453510942940e-02

31
1.276604514017974e+00 -5.142324094499149e-01
-2.969888304468301e-01 -3.287247854743097e-01
-9.331922374733183e-01 3.488650197348956e-01
6.190938063194095e-01 1.120286791311042e+00
8.233195438860493e-01 -5.952815321317438e-01
7.066177802659999e-02 9.008621711777846e-03

32
-5.589260692508135e-01 -5.491274767217954e-01
3.252818061221323e-01 2.636518528895719e-01
-4.812827582400380e-01 -3.575332562657355e-01
-4.765316051114205e-01 2.218900736908883e-01
9.654447580447626e-01 -5.489185833337307e-01
-7.327932591668788e-02 -7.793941409327518e-03

33
3.298093402235515e-01 -1.675578762550311e+00
-9.337203197276275e-01 1.731556710223502e-01
1.486153609842543e+00 -2.971797841612892e-01
1.348964794667759e+00 2.150713922414595e-01
7.791749769511789e-01 -5.845828161476438e-01
1.105575646785231e-01 -9.622340054039686e-03

34
-3.906034106095869e-01 2.699561313104588e-01
1.822973230141757e+00 -5.064481781318551e-01
-7.899361575411623e-01 4.080623316574233e-01
-9.845695842725701e-01 4.299768387261349e-01
8.910663950960879e-01 -5.866752243288222e-01
4.636746053587609e-03 1.382123002381922e-02

35
-1.266116268551241e-01 -3.728160562949447e-01
2.036498977569573e-01 3.710155238892742e-01
-8.742090923029681e-01 3.553207423948818e-01
-2.893522544905860e-01 8.452319599793359e-01
8.879777567261589e-01 -5.725759703604504e-01
4.868099382280514e-03 -1.684858342503730e-04

36
-4.300804099411384e-01 -4.528819641595223e-02
7.468515614914034e-01 8.043289097495421e-02
-5.521617646466204e-02 -8.460782634452195e-01
-2.268849314060932e-01 2.694532913085295e-01
8.824900201361734e-01 -5.678065020440254e-01
9.168133578377764e-03 -5.752834566492650e-03

37
-1.468728315583207e-01 5.367076638658671e-02
1.406784635234376e+00 -4.169373222291468e-01
4.322780755760504e-01 -2.744583049114094e-01
-2.215180862179327e-02 2.985083918905270e-01
9.396605514521947e-01 -5.644879737368800e-01
-4.579307521950804e-02 2.056333052644486e-03

38
-4.533793943202552e-02 -2.576050229566672e-01
9.991289156327160e-01 -8.438173365236915e-01
-8.215022350707835e-01 -7.209380216045738e-02
-8.142776659546378e-01 1.806574950735670e-01
8.890074908515159e-01 -5.721113821548472e-01
3.800534775998659e-03 -4.124965037045386e-04

39
-2.784539842312229e+00 4.377025777696713e+00
3.693921723032429e-01 -2.577886493693684e+00
3.510019367800468e+00 -4.957185915259501e-01
-3.028983868762975e+00 4.864689395774255e+00
9.053148780974106e-01 -5.565262020382264e-01
-1.468363146714557e-02 -1.209496601767697e-02

40
-4.372731651267773e-01 -4.688815705327027e-01
5.821363597199654e-01 -2.850231333140990e-02
1.562485272778635e-02 4.731158416487139e-01
-3.627638426514816e-01 6.003490863190749e-01
8.763471626743925e-01 -5.490143348533958e-01
1.140181108624581e-02 -2.478752473461453e-02

41
-1.372819103336468e+00 3.363491435953196e-02
9.551188949875869e-02 9.856691146720219e-01
-3.467396156082425e-01 -1.284035701720849e+00
-7.759682589964766e-01 4.462670406061994e-01
8.120390524448255e-01 -5.479651885445997e-01
7.230782017611642e-02 -3.811560581222337e-02

42
-1.765425838222116e-01 -6.871014029481584e-02
1.053564693620675e+00 2.194484448933233e-01
-3.934268927919000e-01 -1.520873475265483e-01
-1.045939009207130e-01 4.145111770168278e-01
8.763825520100502e-01 -5.256307397028926e-01
6.884351344036617e-03 -4.700041915756991e-02

43
6.432520860988404e-02 -7.983479167961426e-01
7.580619928035909e-02 -1.204470835923517e+00
5.969056752323568e-02 -9.654925568249045e-01
-4.020790154366550e-01 -1.624232299341518e-01
1.037996737400931e+00 -5.779724347873040e-01
-1.366489316523646e-01 3.372568661967379e-02

44
2.473732145375342e-01 -3.449877160106792e-01
5.834845619270818e-02 3.436751367881791e-01
-6.515351597748579e-01 -3.682792291026231e-01
2.329658021515789e-01 6.723780226516947e-01
8.961733777075036e-01 -5.543347035276192e-01
-6.417370245230437e-03 -1.593027649789766e-02

45
-5.423248125624583e-01 -8.403590497193028e-02
-5.462766267054516e-01 1.409863866561148e+00
1.548480036553063e-02 -1.078959665685007e+00
4.141860005197800e-01 1.000906920860147e+00
8.860039552375683e-01 -5.607604758347499e-01
4.478020222880998e-03 -1.177434473292688e-02

46
1.815064047810305e-01 -3.826734575259829e-01
7.846674057602467e-01 7.194233672499044e-01
-8.628262986696743e-01 2.333679234291986e-01
2.935282276625074e-01 4.977494941509675e-01
8.806080882485773e-01 -5.703944321267668e-01
1.145263124221263e-02 -3.654580953180786e-03

47
1.544770550138372e-01 -7.280575558772077e-01
3.852415863851220e-01 -1.218897454582929e-01
5.737826378458939e-01 -1.458389618128197e-01
5.221817637952911e-01 2.857575071828725e-01
8.033291121118048e-01 -5.062563879825809e-01
7.258651297379771e-02 -7.941849868367912e-02

48
-1.076860537755576e+00 -5.638898555115085e-01
-4.303757722462201e-01 1.147136214738310e+00
5.862283744593225e-01 7.565652358176997e-01
-1.094252696609330e-01 1.333597300319666e+00
8.660796642981188e-01 -5.541823895532129e-01
2.214922691562857e-02 -2.184551405086222e-02

49
-7.310690984366345e-01 -1.133494989055712e+00
7.442135574044439e+00 1.701296426223285e+00
-5.946347926320977e+00 -4.057781720934198e+00
-1.400463766726021e+00 -6.934906111964781e+00
8.935375489528417e-01 -5.719956450433094e-01
-5.262331213220047e-04 3.461711565755842e-04

50
-1.445731064388900e-01 -1.490132406804484e-01
1.071976398916217e+00 9.479657862158662e-01
-2.717810351569873e-01 -4.338701571393718e-01
4.666420641894024e-01 2.651052900456082e-01
9.385327346633909e-01 -5.499252339067570e-01
-4.751381784506924e-02 -1.199780888398503e-02

51
-2.087016078799845e-01 -2.605117259041668e-02
1.642872177115617e+00 1.788405049576458e-01
-1.294643031935479e-01 6.652741674849965e-01
-7.125987815072345e-02 5.266295425391396e-01
9.525984115188854e-01 -5.269274969077025e-01
-6.528922099164439e-02 -3.115372703132950e-02

52
-2.576548991338036e-01 -1.049479384251237e-02
1.952758509440336e+00 5.153885900683672e-01
-1.301458233919116e-01 -1.152539625984150e+00
2.993810120812920e-01 -5.200978331431401e-01
8.875977964415050e-01 -5.855077889878159e-01
7.708838652870969e-03 1.204679571736898e-02

53
2.239799971996524e-03 -2.012880419901933e-01
9.836923712694430e-01 2.056243690585530e-01
6.096483336927921e-01 -4.673023028003940e-01
6.036064626010419e-01 2.983551506099759e-01
8.939464673953217e-01 -5.685289934619513e-01
-1.579532235308376e-03 -2.869517793222449e-03

54
-1.082175356210739e-01 1.057954819343186e-02
1.145624350248835e+00 -2.343531167677019e-01
-3.434158823640900e-01 -3.658773328205498e-01
-2.650455366288697e-01 3.066141965907307e-01
9.269617706754798e-01 -5.719220909581380e-01
-3.230087353294400e-02 6.685412088065827e-03

55
-6.742481671312485e-01 -3.380295004566111e-01
3.889706147477490e+00 9.714238665636301e-01
-2.212345590467260e+00 -1.109163306811573e+00
-6.604003786888926e-01 -2.220320118953275e+00
8.959127420059335e-01 -5.721731046765440e-01
-2.749173219120766e-03 9.702438292120893e-04

56
-5.312575295772843e-01 -4.035127733287013e-01
5.535509935902339e-01 7.947332412469114e-02
-1.131256059221643e-02 4.884924438496371e-01
-4.164180050307524e-01 6.837114660409428e-01
8.883131864118737e-01 -5.514393840994897e-01
4.964003518835376e-04 -2.018868279225133e-02

57
-1.881791365293903e-01 -4.483086132660975e-01
5.355222669624261e-01 2.180029323753597e-02
-5.157443393206943e-01 -1.313083740918482e-02
-3.051230188822522e-01 3.890160626137875e-01
8.587994464732825e-01 -5.479369021968509e-01
2.786949348529653e-02 -2.917612359434852e-02

58
-7.873928144434858e-02 -2.716206277353406e-01
1.824286405943060e+00 2.457263900440170e-01
8.543910630080449e-01 6.455731519378943e-01
6.330989304436427e-01 2.928153800804675e-01
8.884014845364145e-01 -5.656497672521831e-01
3.137354955437980e-03 -6.668687962646809e-03

59
2.745953759445529e-01 -6.353469449340293e-01
1.546336540419623e+00 3.018578323690381e+00
-2.338176093873440e-01 -2.605327503193545e-01
2.228690680163311e+00 -1.754358876540768e-01
8.879964789899133e-01 -5.699313370990255e-01
4.343197474233076e-03 -2.677892873792693e-03

60
-2.883092372817008e-01 -1.002049900626214e-01
9.071269828996111e-01 2.792106202867693e-01
8.613048263696814e-01 3.110707228605660e-01
3.838743486533537e-01 8.236320561908616e-01
8.916777173573135e-01 -5.745208698581341e-01
1.725240480055252e-03 2.389078403873491e-03

61
5.531457917510807e-01 -5.532683473698109e-01
-4.658487725451156e-02 -1.955234987895568e-01
-1.034469272034859e-01 -6.555176144295030e-01
5.296009059833585e-01 4.396184836822598e-01
8.097222987150562e-01 -5.915946257995283e-01
8.287525382133917e-02 2.897942791123551e-03

62
3.613085675287728e-01 -5.489300154488863e-01
-8.525881559674647e-01 9.539657676451931e-02
-1.758348434287678e-01 -8.265904906740124e-01
4.275020988668167e-01 8.360444107979368e-01
8.824351713343210e-01 -5.423677310786497e-01
4.342338001988841e-03 -2.993591201962792e-02

63
5.126918322965395e-01 -5.505591747825077e-01
5.007859224748679e-01 2.667551945155632e-01
-5.571136133569492e-01 2.717112119509320e-01
4.922087552332704e-01 5.583979141316936e-01
8.301604680429140e-01 -5.606354697038590e-01
5.751793652899976e-02 -2.260118313066831e-02

64
2.471253408298100e-01 2.445943800402108e-01
1.132079559767673e+00 -3.474945369801645e-01
-8.481283049056808e-01 -5.122533228898959e-01
-2.487676788378548e-01 4.562141885057984e-01
8.989877754876280e-01 -5.697323445475939e-01
-6.139166020415075e-03 -7.593865560829737e-04

65
-9.926515892937943e-02 -2.646783890405067e-01
6.712995882273552e-01 -3.185948850253486e-01
2.626057250124390e-01 6.011010706069257e-02
-5.737652953107485e-02 5.890079197638621e-01
8.931346514271563e-01 -5.823668403118964e-01
1.845299148448045e-03 1.012388573247380e-02

66
3.672365075213977e+00 1.880625607703307e-01
-1.243736317935491e+01 -1.869568261563098e+00
-7.695569796470792e+00 3.906961057657353e+00
-2.807026329464434e+00 1.033022709621773e+01
8.894230453186009e-01 -5.667184159183831e-01
2.371556841065460e-03 -5.457345633272063e-03

67
-2.698096960005807e-01 -5.112191125680604e-06
2.208546483879384e+00 -4.279202198991832e-01
-6.424982390144315e-01 -5.083717763326480e-02
-6.283743144441449e-01 -2.562501923607394e-01
8.879514236553407e-01 -5.416058310811108e-01
-1.045438946702597e-03 -2.960214068614509e-02

68
-1.655941262672901e+00 -1.147346870886952e+00
2.987740972473102e+00 4.458883398318845e+00
2.257541934311514e+00 -3.078661613127051e+00
2.913493466955710e+00 -2.803161252769741e+00
8.827049833806798e-01 -5.642322620844120e-01
8.278505374588886e-03 -9.107947837495153e-03

69
-3.256113892891219e-01 -3.367523493382550e-01
4.003150997964997e-01 -1.576953202587818e+00
8.213304787981396e-01 -8.203162766686936e-01
-6.811664855214297e-01 1.663679196440671e-01
8.884211935980229e-01 -5.673465021759795e-01
3.443977828887639e-03 -5.052628517767966e-03

70
-5.171131995883556e-01 -2.291673894621033e+00
-8.759278315389606e-01 3.468541869743709e-01
-2.066640969401656e+00 -5.233827743856456e-01
-1.027426029374661e+00 -1.009701469578014e+00
8.364108545651286e-01 -5.970958843447690e-01
5.856998945644003e-02 1.324293906622152e-02

71
1.217183929534587e-01 3.961716882560957e-01
8.317728788686115e-01 -7.155005073687676e-01
-3.461178137751560e-01 -3.349943293705102e-01
-4.098113601208988e-01 8.784404413045770e-01
8.963372029225316e-01 -5.794847742676316e-01
-1.750485406313946e-03 7.999367093857832e-03

72
9.590069132104326e-01 1.327345963414220e-01
1.428812071405372e+00 4.545013931295253e-02
-8.184782545204633e-01 -1.879862458744996e-01
7.091778490871004e-01 4.581968488774056e-01
9.583741841004080e-01 -5.843462672701009e-01
-5.976738856910678e-02 2.451454423644830e-02

73
1.076621673596225e-01 4.704215868749661e-01
1.395090141530666e+00 -5.378883518759610e-01
7.387615762841102e-01 -7.535155888681683e-01
3.025299394294411e-01 5.344807021686582e-01
8.992297670441887e-01 -5.633739855625718e-01
-7.588335307793517e-03 -6.754857054046562e-03

74
-3.198454361176374e-01 1.479993449665486e-01
7.116726225295098e-01 -1.764626680333447e-02
4.859868215724894e-01 -4.019364304473081e-01
1.498295714287667e-02 7.636613782783745e-01
8.933708482233467e-01 -5.672165360343234e-01
-1.284229674545463e-03 -4.227023512296472e-03

75
2.906595892451886e-01 -6.271848703452795e-01
4.630255954061713e-01 -7.978611938062731e-01
-1.268420925891331e-01 5.450678369261900e-01
-1.756559514847587e-01 5.651444948707245e-01
9.903828778163203e-01 -6.255870060393668e-01
-8.227489435451249e-02 6.984023641380607e-02

76
2.319224803273285e-01 -5.491360606711291e-01
3.272501008578888e-01 -6.792797200737952e-01
-1.127760103847139e-01 -1.409880597782606e-02
-1.181242141843808e-01 4.512880016644484e-01
1.026711771196896e+00 -6.336935134848284e-01
-1.152410904170797e-01 8.450935180710338e-02

77
1.462978336356643e-01 -4.635628338113696e-01
2.365419416985019e-01 -6.904963600445135e-01
1.662729015520180e-01 -5.388587160540349e-01
-3.482071086964670e-02 3.480525450531903e-01
1.079337320554611e+00 -6.200610800306884e-01
-1.678612464776794e-01 8.164648164774704e-02

78
3.967124046644636e-01 -1.403092311188474e+00
4.987856561211219e-01 -1.920393820319378e+00
-3.291794897745368e-01 9.630534276053042e-02
-6.936915282011504e-01 -5.469925560159161e-01
9.805544197553846e-01 -5.974319256310537e-01
-7.833441607388229e-02 4.120195230996034e-02

79
-9.625357747785836e-02 -4.254932834809770e-01
5.746732250340627e-01 -1.636782803697937e+00
-2.683388517702770e-01 6.679409645910849e-01
-1.160479221353815e+00 6.193752515728548e-01
8.898565383833450e-01 -5.705447969569533e-01
2.693353895478309e-03 -1.738299305087298e-03

80
1.415575181821770e-01 -7.662455660224406e-01
9.824152041982738e-01 -2.561654390565109e+00
6.560918386494617e-01 1.893185305216202e+00
-1.074796428242749e+00 6.932183605627885e-01
8.976268872287377e-01 -5.699984562806009e-01
-4.794988522986978e-03 -7.674724189852740e-04

81
-4.175220663444416e-01 4.132877093559184e-02
3.089955253166094e+00 1.552046028933123e+00
1.507006957941755e+00 3.080119765624385e-01
1.511080383876191e+00 -1.886027827469557e-01
9.007680496898509e-01 -5.690643619703112e-01
-7.958913799237494e-03 -1.052750730741637e-03

82
-1.299343269291008e-01 -2.021601386664790e-02
1.059440884137463e+00 2.900581167115822e-01
-5.707095570049468e-02 -5.685192242325787e-01
1.881917780488613e-01 3.006856531012998e-01
8.929320656837481e-01 -6.139399084081225e-01
8.091974204196465e-03 4.008656326177867e-02

83
2.635709969801815e-01 -5.729166470912482e-01
3.201396063197518e-01 2.461281924052168e-01
-2.300600722759218e-01 -3.698253514446986e-01
4.512265327941580e-01 3.280594533702867e-01
8.179322964297492e-01 -5.323891884394519e-01
6.372119512465729e-02 -5.178627648169536e-02

84
-1.835502417861026e-01 1.122548783437098e+00
-3.238178471591582e-01 9.965405536133574e+00
-1.575491291842218e+00 3.728664968549055e+00
4.474964676677379e+00 5.050319277820056e+00
8.951664166697000e-01 -5.677081309357028e-01
-2.896160081915602e-03 -3.415595306085234e-03

85
1.285395978288166e+00 6.215134827686045e-02
-9.876574580605447e-01 1.823475434355442e+00
-9.525304954812385e-01 -2.339701639861112e+00
2.060580222086697e+00 9.593323472145836e-01
8.966012478817742e-01 -5.752263057022415e-01
-2.817953931049626e-03 4.003494065202211e-03

86
-6.667092329157935e-02 -1.938675898941307e-01
6.034691714271182e-01 -2.767596746880615e-01
1.245288739118250e-01 -5.326270254408304e-01
-2.082574848846743e-02 3.998219221326166e-01
8.925007943656359e-01 -5.839419305155175e-01
2.749631475428730e-03 1.149903323033410e-02

87
-9.765380756352107e-01 1.117264143247731e+00
1.257052299926971e+00 1.619373676261987e-01
1.180425119672906e+00 -7.138771319399230e-01
-2.273021387442421e-01 1.239602009787747e+00
8.759972333984443e-01 -5.691457122292454e-01
1.559453800465486e-02 -5.725282860642290e-03

88
-3.252022599170573e-01 -1.072728111995890e+00
1.008056472078707e+00 1.617804350246380e-01
-9.871777173001928e-01 -2.085128240744115e-01
-4.458392418625845e-01 -6.621894121490174e-01
8.557725452169392e-01 -5.370059151015527e-01
2.864970155921541e-02 -4.014343440176254e-02

89
-1.291627216693914e+00 7.762183515627329e-01
8.912655767187549e-01 2.790856154498086e-01
1.320640213229475e+00 -6.241207543659878e-01
-3.944960437408889e-01 1.151582333526198e+00
8.795739147480542e-01 -5.857485551549562e-01
1.537950008968328e-02 1.073698902316005e-02

90
8.459328706074415e-01 -2.592202278545692e-01
-1.193397782402512e+00 -1.476771516334042e+00
-9.281188063203319e-01 -6.688659753152680e-01
-4.956418903965005e-01 1.252026695561353e+00
8.950733784951167e-01 -5.451482957237375e-01
-7.133627834838091e-03 -2.487035843854894e-02

91
4.302603446110677e-01 2.715914778576237e-01
2.816461982621721e-01 -8.505850803372891e-01
5.439857913031028e-01 -7.505462180044005e-01
2.655454190388701e-01 1.003668134136925e+00
8.935256043954818e-01 -5.813107680077311e-01
1.271302694908880e-03 9.195344953635489e-03

92
-3.634848759991726e-01 1.294064617811113e+00
2.199494404566428e-01 -7.573409650933700e-01
-2.235918188880504e-01 -1.483751500858115e+00
-9.011310764554407e-01 1.508586436748702e+00
9.116660390265996e-01 -5.694245563261733e-01
-1.824538973428350e-02 1.379217295675046e-03

93
-1.542075642778074e-01 1.215685329898470e-01
1.747803592265888e+00 -1.003840144249021e+00
4.274029391407541e-01 -5.551936545535261e-01
-3.341373470875562e-01 -3.049039393197319e-02
9.261891184243957e-01 -5.483581090089512e-01
-3.608510121270523e-02 -1.585383333472071e-02

94
-2.956847464081023e-01 1.419680411012213e-01
2.630055305736728e+00 -1.270705047320393e+00
4.216567805382624e-01 8.983812700328935e-01
-7.167728000127650e-01 1.357678597702462e-01
8.985831750830483e-01 -5.048581404526622e-01
-1.819440956455827e-02 -6.248206992209687e-02

95
4.310698285397893e-01 -1.664977875274794e-01
2.425347098396780e+00 2.311039476614148e-01
-1.215405396771745e+00 -1.308872706906445e+00
3.483374671943186e-01 -1.084276574758193e+00
8.911980392338077e-01 -5.779126607591956e-01
2.831422599445323e-03 5.520064599835284e-03

96
7.179303828151803e-02 -3.060119363808331e-01
8.575719148757033e-03 1.802572890806607e+00
-8.440807284364836e-01 1.676070359451477e+00
6.158646978380188e-01 1.833939070272651e+00
8.943783377071445e-01 -5.693739102271448e-01
-1.827892485454053e-03 -1.983844986650590e-03

97
5.202780194864115e-01 5.967406865305702e-01
2.731720950788619e+00 4.203265255508322e-01
1.142123079387320e+00 1.808831177055071e+00
1.312165092349721e+00 1.301701206008077e+00
9.026650429726315e-01 -5.609311107486888e-01
-1.132104503788125e-02 -8.417419952800499e-03

98
1.669938150799967e-02 -4.026767963049624e-01
1.447291346173221e+00 5.369002549778844e-01
8.181462834208857e-01 -1.079862917847789e+00
1.051137402963239e+00 -4.287536242954701e-01
8.901636916225957e-01 -5.742430997349744e-01
3.110643073110427e-03 1.834818027569192e-03

99
3.418381250228746e-01 -3.103904296646482e-01
-3.653058951609915e-01 1.126743302085525e+00
-1.093418820528334e+00 -5.117866102073896e-01
5.521398262398672e-01 9.234081934241373e-01
8.936187620843846e-01 -5.619453966926969e-01
-2.530550837761112e-03 -9.188254945220267e-03

100
-6.312186559657051e-01 -1.636268485260219e+00
4.228389406539296e-01 8.036100882463529e-01
-6.720022798450511e-01 -1.104772435418123e+00
-8.797973000269552e-02 -1.259819057164016e+00
9.723712214268359e-01 -5.386730213597097e-01
-8.182562424343232e-02 -1.620137463348080e-02

101
-9.497839529554836e-01 -9.862821998698188e-01
2.586705505866628e-01 -4.588641289546000e-01
5.095543119330083e-01 -9.140115955564251e-01
-6.956759660958770e-01 -4.525222773287308e-01
8.323669156834966e-01 -4.875792512027249e-01
4.141269854956118e-02 -9.159795088194404e-02

102
-4.228747877454073e-01 -5.132595530476599e-01
1.457604170129395e-01 -1.828337539087277e-01
3.019386439315233e-01 -4.221934494853153e-01
-2.370515984291479e-01 3.951326617346613e-01
8.393526865457858e-01 -4.899623145476822e-01
3.523159853872700e-02 -8.799397435232946e-02

103
-4.121485265277867e-01 2.922507541276523e-01
2.174702202557642e+00 -8.163874386011635e-01
-8.490549920738285e-01 -1.498255941092072e+00
-9.921653928728623e-01 -7.374894551267265e-01
8.853597326600409e-01 -5.744691091878973e-01
7.718823310565785e-03 1.128413107509047e-03

104
-3.230244042926206e-01 -2.233586892573738e-02
3.603726666518066e-01 -1.107306177260994e-01
-2.084296810448135e-01 -7.258886601970667e-01
-3.611496981395777e-01 5.649524366442735e-01
8.901619294788850e-01 -5.659635809020513e-01
1.524710020732753e-03 -6.032926947267456e-03

105
1.013310469200394e+00 -1.037284857627722e+00
-7.270475135558453e-01 5.018420786347409e+00
-1.253383011044263e+00 7.447385061382655e-01
3.403698354197060e+00 1.453177498305164e+00
8.873482853876994e-01 -5.712567720073621e-01
5.213281045993379e-03 -1.542723166613600e-03

106
-6.209210226467810e-01 -4.425529419502833e-01
-3.533282274551026e-01 5.732877968677403e-01
3.044923647714151e-01 -7.137232843134538e-01
1.889051083426708e-03 6.603152818988449e-01
8.341724685878961e-01 -5.538881921917669e-01
5.241183427371852e-02 -2.824331013416207e-02

107
-3.835553627778204e-01 -5.228498379461133e-01
-2.000469158542099e+00 -8.283110170314576e-01
2.191681051699915e+00 2.423412754785612e+00
-1.373396968222327e-01 3.230899274054680e+00
8.923543411739534e-01 -5.729994160663696e-01
7.905549516155293e-04 1.073098149536320e-03

