52                                               

-2.524237725541064e+00 5.131879292625541e-01
3.335523880780032e-01 2.235693070859154e+00
-5.296140183932259e-01 -1.564304052334631e+00
1.000000000000000e+00 0.000000000000000e+00
1.079388663826613e-02 -6.617563933316783e-04

-1.705610305430296e+00 -3.010098678723956e-01
8.198873932345460e-01 -1.908026886940712e+00
-3.320168706596277e-01 -1.717856218532583e+00
1.000000000000000e+00 0.000000000000000e+00
8.245790433469458e-03 -2.646845718162575e-03

1.454375565044915e+00 -5.237538597263447e-03
-8.331046582196964e-01 2.494547494877631e-01
2.674021743373902e-01 -6.052871224152351e-01
1.000000000000000e+00 0.000000000000000e+00
-6.186681418278775e-02 -1.284217735322366e-03

-8.845885352574928e+00 -1.536710640465557e-01
1.670277890444494e-03 -1.530610905932691e+00
-2.044138942383936e+00 1.488913995006996e-01
1.000000000000000e+00 0.000000000000000e+00
-1.085904312232450e-02 1.031485932312003e-03

-1.466482435437664e-01 -7.726018537678394e-01
4.728462906807138e-01 -1.092700970393900e+00
-7.575547999732705e-01 -9.285604175631930e-01
1.000000000000000e+00 0.000000000000000e+00
2.401699933246921e-02 1.569724404404151e-02

-3.653645070178497e-01 -1.149374787152754e-01
-6.941057012533575e-01 2.002865455054325e-01
-1.023294879802332e+00 -7.674798774423869e-02
1.000000000000000e+00 0.000000000000000e+00
-4.732975601094958e-02 3.155399939976237e-02

1.415068562026364e+00 -7.408558092717143e-02
-2.471189437000515e-01 -3.248964071970776e-01
7.440610479377847e-01 3.901959484309724e-01
1.000000000000000e+00 0.000000000000000e+00
-6.053801846259094e-02 -1.118798783786056e-02

1.504073979846487e+00 -9.007109254221324e-02
1.263835382316796e+00 -1.219201422630944e-02
6.549656091584273e-01 3.331120735304495e-01
1.000000000000000e+00 0.000000000000000e+00
-8.424799453894399e-02 -2.631640406756966e-02

-4.250777369393255e-01 -7.861791825115207e-02
6.233982072451318e-01 1.907369989209107e-01
-8.056404487553093e-01 1.707836930249490e-01
1.000000000000000e+00 0.000000000000000e+00
-1.045160806343911e-01 -1.027730769317275e-02

-8.777891329665527e+00 -1.135643682965788e-01
-7.138205650665181e-01 7.811160751328439e-01
-2.025755390211820e+00 1.660195067040302e-01
1.000000000000000e+00 0.000000000000000e+00
-1.110766490492100e-02 8.330124385257584e-04

-1.649622946928959e+00 -7.282013774939460e-01
6.861491875987751e-01 -1.934788649840736e+00
8.480230951716239e-01 -5.068205663122854e-01
1.000000000000000e+00 0.000000000000000e+00
8.762181970043184e-03 -6.684259697446499e-04

-2.185551695358892e-01 -1.170474735138316e-01
1.185451408702252e-01 -6.542359978595154e-01
-9.058995319399171e-01 -1.763392874654148e-01
1.000000000000000e+00 0.000000000000000e+00
-4.435323380066280e-02 5.729182257936526e-02

-3.230564740469998e-01 7.713677675236517e-01
-5.153804001958223e-01 -3.220115023173007e-01
7.033497632998023e-01 -2.623444633066886e-01
1.000000000000000e+00 0.000000000000000e+00
3.726105491840194e-02 -1.093188215519588e-02

-9.436516467383774e-02 -4.651820335488770e-01
-6.085154521206840e-01 -8.655749388698619e-02
7.104452232860692e-02 9.268871710735420e-01
1.000000000000000e+00 0.000000000000000e+00
5.791982172315557e-02 4.325748945007264e-02

-4.927233658833063e-01 5.001391793545246e-02
7.110773207316199e-01 -9.414338701777292e-02
1.518379711161766e-01 -6.328266505121344e-01
1.000000000000000e+00 0.000000000000000e+00
-6.116683304088408e-02 -4.667424429162392e-02

-1.683033048553170e-01 -5.583680261712086e-01
3.404518860350398e-01 8.196087622544387e-01
3.538849376819894e-02 8.093540335566578e-01
1.000000000000000e+00 0.000000000000000e+00
8.638656094048905e-02 5.761856452914805e-02

-2.365403650706462e+00 2.562125934201080e-01
3.436726896442930e-01 2.258427431611162e+00
8.269298777639028e-01 -4.851683290965858e-01
1.000000000000000e+00 0.000000000000000e+00
1.031821966767088e-02 -2.001372821146359e-04

-8.957991035862104e+00 -5.449906872571009e-02
-7.866612671515589e-01 8.266772847135667e-01
5.255886246466093e-01 -8.100120245355601e-01
1.000000000000000e+00 0.000000000000000e+00
-1.011381669227372e-02 3.938801232520554e-04

-6.077746574554228e-01 9.606985891148018e-02
-3.681314076627374e-01 -5.320601630770317e-01
1.166792221971740e+00 1.811783903341357e-02
1.000000000000000e+00 0.000000000000000e+00
-7.634316615783570e-03 -1.527751363556623e-02

-5.283693284234107e-01 6.012157419085169e-01
-4.767019462244909e-01 -3.601983287848120e-01
-2.389209408501848e-01 -9.996717554020145e-01
1.000000000000000e+00 0.000000000000000e+00
2.454002336265799e-02 -1.896257263624422e-02

-1.119226741517099e-01 -7.142018995948868e-01
2.531007227927916e-01 9.253373334327930e-01
5.537542850527385e-01 -2.697680078121161e-01
1.000000000000000e+00 0.000000000000000e+00
7.350220791099379e-02 2.001826017237718e-02

1.477504221402524e+00 -6.202117447807230e-02
1.242501342896942e+00 5.708722650932870e-03
1.956045974866622e-01 -5.673832471818933e-01
1.000000000000000e+00 0.000000000000000e+00
-9.156879645160838e-02 -2.338992277100818e-02

2.824702277679304e-01 4.437679540469869e-01
3.619124042901222e-01 7.184676470359977e-01
-2.161628221185147e-01 7.842737165250089e-01
1.000000000000000e+00 0.000000000000000e+00
1.058756384733064e-01 -2.398194786382343e-02

-7.846537749721150e-02 -1.023909455332288e+00
-5.928543749525895e-01 -2.055467588324735e-01
-4.507295295992046e-01 -9.580132681513654e-01
1.000000000000000e+00 0.000000000000000e+00
3.347730732640956e-02 -3.653440079441855e-03

-8.660840377937673e+00 7.088070738691643e-02
9.032070880333262e-01 6.766180438033090e-01
-1.977593652175484e+00 2.331657897254721e-01
1.000000000000000e+00 0.000000000000000e+00
-1.175231146107504e-02 -6.283201875255384e-05

-9.019632874897363e+00 -7.853192769976020e-02
-2.041235211868024e-02 -1.502230313150770e+00
5.293113220373996e-01 -8.091456747373600e-01
1.000000000000000e+00 0.000000000000000e+00
-9.935994152375848e-03 5.127277260048597e-04

-8.802611850823540e+00 1.478943076679439e-01
9.824834118912510e-01 5.971739531842346e-01
5.079165897126302e-01 -8.195895155947215e-01
1.000000000000000e+00 0.000000000000000e+00
-1.080666660645925e-02 -5.129271945068991e-04

-1.084067881456580e+00 4.478931489912056e-01
-5.229211365354443e-01 -4.255311807286070e-01
-2.390716346410761e-01 -1.362877011198796e+00
1.000000000000000e+00 0.000000000000000e+00
1.219427400465200e-02 -7.340674143296138e-03

-5.192458613016379e-01 8.660421070637634e-01
4.561579032874217e-01 -8.936996986944721e-01
-3.577108143929072e-01 -9.003169736323711e-01
1.000000000000000e+00 0.000000000000000e+00
3.834303222387742e-02 -1.315923279707434e-02

1.786312575119136e-01 -2.810479861279932e-01
4.122428757895691e-01 -6.693472256282333e-01
1.169227804997413e-01 8.179493803485409e-01
1.000000000000000e+00 0.000000000000000e+00
6.442682524720469e-02 7.171033795938846e-02

-2.607731955017047e+00 -7.908489041690627e-01
6.582595856593673e-01 -1.880312308169083e+00
-3.302147930263265e-01 2.016126455902961e+00
1.000000000000000e+00 0.000000000000000e+00
1.100725397315956e-02 -1.079318646073986e-03

7.503535597406641e-02 6.644007165929255e-01
-5.497598704623403e-01 -2.316893737545082e-01
-1.294960833074755e-01 9.449190172104809e-01
1.000000000000000e+00 0.000000000000000e+00
7.040364645443432e-02 6.598225135377375e-03

-8.783530653309915e+00 2.047565185347242e-01
9.601121459904639e-01 5.626523313977403e-01
1.532838370779030e+00 5.228889468597353e-01
1.000000000000000e+00 0.000000000000000e+00
-1.088134555042627e-02 -8.699253735334920e-04

-2.950886220727378e+00 -1.241522315264751e-01
3.691989828124358e-01 2.217199569828653e+00
-1.882736096379060e-01 1.983259360446335e+00
1.000000000000000e+00 0.000000000000000e+00
1.158013279732707e-02 7.521434707000842e-04

-1.248219324756616e-02 -4.012520377846115e-01
3.546251040258795e-01 -8.098597477494829e-01
5.132356898691092e-01 -3.874882282545135e-01
1.000000000000000e+00 0.000000000000000e+00
2.976484257715167e-02 4.956358273826628e-02

1.515530807209106e+00 -6.151504868431291e-02
-8.558265936753169e-01 2.859064598161799e-01
7.662336183588557e-01 4.206024355675577e-01
1.000000000000000e+00 0.000000000000000e+00
-5.572722008926845e-02 -5.908851734716718e-03

1.283673091627244e+00 9.899021552089404e-02
-7.693978590164837e-01 1.694901492157896e-01
-8.914046532908112e-01 8.258649326032427e-02
1.000000000000000e+00 0.000000000000000e+00
-8.172935724699974e-02 1.563006696319715e-02

1.208518156088530e+00 1.079407154124697e-01
-1.537973988946141e-01 -3.208357372249065e-01
-8.639261719488075e-01 8.115388513304875e-02
1.000000000000000e+00 0.000000000000000e+00
-8.852988993602573e-02 1.711784323969601e-02

1.419556600371049e+00 3.371944750308309e-02
1.193645778954158e+00 7.236643260914527e-02
-7.941385259408192e-01 1.465713148207949e-01
1.000000000000000e+00 0.000000000000000e+00
-1.100331700965629e-01 -2.973852990123302e-03

1.364243273057432e+00 -1.383355007051817e-02
-2.239651985906584e-01 -3.247976600144332e-01
2.499394963871854e-01 -5.992110397939484e-01
1.000000000000000e+00 0.000000000000000e+00
-6.739759356389352e-02 -5.552522225411877e-03

-9.695315301852309e-02 6.331144179642473e-01
3.279741697062029e-01 -6.792538819051286e-01
-1.400556404681206e-01 8.532674394998399e-01
1.000000000000000e+00 0.000000000000000e+00
9.120819321405454e-02 3.853459654757356e-03

-2.755540735813663e-01 -8.395746948253915e-01
-6.357282444542891e-01 -1.896496995372785e-01
6.637872347818183e-01 -3.593619605686315e-01
1.000000000000000e+00 0.000000000000000e+00
3.107338734341086e-02 8.478647467507164e-03

-3.629876125310591e-01 8.227217153519526e-01
4.036413185128361e-01 -8.215528790517286e-01
6.559426480108297e-01 -2.424953046794223e-01
1.000000000000000e+00 0.000000000000000e+00
4.966020867185517e-02 -1.102142662054388e-02

-6.246672007255495e-01 -2.150689465363310e-01
-1.110846002889379e+00 -1.580227163688874e-02
5.586586370586268e-01 -6.517494651751722e-01
1.000000000000000e+00 0.000000000000000e+00
-7.535670916895962e-03 1.189485401371343e-02

-2.164200137024355e+00 -5.662660173795496e-01
-5.777992371302176e-01 -3.361518790672616e-01
-2.557619137122201e-01 1.907788268195189e+00
1.000000000000000e+00 0.000000000000000e+00
1.265894231710807e-02 -2.547029224575399e-04

-6.733929030384574e-01 -2.112155409516468e-02
-1.349891694792936e+00 5.852659499500311e-01
1.505771861697368e+00 5.094080532018359e-01
1.000000000000000e+00 0.000000000000000e+00
-1.129649369623204e-02 -1.123532985881609e-03

-8.945123565983023e+00 1.978048861310411e-02
-7.746449714098937e-01 8.582145854819143e-01
1.580496333117851e+00 5.814345792629548e-01
1.000000000000000e+00 0.000000000000000e+00
-1.019599525367550e-02 1.309202487313928e-06

-8.998784227189651e+00 -5.326260975521802e-03
-1.034655284878461e-02 -1.491764450747799e+00
1.590085609123849e+00 5.917062748801594e-01
1.000000000000000e+00 0.000000000000000e+00
-1.005776966198166e-02 1.350309648001612e-04

-5.082402550177783e-01 8.384275393056725e-02
7.295082314895118e-01 -1.649341973722683e-01
7.233319527805520e-01 2.165591456382921e-01
1.000000000000000e+00 0.000000000000000e+00
-5.091202989677022e-02 -5.142212303384311e-02

1.210636265761582e-01 3.704111219733925e-01
2.310639480099066e-01 7.308938828611501e-01
5.806936165976486e-01 -1.227443542510341e-01
1.000000000000000e+00 0.000000000000000e+00
8.554312839875544e-02 -5.867692954849697e-02

7.493857360022829e-02 3.634349904611199e-01
1.968013910945227e-01 7.405517988895258e-01
-2.237957702246054e-01 -6.531530100614941e-01
1.000000000000000e+00 0.000000000000000e+00
7.609527981666422e-02 -6.385437864960963e-02

-6.020612876617953e-02 -8.008520440970794e-01
1.888902248475873e-01 9.698853153550141e-01
-4.539170624815772e-01 -7.053811580790813e-01
1.000000000000000e+00 0.000000000000000e+00
6.703503684977516e-02 5.983849809751855e-03

