108

-6.059588385984378e-01 -4.889627294518837e-01;
-1.684488173665913e-01 -1.145975243811768e-01;
2.116723615097747e-02 -2.935433450587731e-01;
-5.591090406789692e-01 6.237188127299520e-01;
2.784845850577754e-01 -6.841246550946667e-01;
6.054134356840346e-01 -1.104315275445102e-02;

7.471597305665861e-02 -1.009944526785706e+00;
7.074384934959838e-01 -8.756980842164370e-01;
-1.079746997029706e-01 5.889893697577859e-01;
-3.592705561030746e-01 3.001379189594901e-02;
2.784845850577754e-01 -6.841246550946667e-01;
6.054134356840346e-01 -1.104315275445102e-02;

-2.701608476167233e-01 -6.204792008436344e-01;
2.741993885019915e-01 -3.205078755639778e-01;
-1.336581838978382e-01 4.828769485805704e-02;
-4.092785786311337e-01 4.068927165804483e-01;
2.784845850577754e-01 -6.841246550946667e-01;
6.054134356840346e-01 -1.104315275445102e-02;

-9.640081721273697e-01 -1.760644212294167e-01;
-5.249597683964929e-02 2.663344155930713e-02;
1.002775117866636e-01 2.745664890325938e-01;
-8.787819084650242e-01 1.116808306844614e+00;
2.784845850577754e-01 -6.841246550946667e-01;
6.054134356840346e-01 -1.104315275445102e-02;

-8.446973555256957e-01 -1.235954276485312e+00;
3.772658832006005e-01 -1.483147737217851e+00;
6.208458024265732e-01 1.721541954577472e+00;
-1.388400303716253e+00 4.699012756859948e-01;
2.784845850577754e-01 -6.841246550946667e-01;
6.054134356840346e-01 -1.104315275445102e-02;

8.387411916624453e-02 -3.755634081903942e-01;
1.517024471160010e+00 -9.333257455726576e-03;
-1.128158846920511e+00 1.199879787335556e+00;
-4.114731845861199e-01 4.385940839593152e-01;
2.784845850577754e-01 -6.841246550946667e-01;
6.054134356840346e-01 -1.104315275445102e-02;

7.625397329581728e-01 -9.386716494787334e-01;
-3.250016290663470e-01 -6.455703278109530e-01;
4.718175214716368e-01 -1.971728811913685e+00;
9.152690167157188e-01 -3.739694251436945e-01;
2.784845850577754e-01 -6.841246550946667e-01;
6.054134356840346e-01 -1.104315275445102e-02;

4.275059717443760e-01 -1.323565992949473e-01;
4.072227020914893e-01 -2.536608163626095e-01;
3.857310271890555e-01 -6.626126800225942e-01;
5.976510630499721e-01 6.083068243569811e-01;
2.784845850577754e-01 -6.841246550946667e-01;
6.054134356840346e-01 -1.104315275445102e-02;

-4.256945159002809e-01 -3.730515927478846e-01;
1.002707214682517e-01 5.316932156039726e-01;
-9.443902887021689e-01 -5.918105665999422e-01;
-4.308446017532807e-01 4.063510288070666e-01;
2.784845850577754e-01 -6.841246550946667e-01;
6.054134356840346e-01 -1.104315275445102e-02;

-5.134103059436622e-01 -4.152188741540540e-01;
-1.377161634706436e-01 4.132982066173783e-01;
5.766452426675259e-02 -1.302786490762802e-01;
-1.569699587706565e-01 8.201862581822987e-01;
2.784845850577754e-01 -6.841246550946667e-01;
6.054134356840346e-01 -1.104315275445102e-02;

-1.346291505227261e-01 -9.067127353869864e-01;
6.780686433343988e-01 -6.958409554020685e-01;
4.372567488237203e-02 2.623894856179724e-01;
-3.639260878369673e-01 -7.862519755941037e-03;
2.784845850577754e-01 -6.841246550946667e-01;
6.054134356840346e-01 -1.104315275445102e-02;

-2.317805817213144e-01 -6.825688261735844e-01;
4.737153256510096e-01 -1.937852201121971e-01;
1.115787057739547e-02 1.111690393720238e-01;
-2.050366731689042e-01 2.882222732532563e-01;
2.784845850577754e-01 -6.841246550946667e-01;
6.054134356840346e-01 -1.104315275445102e-02;

-4.805571045643454e-01 -2.295271698588921e-02;
2.009695896384928e-03 7.836057333540363e-01;
4.040799980446542e-01 2.334689267220016e-01;
1.914417318451892e-01 1.375339225814823e+00;
2.784845850577754e-01 -6.841246550946667e-01;
6.054134356840346e-01 -1.104315275445102e-02;

-6.786012810417462e-01 -1.181153558088007e+00;
7.950873654331992e-01 -1.915467318846236e+00;
-2.083532320103668e-01 2.335572998732691e+00;
-1.930371587263452e+00 4.729785556778729e-01;
2.784845850577754e-01 -6.841246550946667e-01;
6.054134356840346e-01 -1.104315275445102e-02;

-3.927420307208037e-02 -5.156495336383794e-01;
1.469504841534134e+00 1.885239534518526e-01;
-7.370087501485765e-01 6.992410719796860e-01;
-1.534123094880869e-01 1.240825778125674e-01;
2.784845850577754e-01 -6.841246550946667e-01;
6.054134356840346e-01 -1.104315275445102e-02;

1.035309561204026e-01 -7.499220456629222e-01;
3.667966842755703e-01 -8.017003154317824e-02;
4.033719349129307e-01 -9.565234467384460e-01;
4.998283229695445e-01 -1.464611925877756e-01;
2.784845850577754e-01 -6.841246550946667e-01;
6.054134356840346e-01 -1.104315275445102e-02;

1.198952246061503e-01 -6.866035685772868e-01;
4.515012963254879e-01 -5.822175714754640e-02;
4.573362220010472e-01 -8.143246436643232e-01;
5.398155952368648e-01 -5.496120386879256e-02;
2.784845850577754e-01 -6.841246550946667e-01;
6.054134356840346e-01 -1.104315275445102e-02;

-3.190732211616486e-01 -5.221509118124361e-01;
3.590160415962825e-01 5.621129730165751e-01;
-5.154885343153639e-01 -3.223035762548735e-01;
-8.218924542675296e-02 2.991520631652708e-01;
2.784845850577754e-01 -6.841246550946667e-01;
6.054134356840346e-01 -1.104315275445102e-02;

-1.116609670086528e+00 -9.338823926889117e-01;
-2.115056857400124e-01 -3.140780311838172e+00;
-1.464895623417919e-01 -1.236248244890543e+00;
-2.809127464518400e+00 -6.007286524213334e-01;
2.784845850577754e-01 -6.841246550946667e-01;
6.054134356840346e-01 -1.104315275445102e-02;

-1.994405790530772e-01 -8.158785783064201e-01;
7.063873651641802e-01 -6.134508088223869e-01;
3.372941734867878e-02 9.052538073445482e-02;
-3.744552128154245e-01 -2.276077458447672e-02;
2.784845850577754e-01 -6.841246550946667e-01;
6.054134356840346e-01 -1.104315275445102e-02;

-2.318320403230815e-01 -4.454877821013138e-01;
-2.939028377343339e-01 -2.033265412790042e-01;
-4.963317290557401e-01 1.846460318182575e-01;
-5.667875960658207e-01 9.647942285052121e-01;
2.784845850577754e-01 -6.841246550946667e-01;
6.054134356840346e-01 -1.104315275445102e-02;

-1.415522372531510e+00 -5.683399408472281e+00;
7.356155600076567e+00 -3.647608122457368e+00;
-1.568184962235553e+00 -2.619469515445700e+00;
-2.689246071298201e+00 -1.074293844078827e+01;
2.784845850577754e-01 -6.841246550946667e-01;
6.054134356840346e-01 -1.104315275445102e-02;

-8.593436287696303e-01 -9.775672203571284e-01;
1.155295422520094e+00 -1.051741058667350e+00;
-5.745819779232847e-01 7.718671158417393e-01;
-1.600563626135237e+00 -3.034868556010999e-01;
2.784845850577754e-01 -6.841246550946667e-01;
6.054134356840346e-01 -1.104315275445102e-02;

4.296885214927133e-02 -7.551496645375420e-01;
1.204248392822255e+00 2.657106250936488e-01;
1.165646772695615e-01 8.233252850729136e-01;
3.911229364934986e-01 2.165740348398085e-01;
2.784845850577754e-01 -6.841246550946667e-01;
6.054134356840346e-01 -1.104315275445102e-02;

5.757364069398847e-01 -9.412367363084664e-01;
-1.889405743512222e-01 -4.436388005440087e-01;
3.741322649345163e-01 -1.712202501377481e+00;
7.889748874503302e-01 -3.472691946744557e-01;
2.784845850577754e-01 -6.841246550946667e-01;
6.054134356840346e-01 -1.104315275445102e-02;

5.231509535610176e-01 -7.746912846852321e-01;
3.213221443847786e-01 -6.719452435504829e-02;
5.385494737665779e-01 -7.412645893117202e-01;
9.643043269590039e-01 3.313859480720525e-02;
2.784845850577754e-01 -6.841246550946667e-01;
6.054134356840346e-01 -1.104315275445102e-02;

2.257281616203980e-01 -5.448682901137576e-01;
7.610838214029131e-01 1.224670513153103e+00;
-3.628809162568485e-01 1.176814868417220e+00;
8.071755336657697e-01 9.208008884235098e-01;
2.784845850577754e-01 -6.841246550946667e-01;
6.054134356840346e-01 -1.104315275445102e-02;

-5.218928115620816e-01 -5.878172403313049e-01;
4.112190072988186e-01 -1.297993305793412e-01;
2.013887584242459e-01 -3.278295405025668e-01;
-3.296946253146856e-01 1.898391285859506e-01;
2.784845850577754e-01 -6.841246550946667e-01;
6.054134356840346e-01 -1.104315275445102e-02;

-6.870297005551024e-01 -6.970992371025366e-01;
5.606739204141961e-01 -2.497325160166248e-01;
5.047634068358973e-01 -5.239610539151311e-01;
-3.665192384251333e-01 -1.044242563349344e-01;
2.784845850577754e-01 -6.841246550946667e-01;
6.054134356840346e-01 -1.104315275445102e-02;

-8.137749126641772e-02 -6.397191185317881e-01;
3.290294172369173e-01 2.914950224508657e-01;
-3.387889459639094e-02 4.464079431959729e-01;
1.588713307887734e-01 6.399190585825780e-01;
2.784845850577754e-01 -6.841246550946667e-01;
6.054134356840346e-01 -1.104315275445102e-02;

-5.782593137099132e-01 -7.610948264433728e-01;
9.744136800434670e-01 2.394405710488270e-01;
1.601299017299364e-01 -1.448164525231245e-01;
-1.317522598262881e-01 -2.085881783784821e-01;
2.784845850577754e-01 -6.841246550946667e-01;
6.054134356840346e-01 -1.104315275445102e-02;

-1.306215319822533e+00 -8.434135032274934e-01;
9.029215566591747e-01 5.321251309877352e-01;
2.992396430113056e-01 -1.838184191486699e+00;
-4.205204978572120e-01 -1.138845687408018e+00;
2.784845850577754e-01 -6.841246550946667e-01;
6.054134356840346e-01 -1.104315275445102e-02;

4.272315510554517e-01 -6.177679526050260e-01;
1.085247528509602e+00 -1.632878933289716e-01;
-1.006889860214495e-01 2.196256193746497e+00;
2.310429507749509e-01 1.092161930691380e+00;
2.784845850577754e-01 -6.841246550946667e-01;
6.054134356840346e-01 -1.104315275445102e-02;

-4.747741402699107e-01 -7.931655222374432e-01;
7.502127885857907e-01 5.712010728516413e-01;
5.166821891547330e-02 -1.708667262407198e-01;
1.034748033098759e-01 -8.759626998521991e-02;
2.784845850577754e-01 -6.841246550946667e-01;
6.054134356840346e-01 -1.104315275445102e-02;

-9.570885612277754e-01 -6.980720243191197e-01;
7.773276558622229e-01 4.061819883210307e-02;
2.934629852106850e-01 -1.047554073329854e+00;
-4.882787612315442e-01 -5.269018486798547e-01;
2.784845850577754e-01 -6.841246550946667e-01;
6.054134356840346e-01 -1.104315275445102e-02;

-2.310655662890558e-01 -4.338900088422770e-01;
3.095352519309849e-01 7.322170324736160e-01;
-7.444327468992379e-01 -6.495809769037976e-02;
-4.948346270580582e-02 5.450196171214293e-01;
2.784845850577754e-01 -6.841246550946667e-01;
6.054134356840346e-01 -1.104315275445102e-02;

-1.094827044906904e+00 -1.721347288913430e-01;
-8.023397008610620e-01 3.545514343573003e-01;
1.555534966970122e-01 -8.846408326997039e-01;
-7.260510483368126e-01 1.015365725984117e+00;
4.585792045834473e-01 -2.986304797934944e-01;
3.603640355482916e-01 -3.428160605846942e-01;

-2.110090285874842e-01 -6.762330306019517e-01;
3.494349040035426e-01 -4.008079242369874e-01;
-1.372724196157695e-01 1.327929842197895e-01;
-3.961912844494611e-01 3.489469103349990e-01;
4.585792045834473e-01 -2.986304797934944e-01;
3.603640355482916e-01 -3.428160605846942e-01;

-2.076446881296050e-01 -8.438086107558387e-01;
3.398990236861198e-01 -6.275034668043993e-01;
-1.811678203810183e-02 2.601490903722486e-01;
-4.625762852541779e-01 2.460036962672056e-01;
4.585792045834473e-01 -2.986304797934944e-01;
3.603640355482916e-01 -3.428160605846942e-01;

-1.069579422960799e+00 7.875322185145305e-01;
-4.390031924920308e-01 1.399949789288548e+00;
-3.767472107293638e-01 -1.039101649114948e+00;
-4.138705776410734e-01 1.703368824689650e+00;
4.585792045834473e-01 -2.986304797934944e-01;
3.603640355482916e-01 -3.428160605846942e-01;

-6.253873475698781e-01 -7.192503406936250e-01;
5.705692498350455e-01 -6.799531718048614e-01;
8.142083317628860e-03 1.192817296785373e+00;
-9.875498155717530e-01 6.347006601051657e-01;
4.585792045834473e-01 -2.986304797934944e-01;
3.603640355482916e-01 -3.428160605846942e-01;

-1.028565371928576e+00 -7.258481795725256e-01;
-1.313458657214978e-02 -7.871243544491349e-01;
5.338674388653777e-01 9.446221620223446e-01;
-1.212582607066578e+00 8.498622586406767e-01;
4.585792045834473e-01 -2.986304797934944e-01;
3.603640355482916e-01 -3.428160605846942e-01;

2.486286664305284e-02 -1.224785727500164e-02;
4.835920681475712e-01 1.386306591722482e-01;
-1.288137142137065e-01 -2.967953504912332e-01;
1.346580158784524e-01 7.883996894477474e-01;
4.585792045834473e-01 -2.986304797934944e-01;
3.603640355482916e-01 -3.428160605846942e-01;

2.602034396132414e-01 -5.225111049096434e-01;
2.237795029726801e-02 -1.314583253382192e-01;
-4.116571468833703e-02 -1.136540612457640e+00;
3.631386198500207e-01 1.645495034173437e-01;
4.585792045834473e-01 -2.986304797934944e-01;
3.603640355482916e-01 -3.428160605846942e-01;

3.749047654246913e-01 -1.420006990312084e-01;
3.932165110497592e-01 -2.047608044435314e-01;
3.062425986474560e-01 -6.508582086212437e-01;
5.347400335623311e-01 6.019781085552439e-01;
4.585792045834473e-01 -2.986304797934944e-01;
3.603640355482916e-01 -3.428160605846942e-01;

-5.475621098457446e-01 -4.502291047237301e-01;
-2.152181099447828e-01 3.373349715569072e-01;
8.815167068184103e-02 -1.248350770395912e-01;
-2.238823179474705e-01 8.271505104112046e-01;
4.585792045834473e-01 -2.986304797934944e-01;
3.603640355482916e-01 -3.428160605846942e-01;

-2.667789787182375e-01 -6.740014877184692e-01;
3.965047178743484e-01 -1.730379960043740e-01;
2.602300410448148e-02 9.386075426432014e-02;
-2.256618004165404e-01 3.332883832916418e-01;
4.585792045834473e-01 -2.986304797934944e-01;
3.603640355482916e-01 -3.428160605846942e-01;

-2.682064736398235e-01 -8.382439141371801e-01;
3.851619286501601e-01 -5.373066373618840e-01;
8.727999941211063e-02 1.779099614962000e-01;
-4.040580404669182e-01 1.946657409692198e-01;
4.585792045834473e-01 -2.986304797934944e-01;
3.603640355482916e-01 -3.428160605846942e-01;

-2.925021271073694e-01 -1.041277045822183e-01;
4.918437296266065e-01 8.069641687765097e-01;
2.280054891381368e-02 2.161636208546349e-01;
2.570501645424371e-01 9.787989300590921e-01;
4.585792045834473e-01 -2.986304797934944e-01;
3.603640355482916e-01 -3.428160605846942e-01;

-6.696945955316912e-01 -7.006022866912094e-01;
3.084798949818171e-01 -8.726974799703298e-01;
1.685114946918443e-01 1.523116612281972e+00;
-1.127763639814752e+00 9.683020375613964e-01;
4.585792045834473e-01 -2.986304797934944e-01;
3.603640355482916e-01 -3.428160605846942e-01;

-1.015227218193388e+00 -5.184000948794567e-01;
-6.263271565610932e-01 -8.445419779225746e-01;
8.960213931813288e-01 1.499534164872268e+00;
-1.193761532743776e+00 1.731984192771854e+00;
4.585792045834473e-01 -2.986304797934944e-01;
3.603640355482916e-01 -3.428160605846942e-01;

-2.865693043051498e-02 -2.160784308495586e-01;
9.056123827343830e-01 4.209663824181741e-01;
2.338469651201454e-01 3.112138661052879e-01;
4.296785942081778e-01 6.903335502131996e-01;
4.585792045834473e-01 -2.986304797934944e-01;
3.603640355482916e-01 -3.428160605846942e-01;

-6.285955300992369e-02 -6.336136237190924e-01;
3.948895566792809e-01 1.899964787383784e-01;
4.837822962747865e-02 -6.452580437407944e-01;
2.771139926991650e-01 6.913408732467376e-02;
4.585792045834473e-01 -2.986304797934944e-01;
3.603640355482916e-01 -3.428160605846942e-01;

1.052851574133923e-01 -5.929863675471320e-01;
5.515531478827901e-01 1.963152799479139e-02;
4.474205516235182e-01 -5.941927999549571e-01;
5.404353891191682e-01 8.970955367247790e-02;
4.585792045834473e-01 -2.986304797934944e-01;
3.603640355482916e-01 -3.428160605846942e-01;

9.716825661550992e-02 -5.355862658659610e-01;
3.775561348867304e-01 5.266987848952590e-01;
-2.465279984580160e-01 6.107328578443560e-01;
3.441605225730884e-01 8.157442562008530e-01;
4.585792045834473e-01 -2.986304797934944e-01;
3.603640355482916e-01 -3.428160605846942e-01;

-2.024942320250619e-01 -6.765590174898944e-01;
3.423089321704371e-01 -4.355931870350033e-01;
-1.622124349268439e-01 1.386936075901384e-01;
-4.222295666051475e-01 3.512925105102616e-01;
4.585792045834473e-01 -2.986304797934944e-01;
3.603640355482916e-01 -3.428160605846942e-01;

-2.386893694596508e-01 -7.547951820300027e-01;
4.962168931869607e-01 -6.334315122714493e-01;
-6.644823223555324e-02 5.863973596594604e-02;
-4.974201960514968e-01 1.304757968246103e-01;
4.585792045834473e-01 -2.986304797934944e-01;
3.603640355482916e-01 -3.428160605846942e-01;

1.611528691571873e-01 -5.908760449421490e-01;
1.026348413296850e+00 4.910333339644654e-01;
2.238793705024730e-01 9.294415431540248e-01;
6.478811854895652e-01 5.840042884341000e-01;
4.585792045834473e-01 -2.986304797934944e-01;
3.603640355482916e-01 -3.428160605846942e-01;

-5.839901690299865e-01 -7.633941678379825e-01;
9.707051242272088e-01 -5.925814903598251e-01;
-3.454936592168795e-01 8.951513574427623e-01;
-9.972225449804256e-01 1.792422619194347e-01;
4.585792045834473e-01 -2.986304797934944e-01;
3.603640355482916e-01 -3.428160605846942e-01;

-1.428835384705077e+00 -9.925861303457664e-01;
9.534286736864646e-01 -1.834301866652504e+00;
-9.952233818391698e-01 8.315723305193117e-01;
-2.861423853354005e+00 -3.540745421258769e-01;
4.585792045834473e-01 -2.986304797934944e-01;
3.603640355482916e-01 -3.428160605846942e-01;

2.152726287457604e-01 -4.968434177384665e-01;
9.137579036917068e-01 1.317049626269186e+00;
-2.918456623537253e-01 1.444686595781693e+00;
8.660889252840561e-01 1.022900409515397e+00;
4.585792045834473e-01 -2.986304797934944e-01;
3.603640355482916e-01 -3.428160605846942e-01;

3.630527190802335e-01 -9.068350464326140e-01;
-3.208272120930442e-01 3.273831242925793e-01;
-6.046280422259760e-01 -9.926432663767817e-01;
4.670022047079040e-01 5.686950396177674e-02;
4.585792045834473e-01 -2.986304797934944e-01;
3.603640355482916e-01 -3.428160605846942e-01;

4.793588174817000e-01 -7.476551999205100e-01;
3.627044231319870e-01 1.150198056658552e-01;
3.883302035198095e-01 -4.929846843128143e-01;
9.301952775375975e-01 1.517634359592885e-01;
4.585792045834473e-01 -2.986304797934944e-01;
3.603640355482916e-01 -3.428160605846942e-01;

-1.262564967534425e-02 -6.715184492625078e-01;
3.380427015084703e-01 3.642419656007364e-01;
-3.098599318082659e-02 5.845682998387892e-01;
2.620588683206472e-01 6.870533571567943e-01;
4.585792045834473e-01 -2.986304797934944e-01;
3.603640355482916e-01 -3.428160605846942e-01;

-3.270738248050216e-01 -6.748621302816277e-01;
4.339363072873769e-01 7.543619512765494e-02;
2.044658777966035e-01 6.142983238217142e-02;
-4.077868574776577e-02 3.263888084117037e-01;
4.585792045834473e-01 -2.986304797934944e-01;
3.603640355482916e-01 -3.428160605846942e-01;

-5.627916150858139e-01 -8.015245336116655e-01;
6.202414144945070e-01 -1.044137540467297e-01;
5.884858838613429e-01 -2.399685906786562e-01;
-1.266764452793222e-01 -6.504602221123273e-02;
4.585792045834473e-01 -2.986304797934944e-01;
3.603640355482916e-01 -3.428160605846942e-01;

-1.129708862569908e-01 -1.018172597164842e+00;
8.937691344519340e-01 3.623705213773137e-02;
7.891343954894704e-01 9.155328136922304e-01;
4.298648077071155e-01 2.205182265866211e-01;
4.585792045834473e-01 -2.986304797934944e-01;
3.603640355482916e-01 -3.428160605846942e-01;

-4.807891734055920e-01 -7.070726612972980e-01;
1.001528144603747e+00 2.024907108313196e-01;
4.182266078247977e-02 8.497308944207639e-02;
-1.454390334763480e-01 -6.105331148735547e-02;
4.585792045834473e-01 -2.986304797934944e-01;
3.603640355482916e-01 -3.428160605846942e-01;

-7.179800659836735e-01 -1.067499165196287e+00;
8.421389688070406e-01 2.804832838667426e-01;
8.604979674300315e-01 -4.904804162655396e-01;
1.666270893990235e-01 -5.424247168010640e-01;
4.585792045834473e-01 -2.986304797934944e-01;
3.603640355482916e-01 -3.428160605846942e-01;

5.722017448641316e-01 -3.047186652253770e-01;
-3.703973954139707e-02 1.540279925794072e+00;
-1.622873458406016e+00 1.157164458866720e+00;
6.169915110746860e-01 1.566541738620242e+00;
4.585792045834473e-01 -2.986304797934944e-01;
3.603640355482916e-01 -3.428160605846942e-01;

-4.197384576816065e-01 -8.253381992080990e-01;
7.694692456653002e-01 6.373498566785055e-01;
5.935479501727226e-02 -5.318578531300674e-02;
1.946568299261003e-01 -5.896348736827881e-02;
4.585792045834473e-01 -2.986304797934944e-01;
3.603640355482916e-01 -3.428160605846942e-01;

-8.856047085081828e-01 -1.008955160839793e+00;
1.084416861354816e+00 1.972791785730349e-01;
7.486680234538419e-01 -6.720190778439986e-01;
-7.125954521112493e-02 -7.609963066702523e-01;
4.585792045834473e-01 -2.986304797934944e-01;
3.603640355482916e-01 -3.428160605846942e-01;

-4.136186186252153e-01 -4.491724990899421e-01;
-1.508902182498094e-01 -1.880067640361094e-01;
1.884399137323081e-01 -4.613382355853042e-01;
-3.170285480717829e-01 6.059153774838861e-01;
3.567087179156803e-01 -8.072645196456446e-02;
4.153805807946616e-01 -5.694077353828771e-01;

8.109347383924952e-02 -2.712331223351001e-01;
-7.669104068267125e-02 -3.759262472595552e-01;
6.949615833824658e-01 -8.429556597995645e-01;
3.312044811753728e-01 6.499765505167922e-01;
3.567087179156803e-01 -8.072645196456446e-02;
4.153805807946616e-01 -5.694077353828771e-01;

-2.415197856586251e-01 1.433276413050117e-01;
7.873047577120680e-02 -2.471042962334538e-01;
9.000807228893122e-01 -2.434148683960328e-01;
8.805826014576701e-02 1.251907557537186e+00;
3.567087179156803e-01 -8.072645196456446e-02;
4.153805807946616e-01 -5.694077353828771e-01;

2.697552984106993e-01 -5.606541897224462e-01;
5.608340557917365e-01 -5.494531225412577e-01;
1.298811456134714e-01 -6.588697636234601e-02;
1.442617316488090e-01 3.158259273384081e-01;
3.567087179156803e-01 -8.072645196456446e-02;
4.153805807946616e-01 -5.694077353828771e-01;

-3.390205852484443e-01 -2.114947882671036e-01;
7.295968607781017e-02 -7.063504174012513e-01;
1.100228305207724e+00 1.687063724126467e-01;
-1.826807190402693e-01 1.078285397964855e+00;
3.567087179156803e-01 -8.072645196456446e-02;
4.153805807946616e-01 -5.694077353828771e-01;

6.367701079625110e-01 -7.633134638784118e-02;
4.798975678200031e-01 -1.131470792900901e-01;
2.243295865453182e-01 -9.251243106846172e-01;
8.351450028552863e-01 5.125159943821668e-01;
3.567087179156803e-01 -8.072645196456446e-02;
4.153805807946616e-01 -5.694077353828771e-01;

-4.136766830267340e-01 -7.426359995590772e-01;
-2.535798977151781e-01 -5.103663438330805e-01;
3.498717984018264e-01 -4.098896830680167e-01;
-4.069372875235474e-01 3.931794345374984e-01;
3.567087179156803e-01 -8.072645196456446e-02;
4.153805807946616e-01 -5.694077353828771e-01;

-2.361470549857124e-01 -6.477161999868145e-01;
3.403991734668924e-01 -4.320221984174785e-01;
-5.079691780345473e-02 1.781144068565415e-01;
-4.062676850310883e-01 4.080243641904307e-01;
3.567087179156803e-01 -8.072645196456446e-02;
4.153805807946616e-01 -5.694077353828771e-01;

-2.338389205643976e-01 -6.988907370391785e-01;
2.931972912225891e-01 -5.769860686723282e-01;
1.281697578245836e-01 2.055675571619395e-01;
-4.029330730990437e-01 4.062414324951388e-01;
3.567087179156803e-01 -8.072645196456446e-02;
4.153805807946616e-01 -5.694077353828771e-01;

-5.367096365677897e-01 -3.873269527479551e-01;
-1.525721952575736e-01 4.466838020419426e-01;
5.680738086265427e-02 -8.391036770545958e-02;
-1.701175899161751e-01 8.792535519507004e-01;
3.567087179156803e-01 -8.072645196456446e-02;
4.153805807946616e-01 -5.694077353828771e-01;

-9.102706635071128e-02 -5.457189496067854e-01;
2.348435697418974e-01 1.708525109200666e-01;
3.732552708727883e-01 -5.978719054492253e-01;
3.681013836435408e-01 3.043107881487321e-01;
3.567087179156803e-01 -8.072645196456446e-02;
4.153805807946616e-01 -5.694077353828771e-01;

1.483199953706882e-01 -4.661852643226057e-01;
4.881972639989871e-01 1.818971250482369e-01;
6.748489618620995e-01 -7.102318975028988e-01;
7.829460135445760e-01 2.390260870069539e-01;
3.567087179156803e-01 -8.072645196456446e-02;
4.153805807946616e-01 -5.694077353828771e-01;

-1.019355196374565e-01 -7.501967347800884e-01;
4.086785288701623e-01 -5.202982188369976e-01;
5.103474832818504e-01 -2.509874843763745e-02;
-8.968254639552763e-03 2.348676072660935e-01;
3.567087179156803e-01 -8.072645196456446e-02;
4.153805807946616e-01 -5.694077353828771e-01;

7.952515978582038e-01 4.088385757289635e-01;
-1.107884684547179e+00 2.007057521233078e+00;
3.203728976009609e+00 -4.266196571883873e+00;
3.890375954558135e+00 8.121434951227151e-01;
3.567087179156803e-01 -8.072645196456446e-02;
4.153805807946616e-01 -5.694077353828771e-01;

7.233590720037351e-02 -8.606853861591125e-01;
7.429496542661591e-01 -2.744444017108053e-01;
-4.862982957061002e-02 -4.584707918830979e-01;
1.233006252599838e-01 -3.040778179822725e-01;
3.567087179156803e-01 -8.072645196456446e-02;
4.153805807946616e-01 -5.694077353828771e-01;

-3.250394234448040e-01 -7.706721690555931e-01;
-1.901944001954541e-02 -4.074880473039077e-01;
4.001560267815094e-01 -1.686047203406337e-01;
-2.345306966721331e-01 3.696861733609972e-01;
3.567087179156803e-01 -8.072645196456446e-02;
4.153805807946616e-01 -5.694077353828771e-01;

-2.505164791866936e-01 -6.772804506325379e-01;
4.075205673276053e-01 -1.462419348612955e-01;
5.000070488080533e-03 3.872059466983629e-02;
-1.967218873964410e-01 2.984059117436867e-01;
3.567087179156803e-01 -8.072645196456446e-02;
4.153805807946616e-01 -5.694077353828771e-01;

-2.447969528716640e-01 -7.463447656723854e-01;
3.315001259284868e-01 -4.262202687808418e-01;
2.542464379168174e-01 1.084901339329870e-01;
-2.410418814580315e-01 3.134374106988466e-01;
3.567087179156803e-01 -8.072645196456446e-02;
4.153805807946616e-01 -5.694077353828771e-01;

-1.770014685700750e-01 -6.803866821270527e-01;
-6.094955403297269e-01 -1.641648707551929e+00;
2.146607182546761e-01 -1.420949887115987e+00;
-8.523796736309713e-01 8.745605700574574e-02;
3.567087179156803e-01 -8.072645196456446e-02;
4.153805807946616e-01 -5.694077353828771e-01;

6.465065495806265e-01 -3.203821765533676e-01;
-1.177978484006256e+00 -3.268701207710629e-01;
5.697650218931961e-01 -1.540260225965539e+00;
8.406720056226723e-01 9.835554177430147e-01;
3.567087179156803e-01 -8.072645196456446e-02;
4.153805807946616e-01 -5.694077353828771e-01;

2.112353836091312e+00 -1.773067631656058e+00;
1.146642059315559e+00 2.000026055062252e+00;
6.158887225072635e-01 -2.399207944554341e+00;
4.187185070987962e+00 -1.870923788882998e+00;
3.567087179156803e-01 -8.072645196456446e-02;
4.153805807946616e-01 -5.694077353828771e-01;

2.324936039778234e-02 -6.505538697104540e-01;
4.680850282814647e-01 -5.196218490898904e-01;
3.704926128521694e-01 -6.951302096170504e-02;
4.242383593489825e-02 2.770048999584218e-01;
3.567087179156803e-01 -8.072645196456446e-02;
4.153805807946616e-01 -5.694077353828771e-01;

-4.522745089074052e-01 -4.163538627744330e-01;
5.166795778116130e-01 -1.006676625536302e+00;
3.484708002678308e-01 6.427453454201821e-01;
-8.312321047088087e-01 7.239234123562662e-01;
3.567087179156803e-01 -8.072645196456446e-02;
4.153805807946616e-01 -5.694077353828771e-01;

4.024041788098037e-02 -1.116869688929292e+00;
8.252863694685786e-01 -2.786401721263267e-01;
-1.723431937942037e-01 -3.839100507515680e-01;
6.074809472626407e-02 -5.866776379448676e-01;
3.567087179156803e-01 -8.072645196456446e-02;
4.153805807946616e-01 -5.694077353828771e-01;

1.433835956677174e-01 -4.890755063904175e-01;
4.401185317551258e-01 1.026609474891261e+00;
-4.676864300771211e-01 9.917687374126969e-01;
5.397819251130473e-01 1.038175885963568e+00;
3.567087179156803e-01 -8.072645196456446e-02;
4.153805807946616e-01 -5.694077353828771e-01;

-2.365485686759181e-01 -6.377059350287579e-01;
3.635568212020241e-01 -5.184415798296701e-01;
-8.586901672530377e-02 2.075080107133695e-01;
-4.783383623739508e-01 4.072653431466735e-01;
3.567087179156803e-01 -8.072645196456446e-02;
4.153805807946616e-01 -5.694077353828771e-01;

-2.710636150053787e-01 -6.665928879442596e-01;
4.098095184722857e-01 -6.827174883770172e-01;
-1.839510831202845e-02 1.388959476915539e-01;
-5.626605613422947e-01 3.055275634237889e-01;
3.567087179156803e-01 -8.072645196456446e-02;
4.153805807946616e-01 -5.694077353828771e-01;

-4.100536872737965e-01 -4.629256916173913e-01;
-2.000232636187171e-01 -2.312627300225581e-01;
1.680983446077011e-01 -4.971971271297689e-01;
-3.482197754403218e-01 5.987420219602001e-01;
3.567087179156803e-01 -8.072645196456446e-02;
4.153805807946616e-01 -5.694077353828771e-01;

-4.642879426899329e-01 -8.846131783330428e-01;
9.314412707780626e-01 8.591039165219776e-01;
-5.716030767052687e-03 -9.544485392837720e-02;
2.780784024845660e-01 -2.290905451228213e-01;
3.567087179156803e-01 -8.072645196456446e-02;
4.153805807946616e-01 -5.694077353828771e-01;

-6.393042863410560e-01 -5.802754764489676e-01;
7.322912750724716e-01 -4.230427773381856e-01;
3.092735444162652e-01 -2.727438831434031e-01;
-5.472688243565199e-01 2.280208435625442e-03;
3.567087179156803e-01 -8.072645196456446e-02;
4.153805807946616e-01 -5.694077353828771e-01;

-4.553954579563856e-01 -7.643511706491319e-01;
3.018416746924326e-01 -4.438864736854408e-01;
8.178123664635775e-01 -1.286132387145205e-01;
-1.556823117118783e-01 2.268613533701710e-01;
3.567087179156803e-01 -8.072645196456446e-02;
4.153805807946616e-01 -5.694077353828771e-01;

-3.631544654952810e-01 -4.359270201717583e-01;
5.796332548107015e-01 -8.075360460975513e-01;
2.548087544916193e-01 3.092194013491675e-01;
-6.268186966679340e-01 5.209336734023202e-01;
3.567087179156803e-01 -8.072645196456446e-02;
4.153805807946616e-01 -5.694077353828771e-01;

-5.848652499011913e-01 -5.331557856341995e-01;
6.541041645254179e-01 -4.914330476224993e-01;
2.680225878140063e-01 -1.967575256362704e-01;
-5.760840163431886e-01 1.300717692085052e-01;
3.567087179156803e-01 -8.072645196456446e-02;
4.153805807946616e-01 -5.694077353828771e-01;

-8.018550797227511e-02 -6.686720363995418e-01;
3.030573220266757e-01 2.485018884070680e-01;
6.573142997567520e-02 4.500130191117236e-01;
1.846052009040163e-01 6.357598688824224e-01;
3.567087179156803e-01 -8.072645196456446e-02;
4.153805807946616e-01 -5.694077353828771e-01;

-2.207967547273316e-01 -7.339062543244361e-01;
3.739616746860689e-02 2.887053966102261e-01;
2.877148496315844e-01 -3.476568995472015e-02;
2.168015548200743e-01 5.000854411107357e-01;
3.567087179156803e-01 -8.072645196456446e-02;
4.153805807946616e-01 -5.694077353828771e-01;

-1.420445053024965e-01 -8.788033798361704e-01;
1.263397404126724e-02 3.917991881637104e-03;
7.874669040139849e-01 2.336427032473281e-01;
3.586860451783016e-01 5.434255144497314e-01;
3.567087179156803e-01 -8.072645196456446e-02;
4.153805807946616e-01 -5.694077353828771e-01;

