5
0
0
52
1.283987102134563e-01 9.290350902935994e-01
5.742211644195132e-02 4.154805063447357e-01
6.907900267023040e-02 4.998244715732627e-01
-1.260878762644750e+00 4.627372608254828e-01
4.453338745626292e-02 -1.634356794428542e-02
8.391472671209643e-17
3.896980725171603e+00
1.081033869168415e-16
1.562500000000000e-03
9.373991106814336e-15
0.000000000000000e+00
1
1
-1

2 0
2 5
1998028498215374289651226145600303280766750656933923831579886691673733393024434939215185909644267099003589105176921935871903201589638953609642962109749367618218162831607969229102610504851553224558565936730320449354420334572135761345507974116096891386092867180287500147467729398430347459043288175365275611346741/50000000000000000000000000000000000000000000000000000000000000000000000000000000000000000000000000000000000000000000000000000000000000000000000000000000000000000000000000000000000000000000000000000000000000000000000000000000000000000000000000000000000000000000000000000000000000000000000000000000000000000000000 -7875457072125113966651176582415634916970220990560384112317509771186356287572566885774242939650288118872830409107533191957765065129240927483547930130571422308511199043918024665550578132582839632912702548025799898694713545224064624182263335881170933812690178517745877490625461866304039636456154090086772472898807/10000000000000000000000000000000000000000000000000000000000000000000000000000000000000000000000000000000000000000000000000000000000000000000000000000000000000000000000000000000000000000000000000000000000000000000000000000000000000000000000000000000000000000000000000000000000000000000000000000000000000000000000
844487532901793762518486694882174331247928433093863631759777134777280147404930835721671800427026834357928321889544051352317859992338845066607814691286730717497605491736643820323452790054025023673934412320098510700872518352869027882706908739389454174909249303820795614221015563871869304610750423341956215876443/1000000000000000000000000000000000000000000000000000000000000000000000000000000000000000000000000000000000000000000000000000000000000000000000000000000000000000000000000000000000000000000000000000000000000000000000000000000000000000000000000000000000000000000000000000000000000000000000000000000000000000000000 49091363566087961624869250768753932389996445285206479201968172754795861724450770879619106446062024460776496210996637138535401860042656175180574294909702390629018070764535111770173613421323952358386540978794682079441749370816892656134773927422015245480036220655774296472358531526835481598273166408526456544407/156250000000000000000000000000000000000000000000000000000000000000000000000000000000000000000000000000000000000000000000000000000000000000000000000000000000000000000000000000000000000000000000000000000000000000000000000000000000000000000000000000000000000000000000000000000000000000000000000000000000000000000
-2524653947750798250596778558478875861063796208424952409564905409627074207481746097412776128932060794147810678850582295024327516970079492166000641730061273643115469252784784940558292726080876426636160925937258455789187130266051449424288976266735356295564312764137630331267751574886590289805816063701917544253831/5000000000000000000000000000000000000000000000000000000000000000000000000000000000000000000000000000000000000000000000000000000000000000000000000000000000000000000000000000000000000000000000000000000000000000000000000000000000000000000000000000000000000000000000000000000000000000000000000000000000000000000000 -3802704970085664160964397867031825188912633088097242981394462422482088299429585807168833950104676144144596170152806768189418586047696142236127823694005010948393494764199040784858152125104288769494029353198286307447740916191555797111380617976313088775266368646574630749178985136968629513140006021730579263538283/5000000000000000000000000000000000000000000000000000000000000000000000000000000000000000000000000000000000000000000000000000000000000000000000000000000000000000000000000000000000000000000000000000000000000000000000000000000000000000000000000000000000000000000000000000000000000000000000000000000000000000000000
0 0
0 0
0 0
0 0
0 0
-171603292353827660818143419268318708912748827457542818691689063695874620519411179422284876704661301500791105973884738066605550695060187208954742426553252828250398682644927609790236131283052871469177443933691394642191904832991602685590881840293108138839601610650657755618914350929559913469245490504855693142497/250000000000000000000000000000000000000000000000000000000000000000000000000000000000000000000000000000000000000000000000000000000000000000000000000000000000000000000000000000000000000000000000000000000000000000000000000000000000000000000000000000000000000000000000000000000000000000000000000000000000000000000 -225654271448149458102680848644905133976600798752437357123011465787790907054715068498773484975708748434295517659769126292225713919008700147059151973653577710410480223536294851850501805390712384000898885134597136181485221293732446926153841466310682536992371174165829050853164798047687994370016726780168603499281/1000000000000000000000000000000000000000000000000000000000000000000000000000000000000000000000000000000000000000000000000000000000000000000000000000000000000000000000000000000000000000000000000000000000000000000000000000000000000000000000000000000000000000000000000000000000000000000000000000000000000000000000
1775896356515533062337856221133539440236008048107090764521108163878398771536733954362460198986251031868445680416418522860815144192162763811813220401703862221320256422148410886078828198828219882663068803354422838187455989326666476010527695424612108335583165062330187362497611077426230650296157777120404602622059/5000000000000000000000000000000000000000000000000000000000000000000000000000000000000000000000000000000000000000000000000000000000000000000000000000000000000000000000000000000000000000000000000000000000000000000000000000000000000000000000000000000000000000000000000000000000000000000000000000000000000000000000 69900216473571720725927850942861324752549148036969803997790912395239921389827393597763638474958764122736196963841744365239619097014743872690078170910086737546736783951565396618548385802089219677832704905063186758556399168487887301341827762305810690163568065454878664562673846513527446747809884563569522947809/80000000000000000000000000000000000000000000000000000000000000000000000000000000000000000000000000000000000000000000000000000000000000000000000000000000000000000000000000000000000000000000000000000000000000000000000000000000000000000000000000000000000000000000000000000000000000000000000000000000000000000000

-1
-3987300061818658747720214096371752721412197641751184104966169924058323192538658005197779918284865394588437689095161326854457415621994296231109278195943747028159410325298833159091359744109481894317205686878679587381789395912796449474303642439746920652923864037081489526356237184965951901240500794895563041448871/5000000000000000000000000000000000000000000000000000000000000000000000000000000000000000000000000000000000000000000000000000000000000000000000000000000000000000000000000000000000000000000000000000000000000000000000000000000000000000000000000000000000000000000000000000000000000000000000000000000000000000000000 -5981205787054625437259136915258263280596477795636938685704546625431437804218312462447390986856280813865526078404577407182516583995029862717385965840969275457057854196180081031116553752004787040099214151237652699879374356533469319369597305965603746150476052754280477707143499058096847735043226138106688708076193/10000000000000000000000000000000000000000000000000000000000000000000000000000000000000000000000000000000000000000000000000000000000000000000000000000000000000000000000000000000000000000000000000000000000000000000000000000000000000000000000000000000000000000000000000000000000000000000000000000000000000000000000
0 0

0 0

0 0

