7                                                

-0.157873980814976230383128185173e1 0.324547603068947995190276028534e0
0.580844695604383303708547879701e0 0.117741352087629381358867922229e1
0.100000000000000000000000000000e1 0.000000000000000000000000000000e0
-0.415755298126446885185616299091e0 -0.170770004097056166880346226284e0

0.447217237201915593183642513792e0 0.000000000000000000000000000000e0
0.538003867448435258768420580180e0 0.000000000000000000000000000000e0
0.100000000000000000000000000000e1 0.000000000000000000000000000000e0
-0.353193255177461363974428853476e-1 -0.128189897098414418379405891858e-29

-0.157873980814976230383128185171e1 -0.324547603068947995190276028534e0
0.580844695604383303708547879688e0 -0.117741352087629381358867922229e1
0.100000000000000000000000000000e1 0.000000000000000000000000000000e0
-0.415755298126446885185616299091e0 0.170770004097056166880346226287e0

-0.956404287569057652187745477030e0 -0.126217744835361888865876570445e-28
-0.199693258657201866185516339601e0 -0.315544362088404722164691426113e-29
-0.570802294252307057909999546804e0 0.631088724176809444329382852226e-29
0.100000000000000000000000000000e1 0.000000000000000000000000000000e0

-0.452175564946232104693354347966e-14 -0.453033379612118872631400531285e-15
0.717453308583379333286898703151e-16 0.941328055178066864093702058599e-14
0.220313696584269827181636453601e-12 -0.139032594116410990214127847125e-12
0.100000000000000000000000000000e1 0.000000000000000000000000000000e0

-0.403917690715534252163337755314e-14 -0.534066508245469905204395970656e-15
0.248723136779271525010466743171e-15 0.930408320384889569658997662261e-14
0.233119536830710149033998029172e-12 -0.120038945623457047108584483144e-12
0.100000000000000000000000000000e1 0.000000000000000000000000000000e0

-0.420177237488197072834179806340e-14 -0.811904450513631073564686242134e-16
0.256050409347741620952513418015e-15 0.950904822356739909087086563951e-14
0.211263000792795174442072019598e-12 -0.119078645094850891568519716193e-12
0.100000000000000000000000000000e1 0.000000000000000000000000000000e0

