0
-0.480620013627932172220038488190e0 0.256215977637606782824444196609e0
0.629891051147861851540476025082e0 -0.545347438666784602680429503133e0
-0.564646331515413840818682799714e0 -0.327777294621886125142635917027e0
0.185362942996557485715570447763e1 -0.659980592237624833693512624199e0
-0.915298685546332935995495504900e0 -0.780882911786381684886938860056e-1

1
-0.772713996728959856062518859960e0 0.354048775767764768024563013188e0
-0.853620739521390064933156731482e-1 0.181475530569084455507626039687e-1
0.270785423254540106902077616305e0 0.273409509770363446408589813601e-2
0.202565676813716105197243436220e0 -0.761709054310389871348767061531e0
0.118121178906510467339027727168e0 0.955691101487532742004255427262e0

2
-0.507120381162762109516363928506e0 0.142668322458040134047877455341e1
-0.629459878523508249545752432563e-1 0.581641666834202066074962643588e0
-0.198157310780772175889338549621e0 0.704800782424083639975488476150e0
0.105571336343802033271705359977e1 0.232673505704345360935992993398e-1
0.128371570189525219117758061363e-1 -0.633284987092381956192516753867e-1

3
-0.730717786600121881999779493834e0 0.340141225114547226783706496318e0
0.281313752004197333936231771828e-2 -0.255552328010623768138622254827e0
-0.993582648750777742030496237127e-1 0.823743164417358057848496187232e-1
0.466277874110378266988954265921e0 0.143277317730219360974610839902e0
0.473276669250818620807178883670e0 0.202249237997667712951935657123e0

4
-0.164714083905364833132442741226e0 0.223763177941230711784008806649e0
0.334754020165089624208802869547e0 -0.304418169004260046256568861561e0
0.171530635049640528053452287584e0 0.319731517156403433013168538575e0
0.985474368871206919982723399523e0 -0.578965525561401592579821515071e0
-0.293178659345001836143494963527e0 0.376449528849358198949081420935e0

5
-0.372242449891259117934655966491e0 0.239314520464865071153357902991e0
0.382351127924455861151249286391e0 -0.215726348853484698191371203221e0
0.107601414704637793565718733042e0 -0.512320505453001112274420247121e-1
-0.424366590075984075715131412685e-2 -0.800119153238531136755135309413e0
0.232541101274013744322157876326e0 0.110217195829417194397605434703e1

6
-0.707982348574548138774944942169e0 0.887953987304123325394967785829e0
0.108732643653203613081088996921e0 0.192379425683460155788742973093e0
-0.251122657169194605547423426737e0 0.793546423631643185182184171070e-1
0.622742657237458892957756262525e0 0.726467414861711691192697060816e0
0.711066472400657614387052838006e0 -0.275394516865327703750416866877e0

