4                                                

-0.157873980814976230383128185173e1 0.324547603068947995190276028534e0
0.580844695604383303708547879701e0 0.117741352087629381358867922229e1
0.100000000000000000000000000000e1 0.000000000000000000000000000000e0
-0.415755298126446885185616299091e0 -0.170770004097056166880346226284e0

0.447217237201915593183642513792e0 0.000000000000000000000000000000e0
0.538003867448435258768420580180e0 0.000000000000000000000000000000e0
0.100000000000000000000000000000e1 0.000000000000000000000000000000e0
-0.353193255177461363974428853476e-1 -0.128189897098414418379405891858e-29

-0.157873980814976230383128185171e1 -0.324547603068947995190276028534e0
0.580844695604383303708547879688e0 -0.117741352087629381358867922229e1
0.100000000000000000000000000000e1 0.000000000000000000000000000000e0
-0.415755298126446885185616299091e0 0.170770004097056166880346226287e0

-0.956404287569057652187745477030e0 -0.126217744835361888865876570445e-28
-0.199693258657201866185516339601e0 -0.315544362088404722164691426113e-29
-0.570802294252307057909999546804e0 0.631088724176809444329382852226e-29
0.100000000000000000000000000000e1 0.000000000000000000000000000000e0

