7                                                

-4.961812444772862e-01 4.076361251603584e-01
9.172680440555199e-01 3.048444410289882e-01
1.000000000000000e+00 0.000000000000000e+00
-4.578842345560553e-01 -5.122310776702251e-01

-2.007795533950534e-01 -3.588814237333996e-01
-8.792852955442048e-01 -4.989075540471583e-01
1.000000000000000e+00 0.000000000000000e+00
-4.444853781658117e-01 4.882576562194086e-01

4.414642588461117e-01 -7.452817019498171e-01
-3.698527016419741e-02 -6.843093987749920e-01
1.000000000000000e+00 0.000000000000000e+00
1.505631519140155e-01 3.198019735910342e-01

-2.879233091642056e-01 1.022056280502210e+00
7.981040645095683e-01 -4.207283638584161e-01
1.000000000000000e+00 0.000000000000000e+00
-7.279737915892542e-02 -3.474210875140010e-01

-1.843408175915276e+00 -2.807655468418849e-01
3.704974602338012e-01 -1.450155882686908e+00
1.000000000000000e+00 0.000000000000000e+00
-1.719481305712252e-01 5.050481728813237e-02

-8.012099399140513e-01 -3.310368127471541e-03
-9.115446915251505e-01 -4.000688295147294e-01
1.000000000000000e+00 0.000000000000000e+00
-4.946673257460588e-01 4.990221644927906e-01

-4.786287026469027e-01 -4.145336500999297e-02
9.106391424910035e-01 4.072389373907102e-01
1.000000000000000e+00 0.000000000000000e+00
-5.087807037159388e-01 -4.979344464071386e-01

