9

-2.537130260972091e-03 -1.071116609022206e+00;
-2.706405005877290e-01 -5.362740896565682e-01;
4.418869211445761e-01 3.754643460097107e-01;
2.852366442681193e-01 9.383123109319373e-01;
7.857308012563395e-01 -3.252158327692051e-01;

-1.097929630994425e+00 -1.371264724677409e+00;
-7.097567674946536e-01 1.361273642318677e+00;
2.026609330010049e+00 -1.293946515662605e+00;
2.852366442681193e-01 9.383123109319373e-01;
7.857308012563395e-01 -3.252158327692051e-01;

4.386756700939715e-01 -2.814978914508203e-02;
1.730359811435607e-01 -7.261756174004314e-01;
2.808416957078719e-01 -3.029332631001329e-01;
2.852366442681193e-01 9.383123109319373e-01;
7.857308012563395e-01 -3.252158327692051e-01;

7.946995319825324e-01 6.839182964009780e-01;
1.030825465324420e+00 -9.495740291068723e-01;
-6.910610540876141e-01 -8.623940012696145e-01;
2.852366442681193e-01 9.383123109319373e-01;
7.857308012563395e-01 -3.252158327692051e-01;

8.258605083559230e-02 -7.174574628350381e-01;
-1.200785248593308e-01 -5.731858053434282e-01;
4.264298634497528e-01 1.520318411656419e-01;
2.852366442681193e-01 9.383123109319373e-01;
7.857308012563395e-01 -3.252158327692051e-01;

2.397512200260632e-01 -9.613122106096547e-01;
-5.415227964015635e-01 -7.766234769896421e-02;
9.609239020116255e-01 -4.203774308571246e-01;
2.852366442681193e-01 9.383123109319373e-01;
7.857308012563395e-01 -3.252158327692051e-01;

-5.249297732520156e-01 -8.305529643482177e-01;
1.774191630500304e-01 3.423298081468050e-01;
5.122206119349929e-01 -7.879771369698291e-01;
5.525260757554759e-01 1.423768109889681e+00;
-4.611071839495749e-02 -1.142591769326657e+00;

8.855658500702118e-02 -1.784876633703985e-01;
-7.154374506550755e-02 -3.795268936818596e-01;
8.089711602861074e-01 -3.986360101968799e-01;
5.525260757554759e-01 1.423768109889681e+00;
-4.611071839495749e-02 -1.142591769326657e+00;

1.921351723489037e-01 -1.138953853803168e+00;
-4.882263469436588e-01 3.312563516399367e-01;
9.196492274988622e-01 -9.151280034113879e-01;
5.525260757554759e-01 1.423768109889681e+00;
-4.611071839495749e-02 -1.142591769326657e+00;

