0
9.205910342417359e-02 -3.039684870703159e+00
2.266482520012649e-01 4.128308363519187e+00
-1.006964639984137e-01 4.888086610909594e+00
-2.941749483033214e+00 -6.877770454239205e-01
-9.674371119036512e-01 -8.024739265065636e-01
2.994792109760475e-02 5.135816187377625e-02

1
-8.930968319199024e-01 -1.694617911743874e+00
2.808896997429872e-01 9.565647695784595e-01
-1.838169830352521e-01 5.309533352200920e-01
-4.837993347461642e-01 1.759926928740454e+00
-1.217028659858818e+00 -6.663354898590390e-01
-1.457659140571543e-02 -2.259151166917584e-01

2
5.288169841610883e-02 -1.333624470557241e-01
-4.435282514941425e-02 1.074874582403995e-02
-5.381341018698487e-01 -5.746376061509643e-01
8.577449627660328e-01 1.672572840084033e-02
-1.004774137553671e+00 -7.522229392578664e-01
-4.541444044929521e-03 3.235713306799745e-05

3
3.248462286704903e-02 -5.369739149834153e-01
-8.814191620614892e-02 2.045757882858166e-01
-2.639044910301257e-02 -1.795934070245956e-01
-3.775906773110994e-02 -3.847519015131547e-01
-1.001303764777910e+00 -6.177887342969709e-01
-1.308668359061033e-01 -4.103426697261738e-02

4
-1.060954042335521e-01 -4.473091460842499e-01
1.212037534503909e-01 1.684753476121612e-01
-1.634755971695572e-01 -6.591772637391622e-01
1.257620246522413e-01 5.092123869120582e-01
-9.671361880735335e-01 -8.964088383456661e-01
1.173186591443454e-01 8.259138163056365e-02

5
-6.062673500204883e-02 3.721121057061057e-02
2.830600090679134e-02 1.317683402010558e-01
-4.203226846028319e-01 -6.778308422690723e-01
8.379082008150243e-01 2.042909971789878e-01
-1.004605877910912e+00 -7.550585467145288e-01
-1.956439749532002e-03 1.123412935530192e-03

6
2.494670166680885e-01 2.486091916181933e-02
-5.509396346233368e-01 1.125417893772039e-01
-4.282270029532500e-01 -5.911173258958471e-01
2.794390693093661e-01 -8.592356704994969e-01
-1.014627993073848e+00 -7.591980277100447e-01
5.200585925844212e-03 -6.844913045588692e-03

7
-1.004246007057461e-01 -1.098546479244424e-01
1.134181847054561e-01 1.099893197539683e+00
-3.837607597445452e-01 1.099192183936476e+00
1.012549323332162e+00 -7.249442027480603e-01
-1.006961470922699e+00 -7.568280168577997e-01
4.674520015695631e-04 -4.869899910018297e-04

8
5.930011784542381e-02 -2.042308677752929e-02
1.200320153938694e-01 7.875890032414616e-02
-4.347196594791458e-01 -6.652492793230966e-01
8.419189515569199e-01 1.775708219186731e-01
-1.004961490298172e+00 -7.554975160558840e-01
-1.430502429686233e-03 9.369225502395821e-04

9
2.849642409054690e-01 -3.286187564725968e-01
2.142437648812454e-01 4.715552602692445e-01
-7.267543431678565e-04 1.663336854835600e-01
1.683446468193505e-01 -6.510256847515663e-01
-9.746978257040876e-01 -7.391782181362724e-01
-2.659898005404937e-02 2.374024717291471e-02

10
1.908617147620819e-01 2.299730667242275e-02
6.107078002432478e-01 2.466303160152732e-02
6.435871972423253e-01 -2.898321281117806e-01
3.780223168441725e-01 -7.007475808356785e-01
-9.964619906142093e-01 -7.549160915687656e-01
-4.772627372327681e-03 8.659860832428028e-03

11
-1.696470019054670e+00 6.731103376714078e-01
5.922513994218437e+00 1.516933441626336e+01
-1.085283240913824e+00 2.439281469909096e+00
-6.641576826182887e+00 1.626970117195245e+01
-1.009006189614847e+00 -7.535045811997817e-01
-1.953483718096266e-03 -3.486105599037606e-03

12
5.417364331478923e-01 -1.288304662389902e-01
4.955572902852710e-01 -1.427884945720557e+00
1.469619904057551e+00 -1.090313914711268e+00
2.647040356160594e-02 -1.952474462806089e+00
-9.984467155464821e-01 -7.591617713686274e-01
-1.651563996437874e-04 8.210750603518347e-03

13
8.834283170007149e-03 -2.773059547165534e-01
2.944304867130952e-02 1.329479893970336e-01
1.271908212306008e-02 -4.621285565037248e-01
1.659991081565171e-01 -2.003143122466861e-01
-9.792501661216142e-01 -8.524013619186915e-01
8.033171444394352e-02 5.680999657946864e-02

14
-4.307464648288475e-01 3.472490732149737e-01
-1.553863535380023e+00 -3.863200266729079e-01
-1.488853476765979e+00 -7.005363060960856e-01
1.945378215953065e+00 -9.129942649455418e-01
-1.016127977749799e+00 -7.558162818279530e-01
2.545854862205689e-03 -9.355999754841320e-03

15
-3.861367664111702e-01 -4.256479300425344e-01
3.459679121130061e-01 3.950893931645645e-01
4.451863710593830e-01 4.432178679159645e-01
4.656232977704059e-01 -4.018807701693105e-01
-1.090257227564619e+00 -6.023389101779539e-01
-1.159417927259372e-01 -1.289565163989640e-01

16
4.284749210402746e-02 -4.269983976353717e-01
-8.984384636974082e-01 4.777780092821547e-02
-1.068672029182717e+00 1.062134985085720e-01
9.572202195857422e-01 -9.895426970254437e-01
-1.014712620325647e+00 -7.460732872977348e-01
-6.992966003493655e-03 -1.124852091138656e-02

17
-3.269484488844778e-01 3.061179073261559e-01
1.750632709534855e+00 -1.743420412029389e-01
1.390915973438440e+00 -1.494386928189073e+00
4.030564170121005e-01 1.455953903999431e+00
-1.009625095137792e+00 -7.582406150197423e-01
2.660534321739973e-03 -2.501818894952004e-03

18
-4.385324225767610e-02 -5.116485836378274e-01
1.085073147713076e-01 3.073796763700686e-01
2.424513308800643e-02 1.227128118890960e-01
2.500955210354208e-01 -3.808337722403405e-01
-9.413113044310075e-01 -9.216025548062279e-01
1.322687342462729e-01 1.149406023107971e-01

19
1.643681093927545e-01 -1.218930740646969e-01
1.295980229147340e-01 3.141062104922596e-01
1.300013582284399e-03 -2.852794741983506e-01
2.413247493352749e-01 -4.083208902700875e-01
-9.861956830931916e-01 -7.424308563237649e-01
-1.978148085859132e-02 1.410551762462023e-02

20
-3.976670627435121e-01 -6.465295353225353e-01
2.973063241334786e-01 7.665935114043960e-02
5.485927273133490e-02 6.434723061106810e-02
6.723838386078367e-01 1.712959488724950e-01
-7.967707247506812e-01 -6.577349323787146e-01
-1.610667125409258e-01 1.625847979024914e-01

21
7.431360852593339e-01 -1.477230953028834e-01
1.293535051491369e+00 -1.084568003151089e-01
7.514578529389796e-01 -3.471284965651725e-01
2.956854450271367e-01 -5.336795827116670e-01
-9.823729271276588e-01 -8.420544124257917e-01
7.172588569601339e-02 5.049267780416500e-02

22
5.301715941504189e-02 -3.160848890446216e-01
-1.569171598608539e-02 2.005379553511874e-01
9.378884983928164e-02 -5.288826588524200e-01
-1.496235044624255e-01 -2.133600084366266e-01
-9.911547119521115e-01 -8.468954164880479e-01
7.912744449091376e-02 4.391047986437663e-02

23
1.738710416000727e+00 -4.447928412102037e-01
4.739019137290166e-01 -1.381640680185716e-01
1.728866146828655e-01 -7.891940335605052e-01
-1.023531918251858e+00 -1.419591022357659e+00
-1.020845625258826e+00 -6.129567008333699e-01
-1.289269621411132e-01 -6.082340025558863e-02

24
-2.197585902044661e-01 -6.145883169047973e-01
1.010969546653674e-01 -3.361185817988013e-01
-2.516087326212906e-02 -2.833026603802529e-01
7.142701277877460e-01 -1.376006206891476e-01
-1.047716605942965e+00 -6.181284651753133e-01
-1.152567375315708e-01 -8.414082522204225e-02

25
6.552236139712915e-02 -4.440245459224942e-01
-1.003926221377299e-01 -5.698457339819657e-02
1.220951987757908e-01 -7.013448570000792e-01
-2.322758876527929e-01 -2.604449567154991e-01
-9.886800693371673e-01 -8.446991447232970e-01
7.626689680122974e-02 4.549110113771979e-02

26
-6.316750374337285e-02 2.985383332427221e-01
-2.140108515929649e-01 6.944984489588143e-01
7.100694797282191e-02 -4.153183790422303e-01
7.664259670736610e-03 -4.828535288181343e-01
-9.788445953565507e-01 -8.334985952971470e-01
6.259627770987602e-02 5.095890010727756e-02

27
-6.624891849813233e-02 4.143616736089930e-01
9.743605448767182e-01 7.855536051247964e-01
2.750483976925712e-01 4.432909403720739e-01
1.340870857672793e+00 -2.252249552339395e-01
-1.004226334557001e+00 -7.470508274844366e-01
-9.538097848555464e-03 -1.161832940742961e-03

28
-1.112597384358219e+00 -1.251688638116346e-01
3.857237387037293e-02 -7.171475733616148e-02
1.038887855509516e+00 5.213913119189901e-02
6.775009294086588e-01 -5.632063754453526e-01
-7.409294635039473e-01 -6.175709010052252e-01
-2.168670377848952e-01 2.013481476165195e-01

29
1.168327204178337e-01 -7.867904360642690e-01
-1.121060306889922e-01 5.704006669679773e-01
-6.510713725374193e-02 3.004138657688897e-01
-3.817556550198902e-01 -5.284183886481854e-01
-1.080552371986620e+00 -8.294295193576440e-01
9.232153955783173e-02 -4.508972244733016e-02

30
-1.910429510978468e-01 1.215373150446224e-01
-2.876141996070951e-01 5.320333442808086e-01
-1.687743029506329e-01 -3.600635752717199e-01
3.263537732236717e-01 -2.961684403370440e-01
-9.762208838632649e-01 -7.482944429678288e-01
-1.760830277474658e-02 2.532594972058675e-02

31
1.927073161912186e-01 1.316571868045306e-01
3.590887619810972e-01 1.046056602592645e+00
8.914059283574367e-01 -2.363189220346666e-01
-1.040011777447201e+00 -5.581421365835864e-01
-1.002763200955673e+00 -7.498209423638239e-01
-7.440759646452510e-03 1.113397068624830e-03

32
-1.737224044168971e-01 6.101656548248033e-01
3.502376848126135e-01 6.008553474536201e-01
7.165970320767542e-02 -3.354219093247715e-01
9.943214366181720e-01 -1.103797149619092e-01
-1.025095408577407e+00 -7.128984811249902e-01
-3.446324639439651e-02 -3.184833182563132e-02

33
-8.576432261141674e-01 -9.432666871175560e-02
9.901386186309108e-01 1.479775343964514e-01
1.158795822209162e+00 2.280340158178584e-01
9.901369139357682e-01 8.342357835523732e-02
-9.788935867757597e-01 -9.429936475075059e-01
1.645715411609882e-01 8.699359432677850e-02

34
-1.422087229087594e+01 1.813993981766337e+00
-2.798157520186037e+01 7.602651538270138e+00
-6.136034850716505e+00 -6.516839611369590e+00
-1.448742559137109e+01 -1.088524880809537e+00
-9.573533240671190e-01 -8.060433284907162e-01
2.994889699132089e-02 6.192411215844006e-02

35
-1.101045399000211e+00 -1.668899165625287e-01
-8.648406585284063e-01 -2.727883025710971e-01
8.334049570716238e-01 -7.656897660228885e-02
3.047509007822597e-01 -1.404199049413639e+00
-1.044464235466498e+00 -6.631592197866548e-01
-7.439690435899753e-02 -6.627396684995185e-02

36
-1.788148159636984e-01 -4.174283825016323e-01
-1.587962455222108e-01 5.920589446667904e-01
-1.079945568837736e+00 -6.636757218649948e-01
4.846826385509114e-01 1.266938544374053e+00
-9.942906039581234e-01 -7.562888955061980e-01
-4.209811353043887e-03 1.113416322421416e-02

37
-1.397271681422961e-01 -2.042682627441499e-02
8.947741105625789e-02 3.757828288335702e-02
-3.320918093626187e-01 -7.573951729763152e-01
8.287002846515595e-01 3.442427129539465e-01
-1.006449546947570e+00 -7.568291553041241e-01
2.998252246013391e-04 -9.923744922913055e-06

38
5.698874368917671e-02 -6.063678568360563e-01
2.107609046369627e-01 7.857536614590971e-01
1.298555183664900e-01 9.701852216833561e-01
1.574074917454134e-01 -9.214773639097512e-01
-9.597172061254349e-01 -7.638701114011855e-01
-8.542837669485317e-03 4.582619534060534e-02

39
5.021811385268994e-01 -5.305114921462455e-01
9.195391790410530e-01 -8.193029749443870e-01
3.526939463714049e-01 -7.239340685085555e-01
6.992823623110487e-01 -2.434888764124211e-01
-9.649201548065550e-01 -8.407069667707369e-01
6.472021867831942e-02 6.630026920422723e-02

40
-4.155871435521750e-01 -1.506744919264022e+00
2.529867836766230e-02 1.257102830595414e-01
2.637956977761795e-01 1.462046761388317e+00
3.593471688058645e-01 -1.081533978954471e+00
-8.658040984012718e-01 -9.766824299795650e-01
1.586769769468655e-01 2.034007406332075e-01

41
2.223241154873024e-01 -6.495312485985612e-01
6.562655747569286e-02 7.025662423324497e-01
3.747185155659791e-02 2.342001253783427e-01
-4.833584228810681e-01 -4.538686603202278e-01
-9.769578028307657e-01 -7.942723166346453e-01
2.544799713952835e-02 3.979016951738251e-02

42
1.340855613464586e-01 -1.055406986692142e-01
1.013870641336608e-01 -1.137577593113433e-01
2.928231472278722e-02 -5.865467121319715e-01
4.755051720655079e-01 -4.386942888195325e-01
-1.004230700626509e+00 -7.582410899125179e-01
8.834400756528146e-04 2.521466089993667e-03

43
-1.859917862419106e-01 2.377870076161095e-01
1.272952178386110e-01 1.243574473286604e+00
-8.796550747160287e-02 1.273394427119186e+00
1.120673674461235e+00 -1.164741870515563e+00
-9.996156006930647e-01 -7.554269453451661e-01
-3.257769490574971e-03 5.891630324897479e-03

44
-1.241481158818738e+00 1.381753788971965e+00
9.392976727751415e-03 1.253002163872803e-01
9.240905867591360e-01 -1.129883942712633e+00
1.359830914590163e+00 -5.973962954549904e-02
-1.304014233939188e+00 -4.650740666845574e-01
-1.733232236805572e-01 -3.732327129917823e-01

45
-4.065552224715971e-01 1.894137293070862e-02
-4.803748450072723e-01 -1.795359132527913e+00
7.845399583190612e-01 -1.307753278639743e+00
1.095775212665355e+00 -1.644355037031020e+00
-1.006232218954731e+00 -7.467452415964694e-01
-9.161682024063703e-03 -3.130358809675579e-03

46
7.240720621772941e-02 2.949054323610020e-01
1.920544291994231e-01 7.039458899224499e-01
-1.198075738864459e-01 -4.760076885349402e-01
3.459422580248136e-01 4.027790726682302e-02
-9.632313290149660e-01 -8.077229703963180e-01
3.344983211248088e-02 5.700412541929582e-02

47
2.545748493266863e+00 3.889242350067773e+00
-8.641477717153923e-01 -1.192356694843661e+00
-4.069729143047899e+00 -4.841084758005517e+00
4.563234271446341e+00 -1.456569487785575e-01
-9.747521556819788e-01 -7.657565095667670e-01
-1.832021238924727e-03 3.244761467474561e-02

48
1.536125573837624e-01 -1.473913681355950e-01
4.689690748471711e-01 5.591790126217558e-01
1.323930419803512e-01 -7.633402789938919e-01
-3.031580330383953e-01 5.733887624453312e-01
-9.993704981102997e-01 -7.587511878508333e-01
-2.430811019999704e-04 7.215253206389795e-03

49
-2.034406428059793e-01 -1.311555998578612e-01
4.982943298417352e-01 9.471756794507051e-02
7.141742671038601e-01 -1.879820133532050e-02
4.644413162486229e-01 -5.794289239680965e-01
-9.950978385957425e-01 -7.435826542414748e-01
-1.577555677708105e-02 6.195582942657278e-03

50
-2.730272183480439e-01 -6.964885293099962e-01
-2.840203755769243e-02 3.853439965679423e-01
8.746502790718810e-01 1.901856983422221e-01
-8.052382423595145e-01 -8.182152163483912e-01
-9.963927458643344e-01 -7.489461348249480e-01
-1.035452259159805e-02 6.757146737873166e-03

51
-1.301643233739906e-01 1.994484192906079e-01
5.550414961951351e-01 -2.198908871053696e-01
5.224188010773851e-01 -7.422176252499061e-01
8.051192949487248e-01 -1.590092252408445e-01
-1.017117978215105e+00 -7.557832833241637e-01
2.841347931726338e-03 -1.028873754137631e-02

52
-2.102579805594971e-01 -1.510899913553801e-01
-1.057444338522259e-01 6.498961012222866e-01
5.885890717681321e-01 -1.774099458527797e-01
-5.982765004002112e-01 -5.626096901466653e-01
-1.006309832722517e+00 -7.504092058804046e-01
-5.724312976986447e-03 -1.995297934645648e-03

53
-5.369055363829542e-01 -1.195126516934590e+00
-2.747419973112936e-01 5.142532076142415e-01
6.030647878607864e-01 4.228255553698396e-01
-1.015632150245206e+00 -3.986808253822400e-01
-1.029715787041549e+00 -8.194600982881662e-01
6.628681670194762e-02 -1.037013876936973e-03

54
1.685784886825565e-01 2.598898650918636e-02
5.140174400246244e-01 3.938331280108264e-01
-2.588051914626405e-02 -5.670862774805073e-01
4.020192560916451e-01 2.810668210345911e-01
-1.011903848177419e+00 -7.632495844101684e-01
8.075648741124894e-03 -2.973205190813019e-03

55
2.017364457912916e-01 -2.231298971752374e-04
4.572758339382351e-01 4.188909584776540e-01
1.187350265169590e-01 -5.121622212897718e-01
1.729142945075035e-01 5.216073591059658e-02
-1.017030749132094e+00 -7.528855699994946e-01
1.143246798296712e-04 -1.116235332289234e-02

56
-2.816046626659190e-01 -2.858363095676203e-01
-3.912500172906076e-01 -3.708364886757590e-02
-6.551495397613707e-02 -4.614565711550643e-01
3.253240841770236e-01 -4.151561239186214e-01
-1.085424584432636e+00 -7.008186199883268e-01
-2.583232136520296e-02 -9.200588899066378e-02

57
-9.028664943255205e-02 -2.770013615489517e-01
2.617432060900251e-02 4.611639720416434e-01
-2.498583679533175e-02 7.767445915672914e-02
3.201911240772087e-01 -3.914199342025572e-01
-1.011686082724748e+00 -7.738116268750507e-01
1.783900779601687e-02 7.099290936813931e-04

58
-7.658430306120340e-01 3.796760637591856e-01
-5.643654589078082e-01 1.137756684395021e+00
-8.243049216865702e-01 -4.467288352311382e-01
7.498572967212204e-01 8.608760505356888e-01
-1.012429801863315e+00 -6.829076842244406e-01
-6.656345781831981e-02 -2.993685960302752e-02

59
-8.661749519029722e-03 -3.363803310355713e-01
-8.175431354454586e-02 1.502120559956061e-03
-1.095022724289026e-02 -5.253465207396969e-01
1.562940749384114e-01 -2.753244494186488e-01
-9.713230085843652e-01 -8.550415933410834e-01
8.017811244154525e-02 6.506156929289286e-02

60
-2.874291795273982e-01 -1.274894339969381e-01
-8.030164001077387e-01 3.107544926168484e-01
5.890330263120768e-03 -8.006531217604289e-01
-5.196527844498772e-01 -4.252645034200483e-01
-1.014928785921210e+00 -7.495351699427084e-01
-3.698115475175500e-03 -1.030906514324199e-02

61
-1.414078626690514e-01 -3.356549373202596e-01
2.767805531897005e-02 1.429744909552029e-01
-4.201827823470788e-02 -2.872938404560058e-01
3.871501732181865e-01 -1.332060993219305e-01
-1.070738066751430e+00 -6.469530696473706e-01
-8.083004188018179e-02 -9.607969445637068e-02

62
-4.199855233020104e-01 -4.430863351584812e-01
1.033090357848582e-01 2.133989718906508e-01
6.476137711792274e-02 -1.080452566509769e-02
5.451751969201515e-01 6.929895513790642e-03
-7.998275147047966e-01 -6.355343132815588e-01
-1.807321275776906e-01 1.524229422234822e-01

63
3.569129388113117e+00 -1.347688366269379e+00
-3.490090930285934e-01 -5.212509864577274e-02
-3.386927591385274e+00 5.376202639473724e-01
7.370914992235515e-01 -2.259522985101564e+00
-1.056040683036998e+00 -9.899266206318550e-01
2.336955420299335e-01 3.062124212571527e-02

64
1.334696170209053e-01 4.001495522677254e-01
-1.092145766280287e-01 1.785032635248242e+00
-1.353516272918311e+00 1.256445465371310e+00
1.599374084567308e+00 -5.069854140785889e-01
-1.009780275350812e+00 -7.604104360654315e-01
4.732152998820345e-03 -1.931329315145507e-03

65
-2.531479821426262e-01 -8.468555733279207e-02
8.842218663465000e-02 5.954792040928445e-01
3.551019510497097e-01 -5.500813885679495e-01
-3.361751687891861e-01 1.774499458027743e-01
-1.010717245661592e+00 -7.565864541603509e-01
1.480100600445768e-03 -4.063874401766252e-03

66
-3.843637034348698e-01 2.144454141223054e-01
-1.265723846588756e-01 1.207534650059905e+00
2.088641960162189e-01 -1.180064807543717e+00
-1.086868588182548e+00 1.081192235868766e+00
-1.003719677525857e+00 -7.559970346799820e-01
-1.374559401431132e-03 2.257867408465588e-03

67
-4.750587991900548e-02 -3.518405800921194e-01
2.966413337278764e-01 7.846449298756099e-01
2.891059188720332e-01 8.478738153115761e-01
3.084494028278301e-01 -8.887829419972038e-01
-9.947516492499883e-01 -7.679039467599699e-01
6.757762426838197e-03 1.453218820038049e-02

68
-8.011019475306965e-03 2.619541394596496e-01
2.438673532740368e-01 8.065587739207875e-01
3.703320832950053e-01 1.871615988883371e-01
2.868034961669912e-01 -7.810810945656670e-01
-9.993812259839785e-01 -7.605971931773574e-01
1.479409000404641e-03 7.813550989133763e-03

69
-1.774686674733736e-01 -9.305704297432209e-02
2.788333684331129e-03 3.569372576287326e-01
3.154128729926721e-01 -2.991832136501140e-01
3.598111186148699e-02 -3.971231792366695e-01
-1.024039690771711e+00 -7.445943607990120e-01
-5.296692238562252e-03 -2.042099041558275e-02

70
-2.970172077817038e-01 2.715028330007858e-01
-7.316666882922269e-01 2.653770937513342e+00
-3.533062706661846e-01 -9.157944383801425e-01
-2.346410789190433e+00 1.484209006477663e+00
-1.010700154574910e+00 -7.573903780939676e-01
2.223063167442895e-03 -3.783054224410276e-03

71
3.577304601599230e-01 -6.690934931831629e-01
1.718463686973252e-01 -8.607877093941084e-02
-7.350556294552146e-02 -2.227778648787524e-01
1.195756633184607e-01 -4.823721313954015e-01
-1.016890443239127e+00 -5.946294155454797e-01
-1.472961765325711e-01 -6.317955536435051e-02

72
1.233956163927391e-01 -1.016639641014565e-01
7.413930131252632e-01 2.061186356888514e-01
6.106092232261163e-01 -3.797985507508399e-01
1.520326536825271e-01 -1.448394192683875e-01
-1.010094403655065e+00 -7.563114897007887e-01
1.018824329250621e-03 -3.574504171590512e-03

73
3.154339098924240e-01 1.472481577779585e+00
9.513109835154919e-01 2.915405833773241e+00
-5.903567982330749e-01 7.977608127705945e-01
9.950589611992171e-01 4.382277960048372e-01
-9.673311723343433e-01 -8.107253659442815e-01
3.759655137045977e-02 5.417578717759653e-02

74
1.681889523625110e-01 -1.088181928897946e-01
1.397633206287066e+00 9.404896574756996e-02
9.951773097781826e-01 -9.321170516016282e-01
-1.050726143615004e-01 7.396942051685295e-01
-1.007951991369707e+00 -7.576281721423105e-01
1.538928884829950e-03 -1.145674907834526e-03

75
-1.362463682572298e-01 -1.081992030885123e-01
2.620062990510307e-01 2.706750599084283e-01
-6.797005544945718e-02 -5.925235075588928e-01
4.505733134146099e-01 3.910298252221049e-01
-1.006163839773802e+00 -7.648258683424933e-01
7.652024284772861e-03 2.891160474568708e-03

76
-1.567121613145329e-01 -1.421340234809892e-01
-4.002809484653658e-03 4.883109247458337e-01
-3.532406624766080e-01 -3.906105524296726e-01
4.438515136799345e-01 3.078428657995721e-01
-1.013866002980183e+00 -7.613322600939365e-01
6.936843503020426e-03 -5.432103877544032e-03

77
5.020836703705034e-01 -1.366072737732346e-01
4.194896646389814e-01 2.546437059052425e-01
3.142074896045355e-01 -4.880651419030709e-01
-2.150104792326984e-01 -5.085939759035522e-01
-9.703608534805805e-01 -6.620359976122344e-01
-9.986103233889139e-02 2.359174625977814e-03

78
-5.105900466534011e+00 6.723762328407719e+00
1.093563373498918e+00 -1.657806618665641e-01
3.976766210283009e+00 -6.834535311209070e-01
8.077689454828095e+00 -1.490147239949366e+00
-1.204658034255160e+00 -6.860236548833556e-01
-3.197652287264008e-04 -2.079083370818228e-01

79
1.017741836819507e-01 -1.224933986040136e-01
6.059976305767107e-01 -1.840670124275203e-01
3.242324098346276e-01 -6.013803064221493e-01
6.079768191689147e-01 -9.308950666589347e-02
-1.012230523686036e+00 -7.609812790305465e-01
6.071102771780495e-03 -4.024839169086825e-03

80
5.675397100134029e-02 1.236583379810608e-01
-3.271372593525392e-01 5.315197232888462e-01
-3.388463453001404e-02 -4.415436696488664e-01
-7.660251493138290e-02 -6.249764948594042e-01
-1.010223826579822e+00 -7.757027602236002e-01
1.911814898658754e-02 2.694704022870615e-03

81
1.612339197332373e-01 8.090695441513987e-02
2.483697178371028e-01 4.740342347842190e-01
3.040205269187440e-01 -3.714540464828698e-01
-1.067309577222202e-02 -4.405831420758863e-01
-1.021802168591307e+00 -7.363096040428490e-01
-1.374855369018297e-02 -2.106741991011775e-02

82
-3.888015638587118e-01 -2.819262837180125e-01
7.035728246305625e-01 -6.384382337629890e-01
1.409840336494429e+00 -9.538768559202769e-02
6.147524592897146e-01 -1.031888766681236e+00
-9.975317676540032e-01 -7.521895757732749e-01
-6.958984244808604e-03 6.765281424678955e-03

83
3.747904957492798e-01 -2.218416237681949e-01
4.502443404164665e-01 1.067106559498033e-01
8.244047558585332e-02 -4.712778896238755e-01
2.237717762123438e-01 -2.270042234433164e-01
-9.971666366702572e-01 -6.718870193645542e-01
-8.185508102511461e-02 -1.935565230984754e-02

84
-4.618178578246392e-02 -2.892060660427292e-01
4.865205899430634e-01 2.320149637930746e+00
-3.905068949081504e-01 -4.134892751067718e-01
-1.443819582752896e+00 2.224767852137570e+00
-1.011302954661339e+00 -7.559129273680389e-01
1.045929068775205e-03 -4.831209825128755e-03

85
5.359550424962853e-01 -7.663760045102362e-01
1.036789620821088e+00 -5.450739752836471e-01
-3.106350337367039e-01 -7.682805518125222e-01
8.604827845313103e-01 7.678920804221079e-01
-1.053225739129180e+00 -6.445625101217933e-01
-8.882665546655674e-02 -8.056036877313939e-02

86
2.920839052341407e-01 -1.274405967355969e+00
2.501792286813432e-01 5.926263704114306e-01
7.989650670193520e-02 1.508148151711700e+00
-1.840788294498386e-02 -1.320507401160324e+00
-9.657593733434671e-01 -7.293500656090750e-01
-3.869607414840382e-02 2.882498751699625e-02

87
3.263143087040433e-01 -1.267432781220317e-01
-4.846499347224257e-01 -2.352122907120894e+00
1.834009050939917e-01 -1.483293341259721e+00
1.528989596345488e+00 -2.095939246706703e+00
-1.005419059500998e+00 -7.521849847817924e-01
-4.364274566632952e-03 -5.806850298827899e-04

88
2.534192740783775e-01 3.580384504419215e-02
4.331155280628006e-01 6.956175306021463e-01
-5.388697359127685e-01 -2.126695498807245e-01
7.624385376962466e-01 3.358571554863053e-01
-1.017288179660449e+00 -7.516620979673847e-01
-9.401152713791901e-04 -1.180521931182285e-02

89
-8.451167084221536e-01 -4.750181907632762e+00
-5.843373684473496e-01 -9.198593593982852e-01
1.256072849664913e+00 3.443367638044991e+00
-1.615484214556192e+00 -2.589986449264154e+00
-1.101463821967383e+00 -6.282208342571820e-01
-8.814843051298388e-02 -1.308633291373493e-01

90
-1.632296893157403e-01 -2.681042367155471e-01
-3.776589791732359e-01 5.488479221581748e-01
1.268927984076147e-01 6.130543183025048e-02
-1.808895455052307e-01 -8.022028737476516e-01
-1.013121324656601e+00 -7.560308270691342e-01
1.754895440326677e-03 -6.485581805556266e-03

91
-4.022975665704602e-01 -3.798508892230254e-01
-7.665732989533024e-01 1.236397476618398e-01
-1.345138052052721e-02 -7.865138916229887e-01
-4.437266675259824e-01 -2.204566536855319e-01
-1.043460188617044e+00 -7.180404968992288e-01
-2.362364764703400e-02 -4.725479298791278e-02

92
-1.610039133641838e-01 1.873938124752383e-01
1.591753907088593e-01 1.936876656472006e-01
2.154863465047789e-01 -5.282588035388376e-01
5.488706250136171e-01 -2.437065578152830e-01
-1.022661765076657e+00 -7.719012314853745e-01
1.967675139179119e-02 -1.013986325262243e-02

93
-2.884153270185348e-01 -5.030990328774039e-01
-1.575270779341234e-01 2.851298614415802e-02
-3.774192540009855e-01 -7.172276727554194e-01
3.248491254756981e-01 5.557790605686410e-01
-9.744420031828163e-01 -9.107065632337932e-01
1.330397306913225e-01 8.049970649195173e-02

94
8.912884610310447e-02 -1.842087272078518e-01
7.029646443055787e-01 3.448618250974381e-01
1.381300959483644e-01 2.156007609310766e-01
8.507783847147351e-01 -2.507093702715876e-01
-1.006483526675674e+00 -7.511438270818459e-01
-4.983016800130448e-03 -1.914968452150858e-03

95
-2.471525859329821e-01 -5.707011743442147e-01
-6.178992972640039e-02 2.008612627774910e-01
1.954348073406965e-01 1.548022588430690e-01
1.706305044547849e-01 -5.519612317095606e-01
-9.933268599558787e-01 -8.920986297086311e-01
1.219353296794782e-01 5.678298681148976e-02

96
1.221097332561464e-01 4.911127231899600e-01
3.504387697309227e-01 1.199535488916203e+00
-1.524767556014644e-01 -7.140435952982820e-01
-6.061377269145788e-02 6.581094341902654e-01
-9.719541003089398e-01 -8.068520694110614e-01
3.551315847417431e-02 4.859471834973974e-02

97
-4.005512373948064e-02 -8.720487149219514e-02
-3.400205334663964e-01 3.753741960646689e-01
-2.395657552821091e-02 -4.370003830860565e-01
-7.705410750738935e-02 -5.131768410073935e-01
-1.007580520635687e+00 -7.729277570353776e-01
1.566312354470609e-02 4.241679513270692e-03

98
5.488726045465549e-02 3.066688839106539e-01
-5.877359677090811e-01 1.023061993805281e+00
-5.745040569906522e-02 6.538533865173478e-02
-2.039439908094959e-01 -1.191788276740525e+00
-1.009359308268145e+00 -7.639019304998725e-01
7.844632227389984e-03 -3.888336056260199e-04

99
-2.705743025657361e+01 4.070035380354127e+00
2.115119698956171e+01 -7.076994758056127e+00
3.148068505281694e+01 -1.120427540537926e+01
6.385553745979831e+00 3.105987080612316e+01
-9.806032363764947e-01 -7.072294179945690e-01
-5.440299874098140e-02 7.713648931235271e-03

100
-6.374984703950864e-01 -7.105495248268799e-01
-9.389992485349480e-02 2.189716001891564e-01
1.894114114870616e+00 2.932287652300121e-01
-1.408195038533946e+00 -1.495908861845531e+00
-9.997054822977328e-01 -7.555350194338137e-01
-3.127516157735921e-03 5.843546852849517e-03

101
-5.415185944040708e-01 6.182103706141651e-01
-9.456559847823981e-01 1.159850344589195e+00
-4.594311645911221e-01 1.117594341566436e-01
5.904374429077857e-01 -8.125769651215742e-01
-9.624722721711623e-01 -8.565491226919668e-01
7.866543238816194e-02 7.379991325457184e-02

102
-4.477598821681694e-02 -2.484792859624766e-01
2.758709505376276e+00 9.981906074491274e-01
2.431928672440944e-01 -9.145565500713022e-02
1.307431799543340e+00 2.932997044030337e+00
-1.008707944834855e+00 -7.549129232664740e-01
-7.403462304647060e-04 -2.744316838451439e-03

103
3.617848141588943e-01 2.328372960760164e+00
1.005971438445401e-01 3.841606704776161e+00
8.616611989512012e-01 1.942546607953222e+00
-4.070963905058315e-01 -2.779093272957267e+00
-9.839025894096328e-01 -8.821743210295162e-01
1.095886127146324e-01 6.228842425218192e-02

104
-1.842968027701409e-01 -4.600899753021232e-02
-7.219615703677402e-01 -6.091092345839114e-02
-2.978398126636066e-01 -6.849700089374203e-01
3.699795343758198e-01 -6.630440290957618e-01
-1.012112819747398e+00 -7.597968992419878e-01
4.929451952556252e-03 -4.305507599688297e-03

105
1.950793570239472e-01 -9.468138337286217e-01
-2.436780123024531e-01 3.520823426845177e-01
-1.381977760152852e-01 -4.894984888665030e-01
-9.875542699553614e-01 7.264099912514199e-02
-9.970003856021568e-01 -6.327803449489962e-01
-1.183250440091774e-01 -3.208709765958406e-02

106
-2.529200588158381e-01 1.800640787474332e-01
9.794879638483834e-01 6.385589222043838e-01
1.347275265158824e+00 -2.346853598183427e-01
-2.427468772727678e-01 -7.352786531050376e-02
-1.009586973784525e+00 -7.562090751253870e-01
7.562523830091239e-04 -3.135745048863233e-03

107
3.236150905841673e-01 9.201060060695160e-02
-3.102460602734364e-01 6.167998544012552e-01
-1.962059973453202e-01 -7.815725422100879e-01
-4.710134865245262e-01 -3.300681343583751e-01
-1.020558106970377e+00 -7.575506234408449e-01
5.620627561696386e-03 -1.290973555718914e-02

