108

-7.847713490799285e-02 -5.572308342075940e-01;
-4.580564039637286e-02 1.158738608185483e+00;
-5.991582253342592e-02 8.219911191455218e-01;
-2.107215841653919e-01 -5.251639614938838e-01;
-1.045376213271857e-03 -9.481637711841300e-01;
-1.528302807145705e-01 9.992456160478945e-01;

2.836847102508228e-02 -3.997067407706881e-01;
-2.528026043760306e-01 6.316143454525801e-01;
-5.386943413508488e-01 2.687066083977447e-01;
3.925530997959837e-01 -4.243455157226983e-01;
-1.045376213271857e-03 -9.481637711841300e-01;
-1.528302807145705e-01 9.992456160478945e-01;

-9.313094845642977e-03 -1.243260126704277e-01;
3.681029824432681e-02 -1.429717148462037e-01;
-5.187602901657280e-01 -7.995436272428811e-01;
9.494375556959126e-01 2.739378164942445e-01;
-1.045376213271857e-03 -9.481637711841300e-01;
-1.528302807145705e-01 9.992456160478945e-01;

1.089999926360412e-01 -5.481510304513825e-02;
3.597360365024537e-01 1.168219613626955e+00;
4.472622624974263e-01 5.032948382334714e-01;
-2.903527986259567e-01 -6.781561644605385e-01;
-1.045376213271857e-03 -9.481637711841300e-01;
-1.528302807145705e-01 9.992456160478945e-01;

1.397378860745914e-01 -7.717963669039979e-02;
4.203083242799939e-01 1.403496933587754e+00;
6.157773711050770e-01 7.418148898937055e-01;
-5.462452333401219e-01 -8.329551661791676e-01;
-1.045376213271857e-03 -9.481637711841300e-01;
-1.528302807145705e-01 9.992456160478945e-01;

-5.917442947796428e-02 7.866831782707526e-02;
-3.775809075580287e-02 -1.452081266932500e-01;
-5.601607660669727e-01 -8.028956781259439e-01;
1.190366408421887e+00 1.348933593156193e-01;
-1.045376213271857e-03 -9.481637711841300e-01;
-1.528302807145705e-01 9.992456160478945e-01;

-1.081215030167563e+00 -4.780660869795318e-01;
-2.719259759386048e-01 1.885248857180915e+00;
2.534488880127381e-01 1.900949951778630e+00;
1.062437137413847e-01 -5.899252336039074e-01;
-1.045376213271857e-03 -9.481637711841300e-01;
-1.528302807145705e-01 9.992456160478945e-01;

-1.695248883067507e-01 -5.213916144990782e-01;
-9.404261078016284e-01 5.159574618153575e-01;
-1.350688332631627e+00 5.181767059096087e-01;
1.063167802652449e+00 -6.146376623431219e-01;
-1.045376213271857e-03 -9.481637711841300e-01;
-1.528302807145705e-01 9.992456160478945e-01;

-2.504865367932130e-02 1.214617652673338e-01;
-5.014329008572030e-02 -1.301015820295907e-01;
-5.674747020621981e-01 -7.948458958910706e-01;
1.200049013355553e+00 6.269989829393834e-02;
-1.045376213271857e-03 -9.481637711841300e-01;
-1.528302807145705e-01 9.992456160478945e-01;

4.909956475260875e-01 -7.826057240562032e-01;
5.875739145342059e-01 -2.789088429105553e-01;
4.571935926364968e-01 -7.119321011753431e-02;
-1.527819925815444e-02 -7.863193762845436e-01;
-1.045376213271857e-03 -9.481637711841300e-01;
-1.528302807145705e-01 9.992456160478945e-01;

2.556439365729135e-01 -2.631209033286554e-01;
7.497257636065873e-01 1.393078114063478e-01;
2.633965774917551e-01 -1.702108731061906e-01;
4.869102069017313e-01 -1.654584330263227e-01;
-1.045376213271857e-03 -9.481637711841300e-01;
-1.528302807145705e-01 9.992456160478945e-01;

-1.946376588861290e+00 9.080303368955044e-02;
-2.640046148063376e-01 1.570844853586122e+00;
1.679445412793878e-01 -1.015904353782034e+00;
-4.536047494384934e-01 2.812335084334160e+00;
-1.045376213271857e-03 -9.481637711841300e-01;
-1.528302807145705e-01 9.992456160478945e-01;

5.063225998634651e-01 -6.582904215384744e-01;
2.613740274516870e-01 -1.884565393206520e-01;
2.852767338320489e-01 -2.795371212275278e-01;
-2.111083706176984e-01 -8.385522363711013e-01;
-1.045376213271857e-03 -9.481637711841300e-01;
-1.528302807145705e-01 9.992456160478945e-01;

3.207259498243109e-01 -3.263255708716367e-01;
3.735906025976353e-01 2.564225563677817e-02;
2.091929343723136e-01 -3.604030926719833e-01;
1.367674092999688e-01 -4.514445236523496e-01;
-1.045376213271857e-03 -9.481637711841300e-01;
-1.528302807145705e-01 9.992456160478945e-01;

-2.410217835093724e+00 5.916531530263276e-01;
-8.647059175004448e-02 1.798062174024986e+00;
1.938791727117813e-01 -1.201370553884769e+00;
1.183961985223020e-01 3.491127937771590e+00;
-1.045376213271857e-03 -9.481637711841300e-01;
-1.528302807145705e-01 9.992456160478945e-01;

3.811657971086204e-01 -1.292988778644957e+00;
1.908134988207507e+00 -7.756427921496587e-01;
1.248316072224446e+00 7.298272064480301e-01;
8.170985225127737e-01 -6.422617564109950e-01;
-1.045376213271857e-03 -9.481637711841300e-01;
-1.528302807145705e-01 9.992456160478945e-01;

2.246651043886548e-01 -1.598532694341649e-01;
1.205926118270254e+00 3.962788678515838e-02;
4.297205424834635e-01 -4.160358515300387e-03;
1.015849948596411e+00 -7.123028775677956e-02;
-1.045376213271857e-03 -9.481637711841300e-01;
-1.528302807145705e-01 9.992456160478945e-01;

-1.129748578529742e-01 1.116556515671320e+00;
2.874618037647747e-01 8.755967444631518e-01;
-4.056173444281653e-01 -9.594993334759490e-01;
1.163777947301846e+00 6.107938281937704e-01;
-1.045376213271857e-03 -9.481637711841300e-01;
-1.528302807145705e-01 9.992456160478945e-01;

5.407074113966515e-01 -6.938469544663842e-01;
8.382704151063373e-01 -2.064722018009661e-01;
6.156836498816206e-01 -5.841700253921812e-03;
3.204196744250413e-02 -7.599272538221120e-01;
-1.045376213271857e-03 -9.481637711841300e-01;
-1.528302807145705e-01 9.992456160478945e-01;

1.972664454356207e-01 -2.719796524522752e-01;
5.850243309536809e-01 3.256647330897021e-01;
1.354421567653400e-01 -1.183856140635590e-02;
4.455349427512201e-01 -2.107681596496634e-01;
-1.045376213271857e-03 -9.481637711841300e-01;
-1.528302807145705e-01 9.992456160478945e-01;

-7.088643717586468e-01 -4.448153122349405e-01;
-4.130406246963534e-01 3.762258288120222e-01;
-2.423165696037115e-01 -7.333624193031901e-01;
-4.105029828938815e-02 8.485169670370496e-01;
-1.045376213271857e-03 -9.481637711841300e-01;
-1.528302807145705e-01 9.992456160478945e-01;

6.098309021681677e-01 -4.173226195521504e-01;
6.921652408744218e-01 5.276442443073116e-02;
5.548747235307414e-01 -1.722368367400198e-01;
-1.783313428155349e-01 -7.824941177943380e-01;
-1.045376213271857e-03 -9.481637711841300e-01;
-1.528302807145705e-01 9.992456160478945e-01;

3.091964886090664e-01 -2.775580200015464e-01;
4.671115262682216e-01 2.295671462054668e-01;
3.394352661021644e-01 -2.204535337707555e-01;
1.027363090456435e-02 -4.658386714973187e-01;
-1.045376213271857e-03 -9.481637711841300e-01;
-1.528302807145705e-01 9.992456160478945e-01;

-8.572939383784258e-01 -3.502824059623338e-01;
-5.275309609929362e-01 3.987293511656180e-01;
-2.468978194355511e-01 -7.322400083878050e-01;
6.190889628999412e-02 8.324442004814182e-01;
-1.045376213271857e-03 -9.481637711841300e-01;
-1.528302807145705e-01 9.992456160478945e-01;

1.301643716528931e-01 -1.613056163979067e+00;
1.186918727702512e+00 -1.197977590624796e+00;
9.295507388167824e-01 5.354591197278514e-01;
7.775946939043459e-01 -8.108754717368477e-01;
-1.045376213271857e-03 -9.481637711841300e-01;
-1.528302807145705e-01 9.992456160478945e-01;

9.780139771158509e-02 -2.086024511088604e-01;
7.428977377515181e-01 3.521638150820663e-01;
5.748683462704528e-02 2.851643357913108e-01;
9.764178117189192e-01 -2.040995603749036e-01;
-1.045376213271857e-03 -9.481637711841300e-01;
-1.528302807145705e-01 9.992456160478945e-01;

-1.265563118740556e+00 6.667686300480310e-01;
-1.025372257414956e+00 9.280553267520267e-01;
-2.660132550770261e-01 -7.099360088432015e-01;
5.247189157308191e-01 3.775079226930022e-01;
-1.045376213271857e-03 -9.481637711841300e-01;
-1.528302807145705e-01 9.992456160478945e-01;

4.394644521273177e-01 -1.240740951089326e-01;
1.680244206999829e+00 1.016051392801771e+00;
1.077472983812088e+00 8.530918082567770e-01;
1.451139116595205e-01 -4.732022947140067e-01;
-1.045376213271857e-03 -9.481637711841300e-01;
-1.528302807145705e-01 9.992456160478945e-01;

8.206473039328324e-02 -8.326019200950831e-03;
1.254917565826412e+00 1.335614815777625e+00;
7.198663031624399e-01 7.898941275394358e-01;
1.801498436716874e-01 -7.304452058659833e-02;
-1.045376213271857e-03 -9.481637711841300e-01;
-1.528302807145705e-01 9.992456160478945e-01;

-1.257835561413241e+00 -9.236847360775285e-01;
-9.608977516470206e-01 7.267176310483812e-01;
-9.134393378047827e-03 -5.990196878724250e-01;
-1.094584985916215e+00 1.104051696037134e+00;
-1.045376213271857e-03 -9.481637711841300e-01;
-1.528302807145705e-01 9.992456160478945e-01;

3.855843118027165e-01 1.078095170021166e-02;
8.479834543510438e-01 9.491476498117029e-01;
7.148199408610204e-01 3.379878565133976e-01;
-2.203901237856655e-01 -6.704651070734032e-01;
-1.045376213271857e-03 -9.481637711841300e-01;
-1.528302807145705e-01 9.992456160478945e-01;

2.634364397296165e-01 -1.364711687400900e-01;
6.938726847663472e-01 8.536749436554637e-01;
6.899362953823975e-01 2.237732042431166e-01;
-3.594155348086090e-01 -5.387738408284051e-01;
-1.045376213271857e-03 -9.481637711841300e-01;
-1.528302807145705e-01 9.992456160478945e-01;

-1.398303462268818e+00 -8.303844732807781e-01;
-1.008093536573299e+00 7.311006941390336e-01;
-1.656669291746761e-02 -6.196968690404369e-01;
-9.430445544989703e-01 1.166582598465062e+00;
-1.045376213271857e-03 -9.481637711841300e-01;
-1.528302807145705e-01 9.992456160478945e-01;

4.965090587368318e-01 -3.215020558646353e-01;
2.861586139698137e+00 9.940558323947669e-01;
1.660090551726174e+00 1.527829675166383e+00;
6.873654825620772e-01 -2.464503956544000e-01;
-1.045376213271857e-03 -9.481637711841300e-01;
-1.528302807145705e-01 9.992456160478945e-01;

3.616288960321555e-02 1.345362315550887e-01;
1.753626770598605e+00 1.368017655452699e+00;
9.659480866372120e-01 1.083458715696722e+00;
6.606759621555305e-01 -4.067232736343793e-02;
-1.045376213271857e-03 -9.481637711841300e-01;
-1.528302807145705e-01 9.992456160478945e-01;

-1.522206865781240e+00 7.328886917466237e-01;
-1.246989800767450e+00 1.101533340779210e+00;
-2.105044631903275e-01 -6.840368611309068e-01;
3.844371767579914e-01 4.169671831978299e-01;
-1.045376213271857e-03 -9.481637711841300e-01;
-1.528302807145705e-01 9.992456160478945e-01;

-1.812636358318256e-01 -2.063549448174613e-01;
4.821789903712513e-01 2.076533039101664e-01;
1.745906903298628e-01 -5.637662481009762e-01;
3.773707223193292e-01 4.919397146642586e-01;
-5.740004534321694e-02 -1.309387815433637e+00;
2.021024678029860e-01 1.065798435193638e+00;

-3.335385352273196e-02 -2.065791745523298e-01;
5.274684030064261e-02 1.114910906487722e-01;
-3.899689875347226e-01 -4.963519990601636e-01;
7.048348946082474e-01 1.474544706794589e-01;
-5.740004534321694e-02 -1.309387815433637e+00;
2.021024678029860e-01 1.065798435193638e+00;

-3.140635717278638e-01 -2.173672050557054e-01;
8.604023938298477e-01 3.265376873968020e-01;
6.865233300535754e-01 -5.814847471579420e-01;
5.727992926925077e-02 7.763679864386794e-01;
-5.740004534321694e-02 -1.309387815433637e+00;
2.021024678029860e-01 1.065798435193638e+00;

-3.708622250775111e-02 -1.694933395943900e-02;
4.784602478739988e-01 2.110315304759658e-01;
1.720075875947937e-01 -6.229853312271250e-01;
4.294987661582144e-01 2.660718784819746e-01;
-5.740004534321694e-02 -1.309387815433637e+00;
2.021024678029860e-01 1.065798435193638e+00;

-2.593455131703000e-02 1.176204174564569e-03;
3.445130213551992e-01 2.346497192140688e-01;
3.157479694955193e-02 -5.392577215392969e-01;
5.269861981951119e-01 1.299469125334084e-01;
-5.740004534321694e-02 -1.309387815433637e+00;
2.021024678029860e-01 1.065798435193638e+00;

-2.786465738358890e-02 -7.877933838962403e-02;
8.241761477583632e-01 4.113125026772017e-01;
6.459969452350678e-01 -5.455307971602212e-01;
-4.708227194237023e-02 3.876100913298499e-01;
-5.740004534321694e-02 -1.309387815433637e+00;
2.021024678029860e-01 1.065798435193638e+00;

-3.330404747136818e-01 3.284682300257361e-01;
4.706555821856535e-01 2.054406962341496e-01;
2.816050140743381e-01 -6.515922884965369e-01;
8.724048905422276e-01 2.727551959927461e-01;
-5.740004534321694e-02 -1.309387815433637e+00;
2.021024678029860e-01 1.065798435193638e+00;

-4.891965273383288e-01 -1.628153113260419e-01;
-1.795105787113932e-01 7.693137007436565e-01;
-2.399287516949079e-01 4.248906696255053e-01;
7.198329198193619e-01 -2.459213798375830e-01;
-5.740004534321694e-02 -1.309387815433637e+00;
2.021024678029860e-01 1.065798435193638e+00;

-4.337209165602056e-01 4.181890039756759e-01;
6.747133813296499e-01 3.005644902690873e-01;
5.943740116020984e-01 -6.418908890702754e-01;
7.647991718256453e-01 3.645429095405651e-01;
-5.740004534321694e-02 -1.309387815433637e+00;
2.021024678029860e-01 1.065798435193638e+00;

-1.145648867925777e+00 5.010287667266947e-01;
4.072816788598890e-01 1.347037304101531e+00;
-2.769616657098481e-03 -7.180382528719472e-01;
5.627676095435228e-01 2.068082315806953e+00;
-5.740004534321694e-02 -1.309387815433637e+00;
2.021024678029860e-01 1.065798435193638e+00;

3.902486691610952e-01 -4.053724390471463e-01;
7.439543284413763e-01 -1.461401131394367e-02;
3.152073442697955e-01 -1.163543285065867e-01;
3.934707313975001e-01 -4.232604187476728e-01;
-5.740004534321694e-02 -1.309387815433637e+00;
2.021024678029860e-01 1.065798435193638e+00;

-4.061922196981903e-01 -5.683129294213864e-01;
2.139040853244434e-01 3.429482508843748e-01;
3.915860870161631e-01 -4.170171043777565e-01;
-3.107740169608501e-01 4.709816879483819e-01;
-5.740004534321694e-02 -1.309387815433637e+00;
2.021024678029860e-01 1.065798435193638e+00;

-7.157308506375986e-01 3.245313572564436e-01;
3.599718199441432e-01 8.033839844853343e-01;
1.191839088169763e-01 -7.061757709315057e-01;
5.215068729900544e-01 1.178558164526182e+00;
-5.740004534321694e-02 -1.309387815433637e+00;
2.021024678029860e-01 1.065798435193638e+00;

6.994009101413852e-02 6.751755556561885e-02;
4.960968626239230e-01 2.959326713035324e-01;
1.216182881522873e-01 -4.648589920500794e-01;
5.359630970477141e-01 4.744159450836848e-02;
-5.740004534321694e-02 -1.309387815433637e+00;
2.021024678029860e-01 1.065798435193638e+00;

-1.309829569664400e-01 -4.843936447756664e-01;
1.325480975967377e-01 2.111550400788341e-01;
2.929289331017997e-01 -4.722418078405851e-01;
-2.676219787635021e-01 6.367788492555357e-02;
-5.740004534321694e-02 -1.309387815433637e+00;
2.021024678029860e-01 1.065798435193638e+00;

-2.013656070346010e-01 3.747868703844717e-01;
5.963766355799702e-01 2.444655251347346e-01;
2.328663651996738e-01 -6.310564617409435e-01;
9.438374378604119e-01 2.828673115560107e-01;
-5.740004534321694e-02 -1.309387815433637e+00;
2.021024678029860e-01 1.065798435193638e+00;

1.873930223543715e-01 1.125852596699696e+00;
5.200064445791504e-01 1.036306927103491e+00;
-5.745362956879522e-01 -7.252003225761975e-01;
1.307406516959138e+00 5.429571398546605e-01;
-5.740004534321694e-02 -1.309387815433637e+00;
2.021024678029860e-01 1.065798435193638e+00;

-4.140759978308278e-01 2.314267080993118e-01;
5.015339862466225e-01 2.260192839828733e-02;
4.614568249491569e-01 -7.234317893658708e-01;
8.092414148445981e-01 2.665212527547850e-01;
-5.740004534321694e-02 -1.309387815433637e+00;
2.021024678029860e-01 1.065798435193638e+00;

-2.115055409428136e-01 -8.216360362912407e-01;
1.376444084603726e-02 -1.479873342154644e-01;
2.912422343206846e-01 -5.961957372825329e-01;
-3.526440439657889e-01 1.241781719305056e-01;
-5.740004534321694e-02 -1.309387815433637e+00;
2.021024678029860e-01 1.065798435193638e+00;

5.663653082672581e-01 -3.111110705341694e-01;
9.634695915504203e-01 1.897830546857313e-01;
3.650687206989935e-01 2.219507967073402e-01;
5.093611864833990e-01 -6.754396498267838e-01;
-5.740004534321694e-02 -1.309387815433637e+00;
2.021024678029860e-01 1.065798435193638e+00;

-2.228418617305584e-01 -7.184897468432376e-01;
2.829564295773862e-02 -3.651516950946250e-02;
2.136858970962560e-01 -5.474285119565253e-01;
-2.295376822045670e-01 1.693379745554406e-01;
-5.740004534321694e-02 -1.309387815433637e+00;
2.021024678029860e-01 1.065798435193638e+00;

-1.780367886619744e-01 -7.170284263285771e-01;
-2.910186550611487e-02 -4.356640116034246e-02;
2.605497146153929e-01 -6.502029134004441e-01;
-4.205855643640324e-01 1.227583234933893e-01;
-5.740004534321694e-02 -1.309387815433637e+00;
2.021024678029860e-01 1.065798435193638e+00;

-3.266277783003642e-01 4.978791119093751e-01;
8.586222674062872e-02 1.006741354230025e+00;
-3.109393029661302e-01 -6.909671741670539e-02;
9.398320921704401e-01 1.495442483305311e-01;
-5.740004534321694e-02 -1.309387815433637e+00;
2.021024678029860e-01 1.065798435193638e+00;

-7.914866826694374e-02 -5.448379243405674e-01;
8.799319883379877e-02 8.161610069153054e-02;
2.428781917464698e-01 -5.191639113112564e-01;
-2.413515057190406e-01 -6.098749482717858e-03;
-5.740004534321694e-02 -1.309387815433637e+00;
2.021024678029860e-01 1.065798435193638e+00;

-1.378398295092572e+00 -1.322897668746341e+00;
-5.725414438324531e-01 -1.314112017723928e+00;
9.954207118997102e-01 -4.544773532440013e-01;
1.750462176559333e-01 -4.580702676209877e-01;
-5.740004534321694e-02 -1.309387815433637e+00;
2.021024678029860e-01 1.065798435193638e+00;

-3.242569447849167e-01 4.345078934637079e-01;
8.736731139294740e-02 9.436565193280784e-01;
-2.751241588253955e-01 -8.385083717772207e-02;
8.929392702239266e-01 1.354206605355364e-01;
-5.740004534321694e-02 -1.309387815433637e+00;
2.021024678029860e-01 1.065798435193638e+00;

-9.500758315583970e-01 1.866510894595176e-03;
-4.818494168607155e-01 2.813986692394572e-01;
9.766957868734386e-02 -4.039261021981261e-01;
5.592265480873048e-01 4.478814652039580e-02;
-5.740004534321694e-02 -1.309387815433637e+00;
2.021024678029860e-01 1.065798435193638e+00;

-1.023862890098579e+00 -1.248680986689323e+00;
-7.972049640450165e-01 1.837638054316763e-01;
3.379527462623087e-01 -7.704233793569658e-01;
-1.377231114868498e+00 7.824085177755489e-01;
-5.740004534321694e-02 -1.309387815433637e+00;
2.021024678029860e-01 1.065798435193638e+00;

1.292918914652120e+00 -1.162789111324076e+00;
2.344914842122451e+00 -7.679221597241488e-01;
2.276999586124416e+00 3.531692303229274e-01;
-7.329455334611565e-01 -1.611305532978817e+00;
-5.740004534321694e-02 -1.309387815433637e+00;
2.021024678029860e-01 1.065798435193638e+00;

-6.938184558363375e-01 -6.768440781601732e-01;
-9.192875341570371e-02 7.975911071328075e-01;
3.605031924602770e-01 -1.325915669443393e-01;
-7.022960958658730e-01 5.754070823648700e-01;
-5.740004534321694e-02 -1.309387815433637e+00;
2.021024678029860e-01 1.065798435193638e+00;

-1.011631623984555e+00 -1.299073749553994e+00;
-8.019754232661120e-01 1.935163187559411e-01;
3.249279763502230e-01 -7.652984428128498e-01;
-1.436609305802285e+00 8.112545330617779e-01;
-5.740004534321694e-02 -1.309387815433637e+00;
2.021024678029860e-01 1.065798435193638e+00;

2.292984526952267e-01 1.770712539255705e+00;
1.237983773075995e+00 2.577297204868951e+00;
1.354252539905596e-01 1.248854930690286e+00;
1.547635098635974e+00 -6.302578407711694e-01;
-5.740004534321694e-02 -1.309387815433637e+00;
2.021024678029860e-01 1.065798435193638e+00;

-5.123846762185893e-01 -4.069371681061829e-01;
-8.460442003907423e-02 8.445134222493731e-01;
3.450528574819190e-01 -1.409937027232376e-01;
-5.784595970961880e-01 2.538877046218895e-01;
-5.740004534321694e-02 -1.309387815433637e+00;
2.021024678029860e-01 1.065798435193638e+00;

-1.502480747367275e+00 1.136553803263976e-02;
-6.425948359171831e-01 -5.231118819307433e-02;
6.904612359853192e-01 -8.604243220028072e-01;
2.475588396877653e-01 2.307202289532091e-01;
-5.740004534321694e-02 -1.309387815433637e+00;
2.021024678029860e-01 1.065798435193638e+00;

-9.471499020185863e-01 5.004787578366613e-01;
-1.305152008264645e-01 1.181049697557877e+00;
2.380304960707088e-01 -3.504237610444852e-02;
4.840896907625951e-01 2.451580875356641e-01;
-5.740004534321694e-02 -1.309387815433637e+00;
2.021024678029860e-01 1.065798435193638e+00;

-1.048488348380798e+00 3.868019222235179e-01;
-2.045858192270705e-01 9.163974618012046e-01;
3.509012587557674e-01 -1.924595484008794e-01;
4.361250349134310e-01 2.363506502855935e-01;
-5.740004534321694e-02 -1.309387815433637e+00;
2.021024678029860e-01 1.065798435193638e+00;

1.312750452591969e+00 -3.537005175649819e-01;
4.880113967466932e-01 2.387980423994329e-01;
-1.519065996288429e-01 -7.458552209064029e-01;
-6.628298052159121e-01 -5.353415085618348e-01;
-4.079307366695442e-01 -3.004694577284619e+00;
1.896236031006927e+00 1.298022619484544e+00;

-1.214207548125548e+00 6.576776315441331e-01;
4.883943148453446e-01 2.297745227016369e+00;
1.525877735154069e+00 1.789577835333026e+00;
1.039667600852535e-01 -9.577026627164792e-01;
-4.079307366695442e-01 -3.004694577284619e+00;
1.896236031006927e+00 1.298022619484544e+00;

8.991813530386319e-01 1.953574336932372e-01;
7.574468138584284e-01 6.835255693654407e-01;
5.422183736894184e-01 -4.176349785964004e-01;
-5.524385154983832e-01 -7.268935387010054e-01;
-4.079307366695442e-01 -3.004694577284619e+00;
1.896236031006927e+00 1.298022619484544e+00;

3.088761578239317e-01 -4.349800360344990e-01;
4.878832582709109e-01 2.175409883652422e-01;
4.186740966069454e-02 -5.866306688120843e-01;
-9.891707431526768e-02 2.671263296520414e-01;
-4.079307366695442e-01 -3.004694577284619e+00;
1.896236031006927e+00 1.298022619484544e+00;

2.441940611137899e-02 -7.400772501916222e-01;
-6.471511729873581e-01 -3.108995597400661e-01;
-1.482743524818266e+00 -5.424228287305212e-01;
1.152723693579806e+00 2.578639820394392e-01;
-4.079307366695442e-01 -3.004694577284619e+00;
1.896236031006927e+00 1.298022619484544e+00;

3.940718847501103e-01 -2.879487561461034e-01;
8.905128936752661e-01 5.306475015459706e-01;
6.512946349837135e-01 -4.654711987989842e-01;
-5.967716088733506e-01 1.569260974961079e-01;
-4.079307366695442e-01 -3.004694577284619e+00;
1.896236031006927e+00 1.298022619484544e+00;

1.307057239679179e+00 -1.185496831786342e+00;
5.054910258151306e-01 2.371560620352777e-01;
-2.688991137491997e-01 -5.749213678318600e-01;
-1.282284840631840e+00 -1.338556140066753e-02;
-4.079307366695442e-01 -3.004694577284619e+00;
1.896236031006927e+00 1.298022619484544e+00;

1.088821732405662e-01 -2.468790969446564e-01;
8.841023498338610e-02 -1.108778717843292e-01;
-4.909756583409154e-01 -7.802388235680652e-01;
7.228547933099806e-01 2.732550175136401e-01;
-4.079307366695442e-01 -3.004694577284619e+00;
1.896236031006927e+00 1.298022619484544e+00;

1.130626105650917e+01 -1.976286485633700e+00;
1.528467046296756e+00 3.667725279759495e+00;
2.029234006001987e-01 1.361570467035410e+00;
-1.125058542445719e+01 -8.891017808853208e+00;
-4.079307366695442e-01 -3.004694577284619e+00;
1.896236031006927e+00 1.298022619484544e+00;

3.141442555572513e-01 -5.091229976932338e-01;
-2.138524510472154e-01 -6.427834769265558e-01;
4.619719611042824e-01 -7.735118870620252e-01;
-3.186546234124863e-01 -1.217219340207300e+00;
-4.079307366695442e-01 -3.004694577284619e+00;
1.896236031006927e+00 1.298022619484544e+00;

4.835694202800421e-01 -8.760001991455261e-01;
8.342657918254560e-01 -3.359343668377980e-01;
5.789136924727275e-01 9.006670171912813e-02;
1.293690536281225e-01 -7.409429613740287e-01;
-4.079307366695442e-01 -3.004694577284619e+00;
1.896236031006927e+00 1.298022619484544e+00;

5.447379928626728e-01 -5.001360212688059e-01;
-1.460892033687000e-01 -2.281838576438427e-02;
3.215861584401314e-02 -5.226751849674655e-01;
-4.716921103645760e-01 -8.766160799256875e-01;
-4.079307366695442e-01 -3.004694577284619e+00;
1.896236031006927e+00 1.298022619484544e+00;

5.161221461475570e-01 -2.892894043612686e-01;
1.032538992115823e-01 -7.922021918060261e-01;
4.819454534076542e-01 -6.973794405550382e-01;
2.082331312474688e-01 -1.439913854174692e+00;
-4.079307366695442e-01 -3.004694577284619e+00;
1.896236031006927e+00 1.298022619484544e+00;

2.795295188641755e-01 -2.735593531367312e-01;
6.599997984648242e-01 7.078196900035619e-02;
2.680013138132454e-01 -2.268472445244848e-01;
4.215614318674442e-01 -2.777220757556810e-01;
-4.079307366695442e-01 -3.004694577284619e+00;
1.896236031006927e+00 1.298022619484544e+00;

3.724012864433569e-01 -4.078138520587228e-01;
-4.361687433917229e-02 1.172238678003996e-03;
1.060466702015617e-01 -5.437196496695657e-01;
-2.962083123746916e-01 -6.605956948816210e-01;
-4.079307366695442e-01 -3.004694577284619e+00;
1.896236031006927e+00 1.298022619484544e+00;

-1.264033979110192e+00 -8.536071884932497e-02;
-2.914036719195421e-01 1.274433480415670e+00;
4.192501177704927e-02 -8.692952776058412e-01;
-5.716161188322798e-01 1.903598602802990e+00;
-4.079307366695442e-01 -3.004694577284619e+00;
1.896236031006927e+00 1.298022619484544e+00;

-2.440620130950779e-01 9.949298296599287e-01;
2.278982028128122e-01 9.220473578287327e-01;
-3.570400079878024e-01 -9.526606327609899e-01;
9.858265362981273e-01 7.604670600983749e-01;
-4.079307366695442e-01 -3.004694577284619e+00;
1.896236031006927e+00 1.298022619484544e+00;

1.093460816538984e+00 -1.520987945768473e+00;
-7.308988982735685e-01 1.945118178901829e-01;
-2.638574136341772e-01 -1.765649461247866e-01;
-2.046505273358192e+00 -1.368574594314471e+00;
-4.079307366695442e-01 -3.004694577284619e+00;
1.896236031006927e+00 1.298022619484544e+00;

1.207388705068632e+01 -9.050766028906017e-01;
9.732501060768664e+00 7.912520399267237e+00;
-6.498998268111661e+00 8.789853354269900e-01;
-2.770934814526646e+00 7.330819733178386e+00;
-4.079307366695442e-01 -3.004694577284619e+00;
1.896236031006927e+00 1.298022619484544e+00;

5.223515435912496e-01 -8.171356219470640e-01;
9.128589354333431e-01 -3.131066019409753e-01;
6.350922221704097e-01 6.916082100004586e-02;
1.226491372164274e-01 -7.411812082678177e-01;
-4.079307366695442e-01 -3.004694577284619e+00;
1.896236031006927e+00 1.298022619484544e+00;

7.957283764760708e-01 2.618291633928848e-02;
5.147115482854938e-01 5.224057059868134e-01;
4.109688821831686e-01 -4.342036993375432e-01;
-5.349334734350049e-01 -7.664023917053021e-01;
-4.079307366695442e-01 -3.004694577284619e+00;
1.896236031006927e+00 1.298022619484544e+00;

3.275672435206984e-01 -5.136216639127892e-01;
2.340574334768512e-01 4.508614388803993e-01;
-4.296095704960106e-02 -7.039780317410372e-01;
-6.411612437645190e-01 3.778096254851696e-01;
-4.079307366695442e-01 -3.004694577284619e+00;
1.896236031006927e+00 1.298022619484544e+00;

2.094916278417026e-01 -2.315289319748470e-01;
6.094608237476880e-01 2.737738150806308e-01;
2.303403059909527e-01 4.382735933113396e-02;
4.992701666651408e-01 -3.932496613579507e-01;
-4.079307366695442e-01 -3.004694577284619e+00;
1.896236031006927e+00 1.298022619484544e+00;

3.776515590806963e-01 -3.577288576429654e-01;
3.252391152998252e-01 2.481804221894399e-01;
3.284406433985367e-01 -4.946996812701581e-01;
-4.452547546688596e-01 -3.327797633277751e-01;
-4.079307366695442e-01 -3.004694577284619e+00;
1.896236031006927e+00 1.298022619484544e+00;

6.086065828673175e-01 -4.229579730601227e-01;
3.951504033487373e-01 7.080691728390016e-01;
-2.090615073598536e-01 -7.214706657016027e-01;
-7.506587834908773e-01 5.240778107554878e-01;
-4.079307366695442e-01 -3.004694577284619e+00;
1.896236031006927e+00 1.298022619484544e+00;

-1.272872838897647e+00 -2.521633180795947e-02;
-8.626776302711947e-01 4.990228768466380e-01;
-2.602442340998481e-01 -7.275644990470996e-01;
3.645058777916658e-01 7.546788872375673e-01;
-4.079307366695442e-01 -3.004694577284619e+00;
1.896236031006927e+00 1.298022619484544e+00;

-2.777953051108893e+00 -2.417967838451939e+00;
-1.213816213868863e+00 -1.342062262088836e+00;
-2.778599444585819e-01 -8.012542532119024e-01;
6.133883544416543e-01 2.409959263563915e+00;
-4.079307366695442e-01 -3.004694577284619e+00;
1.896236031006927e+00 1.298022619484544e+00;

1.059843338051811e-01 2.535734329463000e-01;
-9.605557528991437e-01 -1.742768805230787e-01;
4.941625602622799e-01 -1.253143538418045e+00;
-8.186264750994903e-01 -1.544409332160763e+00;
-4.079307366695442e-01 -3.004694577284619e+00;
1.896236031006927e+00 1.298022619484544e+00;

3.299229719856687e-01 -8.731025426448928e-02;
1.292245946542020e+00 4.767959902814106e-01;
1.203155606774034e+00 3.678704560508702e-01;
7.654372268694815e-02 -7.964784442250593e-01;
-4.079307366695442e-01 -3.004694577284619e+00;
1.896236031006927e+00 1.298022619484544e+00;

3.454675471562396e-01 1.538030163328397e-01;
-5.760471191836834e-03 9.717164923499640e-01;
2.898968630408783e-01 -1.464195419245813e-01;
-6.136072624510640e-01 -8.312983867320990e-01;
-4.079307366695442e-01 -3.004694577284619e+00;
1.896236031006927e+00 1.298022619484544e+00;

6.511838871743575e-01 -5.976593477718831e-01;
-1.110366791769595e+00 -2.478744882093187e-02;
2.215704379250783e-01 -1.241325134312298e+00;
-2.096122738151271e+00 -1.389484161620111e+00;
-4.079307366695442e-01 -3.004694577284619e+00;
1.896236031006927e+00 1.298022619484544e+00;

2.894469193224487e-01 4.243917485549335e-02;
1.250700061578899e+00 6.245460881424448e-01;
1.111742287467028e+00 4.110820594018428e-01;
1.777193737048830e-01 -7.583033209643366e-01;
-4.079307366695442e-01 -3.004694577284619e+00;
1.896236031006927e+00 1.298022619484544e+00;

2.982138176992412e-01 -3.368755036970304e-01;
1.831134249864343e-02 9.038774365578808e-01;
3.044364502547730e-01 -1.240761574551543e-01;
-1.010561922798156e+00 -4.919465544294694e-01;
-4.079307366695442e-01 -3.004694577284619e+00;
1.896236031006927e+00 1.298022619484544e+00;

-1.276973735539830e+00 -2.241123045110580e+00;
-7.901519173350133e-01 3.980801290412187e-01;
1.581515965364733e-01 -5.604307493523594e-01;
-2.146169864839763e+00 1.835384269764400e+00;
-4.079307366695442e-01 -3.004694577284619e+00;
1.896236031006927e+00 1.298022619484544e+00;

-1.968699157230053e+00 2.404763526853148e-01;
-1.291914854399669e+00 9.201801481896164e-01;
-1.343026672436614e-01 -7.252015000170169e-01;
2.301315376178119e-01 1.044464191327528e+00;
-4.079307366695442e-01 -3.004694577284619e+00;
1.896236031006927e+00 1.298022619484544e+00;

3.832312606734080e+00 -4.049032308118971e+00;
7.152966081419699e-01 6.311491912611977e-01;
2.278526750653646e-01 1.423052102398034e-01;
-6.379944787235637e+00 -1.300771722203571e+00;
-4.079307366695442e-01 -3.004694577284619e+00;
1.896236031006927e+00 1.298022619484544e+00;

