0
9.407871206396029e-02 1.064439300332635e-01
6.435325696379648e-02 6.040819634233624e-01
-4.191166321681413e-01 2.588562358458988e-01
4.354353012400544e-01 1.738751471164494e-01
-1.044578358454359e+00 -1.646072108027220e-01
8.533577277841381e-03 -1.452962302197106e-02

1
4.372063244471217e-01 6.067622853579450e-02
1.257426644442483e+00 4.434669329600244e-01
-9.222637189979994e-01 -1.126471915097042e+00
1.294491572856930e+00 1.119315247115168e-01
-1.056177328428660e+00 -1.718966853835253e-01
6.705240326403772e-03 8.863100357563725e-04

2
3.039588920233767e-01 -6.251948329790220e-01
-8.882394629218108e-01 2.057571463596460e+00
1.109090501636577e-01 5.052934866144708e-01
5.308832888209684e-01 -4.750949967417255e-01
-1.082632286006757e+00 -1.297153637716593e-01
6.274113632126047e-02 7.479764862763906e-03

3
-1.658699999775661e-01 -2.536749250738262e-01
3.910455401904760e-01 1.022360666720727e+00
-1.879153644137371e-01 3.286409138305559e-01
-3.096328929356886e-01 -7.376513067475619e-02
-1.068374521477327e+00 -1.428242952424865e-01
4.239428232115492e-02 -7.491048143622380e-04

4
7.587845748102819e-01 -1.526301080647056e-01
5.564879679100131e-02 -6.424909936601129e-01
-3.366913118445354e-01 6.041403304903543e-01
-8.034918128109795e-01 -2.709716938584684e-01
-1.032224718839768e+00 -1.428976067218612e-01
2.475844173897430e-02 -3.772316069283034e-02

5
1.811478055281759e-01 -1.195275091786528e-01
-7.352634233799767e-03 4.323350182441955e-01
-1.742492006777045e-01 2.748139816781310e-01
-1.467643736069560e-01 2.930982372936738e-01
-1.064858966345958e+00 -1.803428090343994e-01
2.275565766678624e-03 1.387739367813149e-02

6
2.068044928484118e-01 4.211615316482832e-02
4.880346476065719e-01 4.742044488195554e-01
2.304936354183326e-03 3.483829667869378e-01
-4.641391715130376e-01 1.138170265550335e-02
-1.065018146053026e+00 -1.712018555217831e-01
1.171127383636227e-02 9.599883912266604e-03

7
3.281519130117911e-01 1.394341570998077e-01
1.153169300807134e+00 5.547584297146610e-01
-1.612516594816807e-01 -1.029730041476732e+00
5.826246953255589e-01 7.564846927681776e-01
-1.050152696479632e+00 -1.704819899629031e-01
5.226951234029832e-03 -5.968853166264035e-03

8
6.841578754122949e-01 8.307871392159824e-01
7.563771944291989e-01 3.546749289358797e-01
6.337736608042922e-01 -3.770011409795578e-02
4.110310995738935e-02 5.899297089960530e-01
-1.122867672107780e+00 -2.073757770096661e-01
2.778949725708628e-03 8.639793195208308e-02

9
3.993304970272700e-01 -4.394201852531122e-02
3.661823711027791e-01 2.940638399633841e-01
-1.828815435215638e-01 3.314240222747076e-01
-3.184574544406267e-01 -1.795735115733292e-01
-1.011691091461346e+00 -1.156523686065460e-01
4.267695235966376e-02 -7.198034715653180e-02

10
1.099790986590057e-01 4.427798995696200e-03
5.195201059744449e-01 9.751553858516539e-02
-3.704787038464238e-01 1.134562964999271e-01
-2.590901463157602e-01 2.859753532746359e-01
-1.053297762875292e+00 -1.897856785129824e-01
-1.300809404423602e-02 6.628333075437344e-03

11
2.393232845616495e-01 -1.236028547187701e+00
-1.153730123567623e+00 2.560585412083275e-01
-9.276699151728758e-01 -4.862664352378473e-01
5.349220445766961e-01 8.937452238491193e-01
-1.077445074014582e+00 -2.230805550214892e-01
-3.536469223654136e-02 4.752394142000376e-02

12
3.584720473703438e-01 2.363581108467852e-02
-6.031024234307254e-01 6.166150606835874e-01
1.132877921916343e-01 4.265507773776854e-01
1.705686681589699e-01 5.184090300003867e-01
-1.050175323046566e+00 -1.975842985862375e-01
-2.250902677199566e-02 7.220021734132938e-03

13
1.273476476022713e-01 8.786237164480358e-02
-6.965344225409985e-02 -1.923159222482362e-01
-2.172327497561461e-01 7.105220713888695e-01
-6.213136497403934e-01 3.717094469205655e-01
-1.051941389890572e+00 -1.778794044412043e-01
-1.477511380448451e-03 -5.441110043599705e-04

14
4.151134797648505e-01 5.356436406032121e-01
-1.419180699454179e+00 1.951810340975240e+00
1.716068302229366e-01 1.395151949096246e+00
1.451175500762027e+00 -5.484099027040167e-01
-1.058756854005342e+00 -1.635057542880040e-01
1.654883700680983e-02 -5.489385106789557e-04

15
4.877064294151280e-01 1.993732348607204e-01
1.711733492369843e-01 5.858945794818909e-01
2.963473758372920e-01 1.642853254807220e-01
-5.656153966288190e-02 3.347822644974576e-01
-1.022412737511140e+00 -9.160538864301712e-02
7.250426024178790e-02 -7.268517205292996e-02

16
2.874636911685186e-01 -3.369851701926588e-01
6.187315328972446e-01 1.375887852533317e-01
-5.002991971827667e-01 -9.941628681270703e-02
-3.084537494693563e-01 -4.210034888650136e-02
-9.868204218764870e-01 -1.506122910366943e-01
-5.196162287181361e-03 -8.045982794795738e-02

17
9.845495538772850e-03 3.321224316483434e-01
7.764605349631054e-02 7.514396218908181e-02
-3.516507853183403e-01 4.093879982247230e-01
8.802701341135352e-02 5.769879172558429e-01
-1.045959702991691e+00 -1.780046947217311e-01
-4.511554810285259e-03 -6.607216206971235e-03

18
3.167955336567086e-01 -1.526333993569904e-01
4.627265387858305e-01 3.716781251505094e-01
-1.191170297641508e+00 3.152188380695336e-01
6.171355713784048e-01 -9.974739927058294e-01
-1.053990409122642e+00 -1.768912045228838e-01
5.295628882197296e-04 1.073600647622110e-03

19
2.703603355616380e-04 -1.274763990342186e+00
3.055805352442458e-01 3.561885764399681e+00
5.582448927248358e-01 -5.491826836973622e-01
2.949657080192241e-01 -7.039288538856918e-01
-1.078527165797013e+00 -1.252561741327523e-01
6.531221530655089e-02 1.110822428285600e-03

20
3.596502857899456e-01 3.483676404380409e-01
3.042654601471403e-01 -4.083489103844243e-01
-4.867784374426925e-01 8.600716250622545e-02
1.750912196722092e-01 5.534095764807963e-01
-1.049016382976547e+00 -1.645214725785371e-01
1.077725035974629e-02 -1.002768452885061e-02

21
6.308478709754574e-01 -2.843772817917385e-01
2.787196853993854e-01 -1.332582163955412e+00
-6.685795175040610e-01 -7.381294603681308e-02
-7.716937329100504e-01 5.619367518178553e-01
-1.069888676219280e+00 -1.712454484771255e-01
1.403264124595603e-02 1.460744197917155e-02

22
-8.770216685094223e-01 -3.034639605122774e-01
1.181790423713935e+00 1.884499250163547e+00
-1.067207133281828e-01 8.825463189267440e-01
-1.066991334582755e+00 -8.902957364245568e-01
-1.052380549981106e+00 -1.746827740561940e-01
2.008489076491173e-03 -1.647358252828551e-03

23
-9.740956997707430e+00 -7.319859685379115e+00
-9.824041463120950e-02 2.094445940443161e+00
-5.262058477690826e+00 7.521154818171809e-01
-6.748353486107178e+00 3.327344085834738e+00
-1.172717378362974e+00 -2.013259006401299e-01
3.318862918674037e-02 1.344944752563563e-01

24
6.567711085232096e-01 4.692999324326339e-01
2.476142769927973e-02 8.341776149434856e-01
3.157211950518212e-01 3.152014604795394e-01
4.689831116574128e-01 6.429089710165019e-02
-9.980837156641250e-01 -8.138110357988676e-02
7.115323423929254e-02 -1.025596234081076e-01

25
1.967334182790041e-01 -3.686875166736193e-02
8.354271754857022e-01 1.846928943738253e-01
-4.477159123198846e-01 -4.733656160317912e-01
1.316154175068960e-01 4.628527292447828e-01
-1.055413562429986e+00 -1.747644106339443e-01
3.398281939668411e-03 1.497455298339665e-03

26
3.361465507609740e-01 4.606165203679491e-01
8.349875145984025e-01 -2.934696440262271e-02
-2.511783288963704e-01 -9.593162066870867e-02
1.271714438212713e-01 3.977741102442838e-01
-1.053876427982947e+00 -1.917054045775093e-01
-1.469238021042951e-02 8.153323457901769e-03

27
-1.247418350044081e-01 -3.303257422089182e-01
-8.477960939501690e-01 5.171980961783668e-01
-2.646168444608830e-01 7.759156609900628e-01
-2.444207654444397e-01 4.943865126937318e-01
-1.050897204971717e+00 -1.691281907938171e-01
6.974618117641928e-03 -5.864281743159758e-03

28
3.781935701726197e-01 1.285464539979401e-01
2.142254177425274e-01 -5.578967005190850e-01
-4.070330152880750e-01 4.995855731605513e-01
-5.275390305468192e-01 1.994132530778374e-01
-1.065475158237649e+00 -1.863971969527568e-01
-3.623500445436359e-03 1.744933197084482e-02

29
9.295623937661844e-02 -5.329470706181740e-01
4.279098535695333e-03 1.552117330823072e+00
4.387863750616449e-01 -2.626477667003317e-01
-1.340333296004881e-01 5.651991618228314e-01
-1.062741652703010e+00 -1.302316351260808e-01
5.255014920607128e-02 -1.263319762166833e-02

30
6.187340945951065e-02 1.905996329034103e-01
1.214524748326088e-01 -2.174166970005743e-01
-2.272870480208549e-01 7.082693465625242e-01
-6.523367904243013e-01 3.689338170893530e-01
-1.050424476308091e+00 -1.772668090057660e-01
-1.587228146785288e-03 -2.394691688613491e-03

31
2.489250401409822e-01 -1.280862767363032e-01
-6.021529033562838e-02 5.124439075494656e-01
1.665801052983456e-02 2.596337839001175e-01
-2.315310908938066e-01 3.601195022426638e-01
-1.061500487358402e+00 -1.802844151026154e-01
7.038728608310301e-04 1.041066274703923e-02

32
2.711324285481281e-01 7.910754176344831e-02
2.370044314685833e-01 3.496422792591499e-01
-2.024129121583247e-01 2.026391656597998e-01
5.025951259357288e-03 2.104638759691195e-01
-1.058187535823756e+00 -1.207450545379860e-01
6.005008887179600e-02 -2.190401347038123e-02

33
3.261659811601705e-01 1.863069150299810e-01
2.408294212817065e-01 5.113230961105023e-01
-2.786923305918335e-01 2.251232777221053e-01
3.349910189976557e-01 1.122642181823866e-02
-1.048922876193922e+00 -1.267337128598189e-01
4.941841365293927e-02 -2.847988459215093e-02

34
-6.311707251229673e-03 -1.327624361244963e-01
1.046718448570939e+00 1.867033197026871e-01
-2.730616230584355e-01 -2.786240999119018e-01
-5.383020853980490e-01 4.270056256971647e-01
-1.050880547387036e+00 -1.772803217248295e-01
-1.379512903771000e-03 -1.921208228688426e-03

35
-3.042149448054274e-01 -2.624095921788546e-02
1.265665445440086e+00 -1.765151942809970e-01
-7.774551776839468e-01 -8.140619289095440e-01
1.063485371965362e-02 1.086814790355713e+00
-1.053968528813316e+00 -1.775542476671031e-01
-1.598805082359837e-04 1.373291780218071e-03

36
4.755914163496655e-01 -1.075500335006278e+00
-1.034074521176200e+00 5.872451521042542e-02
-1.333540514442539e+00 1.070857904045219e+00
-1.265794625818145e-01 -1.270699007473850e+00
-1.059743794082567e+00 -1.583383720492307e-01
2.231856557552678e-02 -2.048724416366858e-03

37
8.331096957501997e-01 5.063891380928863e-01
2.183753311947094e-01 -4.806952081131617e-01
-9.558726446899587e-01 4.159897150457734e-01
8.348982661290458e-01 -5.389781087619313e-01
-1.078133595185703e+00 -1.983998991340091e-01
-9.762508824185322e-03 3.623951581498803e-02

38
1.160126878166739e-01 -4.319120362447815e-01
3.099126729564851e-01 1.436240674875473e+00
4.755462580651560e-01 -5.377553806854678e-01
-1.046385371622427e-01 7.620852746281367e-01
-1.057257649615840e+00 -1.607360767501194e-01
1.865611386411116e-02 -3.429252183562880e-03

39
6.037495477703920e-01 -1.249896391861478e-01
-3.503899593347902e-01 1.922935931631466e-01
-3.494263457373679e-01 2.732149053099150e-01
2.681403751334286e-01 5.441211057151137e-02
-1.056879888868797e+00 -2.324278348766364e-01
-5.492442653345101e-02 3.101029329938774e-02

40
2.053769854468473e-01 1.000535419872796e-01
5.938019849337071e-01 5.346284016889363e-01
-5.252397006240794e-01 7.494051840477587e-01
-1.514100279675914e-01 -9.082353879093321e-01
-1.047737005285431e+00 -1.763360742444538e-01
-1.939869524164850e-03 -5.598218066352197e-03

41
-1.172805582592122e-01 -1.393467519219678e-01
-3.513574979433520e-01 6.076240659033311e-01
-2.759215053627077e-01 3.944862428858603e-01
4.773717264572589e-02 5.670923592150425e-01
-1.048758105166935e+00 -1.857812794883358e-01
-1.111371224758164e-02 3.544450391343773e-05

42
2.094259898016710e+00 -2.214479407520195e-02
1.617052103529567e+00 -2.175797249042470e+00
-1.780355013414823e+00 -2.313011835623715e+00
1.692421388223700e+00 9.873743973062148e-02
-1.027230469617343e+00 -1.589188086493940e-01
5.930059039128538e-03 -3.505345381543457e-02

43
4.243435407321766e-01 3.862315398259681e-01
7.204068142099981e-01 -7.707990545937218e-02
-7.612852030158649e-01 1.661838721975633e-01
4.689681284971877e-01 -3.003572037802394e-01
-1.072931777495170e+00 -2.108330868951446e-01
-2.501836437525768e-02 3.695373797115381e-02

44
1.003508640741147e+00 2.583246114774114e-01
-4.204127266193565e-01 5.233831187166575e-01
3.028035366526661e+00 6.982037122167227e-01
-2.800091846085184e+00 1.715176515682837e+00
-1.054396222691030e+00 -1.757655034729599e-01
1.879175462360848e-03 9.422259715540091e-04

45
4.398069188941598e-01 -1.141290084637834e-01
-1.202085080194858e-01 1.108625515307800e-01
-1.646987891731788e-01 2.198947508984963e-01
-1.520684843944619e-01 3.350457510785757e-01
-1.048211787360747e+00 -2.403277828122711e-01
-6.722305876086714e-02 2.597363293731445e-02

46
1.344498804230015e-01 -2.301134183365477e-01
7.202556674400361e-01 3.601581829050120e-01
-5.988383963224716e-01 1.462327933438085e-01
-2.354281620468225e-01 -3.626818488797687e-01
-1.043068869675956e+00 -1.875255579257936e-01
-1.566318689455505e-02 -4.941783864827458e-03

47
-3.106668422215081e-01 -6.376873132152561e-01
-2.321469179083124e+00 6.495878479731646e-01
5.132513945787760e-01 1.259349033351328e+00
-9.077404835284713e-01 1.613792137704978e+00
-1.047470935186741e+00 -1.813639155399477e-01
-7.216555095549216e-03 -3.428201371534761e-03

48
-7.944396839184027e-02 1.690447699618319e+00
2.715698068557101e+00 -2.144216720654966e+00
-7.025283239095083e-01 1.502496310337730e+00
-2.003160641569968e+00 -6.832042084660145e-01
-1.037257823478740e+00 -1.903035595015693e-01
-2.133014600601401e-02 -9.541560209499153e-03

49
1.713774048414719e+00 4.400497595103944e+00
3.104365972001303e+00 -5.075741499130297e-01
1.442486774650580e-01 2.479241735043120e+00
1.274926264914244e+00 -3.240851513140466e+00
-9.650103417902540e-01 -1.339532316603410e-01
1.264291780403212e-03 -1.108812944442901e-01

50
-1.362670891995650e-01 -4.387321362386671e-01
1.032811952841142e-01 1.312879545437938e+00
-4.863444858683701e-01 1.726326366516248e-01
3.114664278295888e-01 -2.220972692365501e-01
-1.035563981209848e+00 -1.266425059620036e-01
4.302233033541927e-02 -4.220084321615358e-02

51
4.239809992650354e-01 4.117177389914406e-01
4.329633641220015e-01 -1.902629825107894e-01
-2.007250662612541e-02 4.000387269629522e-01
-3.875840189430751e-01 2.964572687840080e-01
-1.007975377369557e+00 -1.864055745622133e-01
-3.156421617727394e-02 -4.141408040158821e-02

52
1.465627788211767e-01 -4.113481869602994e-01
1.528814400476283e+00 -5.363742560812262e-01
-1.018223404351709e+00 -2.560331113071705e-01
-8.169890524555005e-01 -3.751368668195432e-01
-1.044631468657722e+00 -1.688069407764395e-01
4.259751473924970e-03 -1.243511234930124e-02

53
-4.091408660422010e-01 3.249466310605855e-01
1.160781199072645e+00 1.739004758856814e-01
-5.873060212750135e-01 2.514320040635372e-01
-3.258912505667575e-01 2.227199751025425e-01
-1.039121530050919e+00 -1.834446349559323e-01
-1.340272573899916e-02 -1.096543902067644e-02

54
2.167875666508966e-01 -1.188685720100390e-01
4.181482303871611e-01 5.276350444531371e-01
-5.042666036843957e-01 -6.470648750926415e-02
2.947025448676568e-01 5.876287801816539e-03
-1.041559230232858e+00 -1.828556708039018e-01
-1.161557081345454e-02 -8.755861153254406e-03

55
-4.180005096223651e-01 4.702912525125161e-02
7.239309160942030e-01 5.984793811293526e-01
-6.291418560256192e-01 -1.837872890852806e-01
2.896251094630992e-01 5.995423857591462e-01
-1.038045271596367e+00 -1.829614162949257e-01
-1.343083601564936e-02 -1.230203465303802e-02

56
-2.637835473132353e-01 -2.633717225369132e-01
1.814245913127258e+00 4.788415017424854e-01
-5.502575495393289e-01 -9.339612420242757e-01
-2.697200759330673e-01 4.416644639095722e-01
-1.056087847648177e+00 -1.729452285934033e-01
5.588288449667533e-03 1.304060258965680e-03

57
2.606788846902263e-01 -3.400097471542530e-01
-8.768168755955134e-01 6.797426927179321e-01
-3.589774376451580e-01 3.082656056054858e-01
5.119694567456220e-01 3.936374099097762e-01
-1.022245645510610e+00 -1.710852236955723e-01
-8.947267540384185e-03 -3.424666898686730e-02

58
-1.085043462416675e-01 -4.425616065764815e-02
1.180050150295757e-01 5.012553237979149e-02
-3.244272772053538e-01 6.926487790412919e-01
-6.955061242346584e-01 2.443033104125713e-01
-1.051610383960864e+00 -1.766403272259978e-01
-3.697566872634918e-04 -1.484906980015898e-03

59
-2.925410602854235e-01 -1.795474584676656e-01
5.252931367933490e-01 9.262546896362865e-01
-3.136040623143835e-01 4.149898430618051e-01
-3.605085814354153e-01 -1.176218062295505e-01
-1.047402122732203e+00 -1.587362280056409e-01
1.591593150252747e-02 -1.449068746123866e-02

60
2.716633100753931e-01 2.663684866211900e-01
5.483623026694966e-01 -8.508906021456937e-02
-4.963918327598074e-01 1.633972895125194e-01
7.270767194873359e-02 1.565699410548358e-01
-1.056972968786173e+00 -2.064047597399827e-01
-2.823714519008722e-02 1.846414517865274e-02

61
-5.434091391009311e-01 -1.167272377879024e-01
-3.784075366575658e-01 -4.216940475809805e-01
-5.050979869672736e-01 1.369847192644292e+00
-1.333591528730566e+00 4.940482597472892e-01
-1.052515490546704e+00 -1.795662336361437e-01
-2.925578256984306e-03 8.630701384004446e-04

62
-2.154211917350513e-01 -5.576835631411445e-02
7.787308963090699e-01 -6.411003118472990e-01
-8.702375316804107e-01 2.849386653316128e-02
-5.591282598796905e-01 6.174698699708099e-01
-1.051396359541151e+00 -1.798135923394142e-01
-3.722470105405402e-03 -1.625192782055416e-04

63
-2.894573868718453e-01 -9.932580712334430e-01
1.057183063678012e+00 2.804921724527664e+00
4.717312256632487e-01 -5.707383076622118e-01
-3.962092075950701e-01 -3.538876209816718e-01
-1.070496432948148e+00 -1.238163626101475e-01
6.288511969044132e-02 -7.810360040776779e-03

64
-4.799478158495441e-01 -4.114415646207165e-01
2.060551252358807e-01 6.024187823316964e-01
-5.000935032197075e-01 2.851283617376257e-01
-4.551163533529772e-01 4.211893690718926e-01
-1.065229862945298e+00 -2.153919699174421e-01
-3.342710791701979e-02 3.128323005142663e-02

65
-1.822658341747088e-01 -4.874708726454773e-02
5.426083389938063e-01 -5.474951631322185e-02
-5.759135642484096e-01 1.194544121512078e-01
-3.602082392320820e-01 5.186176313797550e-01
-1.051826798757897e+00 -1.828396163574422e-01
-6.611373750492500e-03 1.748134888417814e-03

66
3.691411341821821e-01 -1.853426415648075e-02
-3.899300116207793e-01 5.557374112476403e-01
1.928157485855984e-01 5.045462323628389e-01
-1.929500470805381e-01 3.471448604143673e-01
-1.046991673850543e+00 -1.843415029904309e-01
-1.049778272948242e-02 -2.472415502780666e-03

67
-4.675614378238017e-01 1.659339971665945e+00
3.997247615567980e-01 1.535333331698905e+00
5.403464876731363e-01 8.221482276250585e-01
9.978596915860293e-01 8.552418935578948e-01
-1.109323170352715e+00 -2.114568475404282e-01
-7.978817356048110e-03 7.451375300982292e-02

68
-7.963855594371431e-02 -2.182814315766272e-01
3.003325908293293e-02 -1.765893267305597e-01
-6.379871667815392e-01 2.449696666096782e-01
-3.155244227302385e-01 5.784472524960014e-01
-1.046909107839575e+00 -1.824042876672403e-01
-8.554597185798086e-03 -3.498002377518204e-03

69
1.260681035510800e-01 6.774821043349040e-01
5.275859008522064e-01 4.330177449375462e-02
-1.986463894143905e-01 3.888921413368833e-01
9.982246985967357e-02 4.342366562731461e-01
-1.006266680113223e+00 -1.756876174578391e-01
-2.142136746651882e-02 -4.836997075516809e-02

70
8.623093355432330e-01 -1.154858394249828e-01
4.446047129568433e-01 6.814839004577007e-01
4.527324796292115e-01 1.120028169359272e-01
-4.830918474006564e-01 -3.275982853857548e-01
-9.437294485442516e-01 -1.164502905778493e-01
8.845767711023144e-03 -1.411709260761252e-01

71
3.104317273849510e-01 1.206309053230208e-01
3.678407933770504e-01 -8.808865520067745e-02
-2.637015587090120e-01 2.734506613697963e-01
-3.085972517751582e-01 2.330874024102087e-01
-1.051537521138509e+00 -2.064531229279328e-01
-3.092708061547369e-02 1.292290267920419e-02

72
1.460157595227220e-01 -4.724298438793795e-03
1.064015067316060e-02 5.362673765886232e-01
-4.281943858733966e-01 1.531475769217468e-01
4.029516122798097e-01 2.493874353464367e-01
-1.044231284565398e+00 -1.684172909779662e-01
4.464268859909177e-03 -1.303409866922603e-02

73
5.238234271202062e-02 -3.295639365317277e-01
-1.695094100472882e-01 1.264585405684392e+00
-3.777174515795846e-01 4.856537338763858e-01
3.020243679369859e-01 -4.256600458534253e-01
-1.082187219225660e+00 -1.730042863150441e-01
1.820633117091729e-02 2.805292560510198e-02

74
2.566595890551544e-01 -1.326261647123085e-01
7.288908107977735e-01 -1.085942616064223e-01
-5.015557353174926e-01 -3.450055199110298e-01
-1.376883281026416e-01 4.236767913794837e-01
-1.043658614066003e+00 -1.753892681310116e-01
-2.951735953564523e-03 -1.023355645603026e-02

75
6.600466298522158e-01 -2.846262414336242e-01
-7.238533408365577e-01 -2.919158678466379e-01
-9.318781674869597e-01 7.682992440263585e-02
7.674760869044813e-01 2.475378506123407e-01
-1.069081514480302e+00 -1.654672216626666e-01
1.955620854683098e-02 1.097414443080066e-02

76
5.795972624543032e-01 -7.488584853764217e-01
-4.412538067461751e-01 5.949955174044370e-01
-1.386662421419159e-01 5.643556161719817e-01
-5.818644373673595e-01 -5.377884129503430e-01
-1.054963631911544e+00 -2.319790103884861e-01
-5.539580203267866e-02 2.883042673240635e-02

77
5.738355631462275e-01 5.764855538354990e-02
-8.430121868060740e-01 -7.613568785855436e-01
-2.598733642955847e-01 5.722066532613005e-01
-2.374081322232871e-01 8.508066743328389e-01
-1.039047760354313e+00 -1.889055525503970e-01
-1.902937350871508e-02 -8.388168812422480e-03

78
6.031321159598818e-02 -2.759512902267848e-01
-1.896979135859735e-01 9.054389844369911e-01
-4.060614205697927e-02 2.958598015403843e-01
-9.687422074868163e-02 2.845683374168004e-01
-1.060667113720434e+00 -1.108668822159107e-01
7.136775019082374e-02 -2.416405640708627e-02

79
-1.150519416146998e-01 4.237622994699634e-01
8.317111534743149e-01 7.175234191762724e-01
1.359347562016959e-01 -1.360550529095406e-01
2.531692130899277e-02 7.959766804794288e-01
-1.055554301055937e+00 -1.719061935461252e-01
6.392852898092910e-03 2.530820685928362e-04

80
3.018992011851939e-01 -1.632964427913261e-01
4.317564254267530e-01 3.111429457060471e-01
-3.694738914770744e-01 -1.906351615766228e-01
6.794553500076307e-02 2.465841228510606e-01
-1.013838922617023e+00 -1.493891113426851e-01
9.181110293801049e-03 -5.339285380764008e-02

81
5.474326697753553e-01 -7.812443067887655e-02
-1.122077918316733e-01 1.544900608847682e-01
-2.694266512435186e-04 2.080113015786404e-01
-2.032869691971904e-01 3.306022491165221e-01
-1.038751473502902e+00 -2.629648430077796e-01
-9.499418258891988e-02 2.728488406509837e-02

82
2.012123369901067e-01 1.373510643675140e-01
2.996107885562465e-01 1.094053806923940e+00
-3.242773674488366e-01 5.681662990262559e-01
3.901398801511456e-01 -6.676227236710132e-01
-1.057626071186580e+00 -1.789765276836970e-01
1.607631154961602e-04 5.808745776711821e-03

83
1.997221208397340e-01 -6.537082049265497e-01
-2.933610804231832e-01 -4.560615950156608e-01
-8.032287776192343e-01 2.668903502445309e-01
-5.400273031199262e-01 3.035925646317298e-01
-1.013042791953928e+00 -1.475207643102610e-01
1.070715529452154e-02 -5.511552361161264e-02

84
1.853890450913082e-01 -6.906303522577867e-02
3.789745781014186e-02 4.273627079247755e-01
-1.906976767450164e-01 3.419704280675983e-01
-1.498980616275457e-01 1.965985841670244e-01
-1.058100758030328e+00 -1.777488480420236e-01
1.648237098642282e-03 5.698343634746570e-03

85
4.114703646756392e-01 1.167704514507341e+00
1.251026124262081e+00 1.057079169196207e+00
1.447789895126362e-01 -3.641704389160584e-01
1.291213423187271e+00 2.642631066834683e-01
-1.078040462595379e+00 -1.902501666818907e-01
-1.464167003661088e-03 3.218520576339640e-02

86
1.182854253340469e-01 -7.274376471504876e-01
-8.383768677488350e-02 2.021390641272004e+00
5.665321097175871e-01 -1.302975048993727e+00
6.908880983545073e-01 1.447453971518764e+00
-1.062744012758197e+00 -1.762240006722050e-01
5.464946616670116e-03 9.711306159479858e-03

87
-1.486080279149339e-01 5.667571314901056e-02
2.743053574267565e-01 6.531934989256062e-01
-2.170451372838386e-01 4.004452463443264e-01
-1.531859654401450e-01 2.563425599936298e-01
-1.060330487493748e+00 -1.676732574570819e-01
1.304664159342851e-02 3.086607836253926e-03

88
-4.296838500622890e-01 -1.192033983173272e-01
2.203242395056669e-01 7.377138970484874e-01
-7.021751235693031e-01 -8.353885967985723e-02
4.983583145114613e-01 6.487217324715092e-01
-1.041159778482974e+00 -1.655660159922178e-01
5.891294204671041e-03 -1.756375137382915e-02

89
-8.717417118824776e-02 -2.865525869314040e-01
1.270299472255956e-01 8.787362825913116e-01
-2.799092336167600e-01 9.818362384686474e-02
2.059666991668686e-02 2.748350712688948e-01
-1.052270964125449e+00 -1.093052930882938e-01
6.888781732437725e-02 -3.351850440051141e-02

90
-1.531668773423772e+00 -1.845537343413432e-01
8.576704391742171e-01 1.628561014854881e+00
-7.535940666979118e-01 1.260805098727307e+00
-7.990620295929481e-01 -5.803394646016324e-01
-1.075267564485709e+00 -2.010037589054298e-01
-1.382055969410458e-02 3.457021140020257e-02

91
4.446692155546503e-01 -2.310085123137674e-01
6.142246948654962e-01 4.268135400545314e-01
-4.957342968077840e-01 -2.939557365666247e-01
2.405037922986436e-01 -1.371945775586779e-01
-9.966097231766700e-01 -1.458192923229254e-01
4.466272602931393e-03 -7.276601057799252e-02

92
6.812842399576591e-01 -1.640681037784670e-01
4.859313034499970e-01 -7.784948005329853e-01
-7.264571702737325e-01 -5.610768945005603e-01
9.593936048046828e-02 5.555209007417183e-01
-1.026915022096621e+00 -1.487652733301969e-01
1.617187083610159e-02 -4.030877053246384e-02

93
7.054361287769977e-01 1.561284061649605e-01
-3.213292894297096e-01 1.091341685327192e-01
-9.819865370981437e-02 3.103920745269453e-01
2.673276610697012e-01 2.439872073407920e-01
-1.047798168898001e+00 -2.658162920675672e-01
-9.351876956396768e-02 3.793193767894428e-02

94
6.905538018671453e-01 -4.513798351786126e-01
9.368333320410674e-02 8.206162446971629e-02
-3.052191929508443e-02 -3.609989638463185e-01
-2.884006333032177e-01 4.819354656102359e-01
-1.150929370609996e+00 -2.334682300866752e-01
-1.030238280073827e-02 1.278022559119319e-01

95
1.862273015906012e-01 3.565645774038985e-01
3.955053695413068e-01 -2.280824299347349e+00
-1.378786183872980e+00 6.900652710056546e-01
-7.829916877569600e-01 5.043012765492156e-01
-1.048949684722030e+00 -1.729429291349054e-01
2.123078814890228e-03 -6.005009449608198e-03

96
1.592640083572913e+00 4.881174091515184e-01
-1.311995273576218e-02 -2.461853388311494e-01
5.875908870233706e-01 -4.279316135954729e-01
4.392603292232734e-01 6.702324358084795e-01
-1.178711686470927e+00 -2.198537022470772e-01
1.713202570286733e-02 1.496317668909982e-01

97
-2.547083747176925e-01 1.231495492914908e-02
3.512437194901813e-01 6.846368574955317e-01
-2.290161307211241e-01 4.704919351090575e-01
-3.184459074357640e-01 2.015489880811062e-01
-1.058496922003908e+00 -1.712045561071484e-01
8.540640670010976e-03 2.924856623116518e-03

98
1.213864632169077e+00 -4.979929596202859e-01
1.158984938721233e-01 -8.117562621968150e-01
9.084495545170891e-03 -7.113927894875104e-01
-5.336457795219055e-01 7.841188414798432e-01
-1.115551757626493e+00 -2.445267444289344e-01
-3.880960957045426e-02 9.695512898759924e-02

99
4.339340658859861e-01 7.104492005548811e-02
3.368100701870034e-01 -1.514522880013643e-01
-1.782104397699763e-01 1.324826544816975e-01
-3.222810939964512e-01 3.437915559354482e-01
-1.045980104325923e+00 -2.109588899885785e-01
-3.823969456282755e-02 9.422099369102909e-03

100
2.155186232290582e-01 -1.275289450539836e-01
3.653358447812388e-01 3.453035696827444e-01
-3.479858300459352e-01 -9.961476290526447e-02
4.294646902606391e-02 3.088796144061094e-01
-1.036116571361373e+00 -1.694121632401221e-01
-4.962182351867626e-04 -2.085854281105505e-02

101
-6.454617657283582e-02 -3.959526947685471e-01
1.709185382439448e-01 1.354739959177778e+00
4.045784007155297e-02 3.126311818128978e-01
-2.936929974400233e-01 -1.119158959106138e-01
-1.075474527037080e+00 -1.250114309765172e-01
6.407987467355830e-02 -2.133317885956520e-03

102
4.402856311088434e-01 2.450259503791425e-01
1.697255809151275e-01 -4.641411450132203e-01
-6.355364527612921e-01 3.717301101641287e-01
7.652392678958217e-02 1.192039941558769e-01
-1.061077499081454e+00 -1.846895403052658e-01
-4.011511996427377e-03 1.211752688706241e-02

103
4.948533315353796e-01 -1.798543387847534e-01
6.976025142363826e-01 1.146056703216352e+00
7.570325540238911e-01 7.151789081505497e-02
-8.471700272936277e-01 -1.142712026211717e-01
-1.043454875987872e+00 -1.626781103918916e-01
9.962800385858254e-03 -1.661694374963658e-02

104
1.908561117399205e-01 2.286007037727047e-01
9.066290801940047e-01 -3.300808755182879e-01
-3.617203918363694e-01 -1.704367406284736e-01
-2.942854753419900e-01 5.910703306239166e-01
-1.045739946703072e+00 -1.727241550771635e-01
7.878359852970577e-04 -9.397370595552143e-03

105
2.393260595858524e-01 -9.446365339208907e-03
-1.758502543479429e-01 6.547390525040235e-01
-1.492404246363180e-01 1.719424360558990e-01
3.220498767746029e-01 3.905310515004252e-01
-1.041801857591258e+00 -1.852819504275710e-01
-1.398169932792583e-02 -7.328828914839220e-03

106
1.332688433774791e+00 -6.344790003274978e-01
-8.881813139217141e-01 6.200679663836199e-01
2.551432649178256e-01 8.838229932130803e-01
-4.823853303385455e-01 -1.112406850282821e+00
-1.045581862384086e+00 -2.457799703527414e-01
-7.408249327933519e-02 2.592970578054624e-02

107
1.929841970846707e+00 -1.765426127097981e-01
-3.958057940954796e-01 -9.919172496302132e-01
-1.503078668957465e+00 5.330565117379600e-01
1.045875118536257e+00 -1.931300808077762e+00
-1.072834239580768e+00 -1.831090322537049e-01
3.317758324704070e-03 2.338613921859515e-02

