52                                               

-3.423458384904709e+00 1.460091042720668e-02
-1.353290059038031e+00 -2.303854284782807e-01
4.280978881185679e-01 6.129412165144600e-01
1.000000000000000e+00 0.000000000000000e+00
-3.170168492438974e-02 5.899951182582858e-03

-2.861474040011553e+00 -2.902107890312016e-01
3.843869874690666e-01 -3.644618801067969e-01
6.881153025991316e-01 -3.120437634013375e-01
1.000000000000000e+00 0.000000000000000e+00
-3.471040636486888e-02 2.424789820208761e-02

2.069887148340639e-01 -8.338847512548981e-01
-5.061931529353436e-01 7.644482380947963e-01
-9.402749102051493e-01 -5.466498662612383e-01
1.000000000000000e+00 0.000000000000000e+00
-1.772319961571894e-02 3.621668202144113e-02

8.655297270015999e-01 -4.180627884721854e-01
3.028889693182560e-01 -5.640279421520858e-01
4.622659673234098e-01 2.996554232884640e-01
1.000000000000000e+00 0.000000000000000e+00
1.774445455382677e-03 -6.883393846347789e-02

9.106722318656401e-01 9.374309219935635e-01
-5.429364857717565e-01 7.534112601879370e-01
-7.372486081860722e-01 -4.376462520591557e-01
1.000000000000000e+00 0.000000000000000e+00
-3.012073595483910e-02 6.669203950061504e-02

-1.268818750341646e+00 -1.200078097259478e+00
2.040591225536933e-01 -1.223240020766855e+00
-5.928686024178766e-01 9.463020144438216e-01
1.000000000000000e+00 0.000000000000000e+00
2.582385387491598e-02 -1.299279180736951e-02

6.399132462965851e-01 9.410834714119624e-01
6.274622881894836e-01 1.699388883941551e-01
1.147121363333605e-01 6.022918066452271e-01
1.000000000000000e+00 0.000000000000000e+00
-2.630313240964848e-02 8.612957408609803e-02

5.842532447548919e-01 1.313342881117964e+00
-5.830256119457596e-01 -1.015485332073481e+00
-5.496156771931169e-01 -5.905344913992553e-01
1.000000000000000e+00 0.000000000000000e+00
2.528916645725755e-02 7.982273334942216e-02

-2.982102582177548e+00 2.762006224901714e-01
1.861908433541605e-01 6.875400276045811e-01
3.950860645961999e-01 5.729466367183594e-01
1.000000000000000e+00 0.000000000000000e+00
-4.083564599898182e-02 4.554876582846599e-03

3.376940454945010e-02 -8.892277663851131e-01
-6.416357954492330e-01 8.309128938580889e-01
9.771572846171032e-01 5.189693366406104e-01
1.000000000000000e+00 0.000000000000000e+00
-2.630124691529838e-03 8.684757687215330e-04

-6.223740676394007e-02 -1.270810711853401e-01
3.231607330373902e-01 -3.196704000974282e-01
2.657615030595603e-01 -5.306715792697347e-01
1.000000000000000e+00 0.000000000000000e+00
-5.712328246929747e-02 -1.211975637179486e-01

6.136272946676337e-01 9.112712159037138e-01
6.104276727693363e-01 1.630119495809981e-01
5.297354957635845e-01 -1.652920735616924e-01
1.000000000000000e+00 0.000000000000000e+00
-2.837950344898506e-02 9.377068403004950e-02

8.158768146914706e-01 -1.330199566357848e+00
-5.935043757603489e-01 3.990701542232459e-01
6.419030233435797e-01 2.708505517871834e-01
1.000000000000000e+00 0.000000000000000e+00
1.503324053389562e-02 -1.581882735780206e-02

-3.680003740976161e-01 -1.175941440540074e+00
-5.754945223485430e-02 1.109819601013423e+00
-6.017621748158088e-01 1.184848233053151e+00
1.000000000000000e+00 0.000000000000000e+00
1.732210678873168e-02 -5.848557582229665e-03

-2.852071496403443e+00 3.863143217566963e-01
1.871310185533846e-01 7.016889918718773e-01
-9.922930088644838e-01 -5.343483298936269e-02
1.000000000000000e+00 0.000000000000000e+00
-4.974959338737800e-02 -3.146314908721654e-03

1.135510642619440e+00 9.262484477798258e-01
-5.365990192209852e-01 7.707974563727363e-01
2.420629268009609e-01 6.524617889247978e-01
1.000000000000000e+00 0.000000000000000e+00
-3.400561010876373e-02 4.170103614548392e-02

1.130261578781750e+00 9.246792765363586e-01
-5.366022900259155e-01 7.703888494691585e-01
6.358257481020428e-01 -2.444584552694412e-01
1.000000000000000e+00 0.000000000000000e+00
-3.419763364076005e-02 4.214059076858052e-02

-3.891055382758984e-02 -6.544759651982915e-01
-4.006831453375380e-01 9.027876423337512e-01
5.231436335359424e-01 -9.403342916872369e-01
1.000000000000000e+00 0.000000000000000e+00
-6.593399041420963e-03 -2.688230167450737e-02

-6.122672264282260e-01 1.103569382005297e-01
-6.028318972545420e-01 2.605600679838643e-01
5.233554414249519e-01 2.208247245644623e-01
1.000000000000000e+00 0.000000000000000e+00
3.998503134649064e-02 -4.175865323540524e-02

2.678662870140052e-01 -6.808635113743524e-01
-9.690883763428573e-01 -9.914782036877275e-01
7.575732308798897e-01 -2.003152990938319e-01
1.000000000000000e+00 0.000000000000000e+00
-1.533963779793767e-02 2.735013959053501e-02

1.088681691063827e+00 -1.172620208832467e+00
-4.061524588883896e-01 8.718160243266160e-01
3.467589279214456e-01 -1.127863359097290e+00
1.000000000000000e+00 0.000000000000000e+00
7.628618151599609e-03 -2.333916159750563e-02

-3.395067651375887e-01 2.159849741692295e-01
-3.803388165606784e-01 2.920041209020153e-01
-5.328072480325058e-01 5.482769865038317e-01
1.000000000000000e+00 0.000000000000000e+00
5.341213813671863e-02 -6.161861232013785e-02

1.817296616142016e-01 -6.460628777218987e-01
4.903503666205191e-01 1.441350592092633e-01
-5.512854411811480e-01 -4.968631433183457e-01
1.000000000000000e+00 0.000000000000000e+00
9.373780264631829e-03 1.041535318813086e-01

-2.862440357186535e+00 -2.831435607584302e-01
3.883404702698030e-01 -3.675703119100170e-01
3.257232261254169e-01 6.482955955361733e-01
1.000000000000000e+00 0.000000000000000e+00
-3.499466448338016e-02 2.383433617339399e-02

1.343827629543646e-01 -8.562628122894639e-01
5.664791110112503e-01 6.577119916522868e-01
-1.524572637780136e-02 1.027031061908098e+00
1.000000000000000e+00 0.000000000000000e+00
1.581562204371199e-02 2.078355707229609e-02

7.148230321617143e-01 -1.433505693691727e+00
-3.071820138503539e-01 9.417048540752445e-01
6.470765782627003e-01 2.694482242680837e-01
1.000000000000000e+00 0.000000000000000e+00
1.493339849368441e-02 -1.493773608926094e-02

-2.988694024581041e+00 2.524422611543720e-01
1.873303553793970e-01 6.855116664405144e-01
6.785341758613987e-01 -4.344114709099812e-01
1.000000000000000e+00 0.000000000000000e+00
-4.022238822841742e-02 5.854442415891638e-03

-1.111524467278336e+00 -7.797335049506475e-01
3.274247222367647e-01 -1.033356772953935e+00
1.194046855119908e-01 -9.790685231128616e-01
1.000000000000000e+00 0.000000000000000e+00
2.576018962374451e-02 -3.200669656945401e-02

9.628586546343949e-01 -3.281683359315163e-01
4.320235123712253e-01 -5.379064290568115e-01
3.371925935000430e-01 -7.176631858417750e-01
1.000000000000000e+00 0.000000000000000e+00
-1.425398273247072e-02 -6.065801048968101e-02

1.833726000612453e-01 -7.707637128571282e-01
4.957832572963471e-01 3.939535745279739e-01
6.339899651445086e-01 -1.784500621882922e-02
1.000000000000000e+00 0.000000000000000e+00
2.415872732944685e-02 4.139050152621046e-02

4.160812541795237e-01 8.713743508346214e-01
5.202842806584306e-01 1.903796260760089e-01
-5.027336989634734e-01 -4.411829537498163e-01
1.000000000000000e+00 0.000000000000000e+00
8.753330969634182e-03 1.367135048625324e-01

4.406576210781777e-01 -9.461999147049976e-01
-7.953786908379176e-02 5.219904747895369e-01
-4.452193535739961e-01 8.507734304828302e-01
1.000000000000000e+00 0.000000000000000e+00
3.976109817712619e-02 -8.359279160919485e-03

-9.298797866927104e-01 1.091460653861110e-01
-6.910428086111774e-01 2.817269962562210e-01
1.140642900085537e-02 -9.124088818378053e-01
1.000000000000000e+00 0.000000000000000e+00
4.145681486937118e-02 -3.131867504537428e-02

-6.421260267164882e-01 -1.262200808253698e+00
-6.791348031050598e-01 3.931377416235096e-01
-6.410374899115538e-01 1.244041830243686e+00
1.000000000000000e+00 0.000000000000000e+00
1.517229466199954e-02 -5.750987908462952e-03

-3.265831486351879e+00 9.105216362079216e-02
-1.296040040189421e+00 -1.665322289663336e-01
-1.082130238350974e+00 -1.152505292829540e-01
1.000000000000000e+00 0.000000000000000e+00
-3.981930207453697e-02 2.959945706281701e-03

7.378080569828585e-01 1.316862217391555e+00
-6.532183067983340e-01 -1.010393125446701e+00
6.118754409918026e-02 6.776493036184315e-01
1.000000000000000e+00 0.000000000000000e+00
4.503206316054185e-03 7.158358975799779e-02

-3.134122240028660e-01 2.437192397758980e-01
-2.311268064735041e-01 3.662089530630423e-01
-4.960870317519622e-01 5.362574929680503e-01
1.000000000000000e+00 0.000000000000000e+00
6.488781389920899e-02 -6.385840987693128e-02

3.724666356939101e-01 -6.781948742796421e-01
-6.913964822620053e-01 -1.021283602015632e+00
-7.084088132520358e-01 -6.579819937465498e-01
1.000000000000000e+00 0.000000000000000e+00
5.587514400034600e-03 5.304674793940563e-02

1.268740287082551e+00 -1.157038853154069e+00
-7.532417705926218e-01 2.556776129187707e-01
4.068168833375704e-01 -1.151837849778653e+00
1.000000000000000e+00 0.000000000000000e+00
5.100938832866603e-03 -2.157028910989685e-02

-2.757231504072414e+00 -1.867438372407929e-01
3.847881844171854e-01 -4.620553236827609e-01
-9.540897546518694e-01 -2.491272422964778e-01
1.000000000000000e+00 0.000000000000000e+00
-4.653521055874613e-02 2.193691867982791e-02

-1.088574235756249e+00 -1.025332457185159e+00
3.239607370465649e-01 -1.159445882299893e+00
6.018159199300596e-01 2.465110739025859e-01
1.000000000000000e+00 0.000000000000000e+00
2.255478138878490e-02 -2.133460520265186e-02

7.125194802026753e-01 1.312919418061983e+00
-6.415182549566683e-01 -1.009677053924619e+00
5.753419475941126e-01 -1.002616441811990e-01
1.000000000000000e+00 0.000000000000000e+00
7.110766749913571e-03 7.373805672472344e-02

2.676248809822402e-01 -6.683323253210157e-01
-9.586803610857509e-01 -9.558439229105695e-01
2.965419157321134e-01 7.574051243359663e-01
1.000000000000000e+00 0.000000000000000e+00
-1.826645221236968e-02 2.821867405141344e-02

-4.680412513322731e-01 2.263085435276488e-01
-8.416148112266336e-02 5.209670263490892e-01
4.896272489302050e-01 1.791093146356731e-01
1.000000000000000e+00 0.000000000000000e+00
6.835203368006039e-02 -4.744304464649667e-02

-1.105025941500191e-01 8.603896498815902e-02
1.407860455999841e-01 -3.357404396743282e-01
-5.739030399242038e-01 2.995440790816848e-01
1.000000000000000e+00 0.000000000000000e+00
-9.909558246884324e-03 -1.370756351926979e-01

-6.698587140558521e-02 -4.420755902779598e-02
2.643014610706629e-01 -3.173681399888095e-01
3.622759358870845e-01 2.915569370119201e-01
1.000000000000000e+00 0.000000000000000e+00
-4.111645756457298e-02 -1.331088486282505e-01

7.543675266187683e-01 -4.941847168053710e-01
1.088899861085812e-01 -5.637668904956561e-01
-6.208137038017976e-01 4.704079298666898e-01
1.000000000000000e+00 0.000000000000000e+00
2.538640988104610e-02 -7.733844501607143e-02

5.059606294231955e-01 -1.011809318759941e+00
-3.062895022610306e-01 5.653243433484163e-01
-5.045357279951171e-01 8.638871939248084e-01
1.000000000000000e+00 0.000000000000000e+00
3.526546508199375e-02 -1.255500489244122e-02

-3.429113186127048e+00 -1.080355555923079e-02
-1.351410472779065e+00 -2.431837743375416e-01
7.511265186506620e-01 -4.282337698785714e-01
1.000000000000000e+00 0.000000000000000e+00
-3.124015911852578e-02 6.859351506292877e-03

-5.758710838376568e-02 -8.581370812263802e-01
-7.003574798509287e-01 1.147992001803907e+00
7.572277605346849e-01 3.838737960588394e-01
1.000000000000000e+00 0.000000000000000e+00
9.843546665276751e-04 -6.382064587899540e-03

-6.977320832152093e-01 2.763460383842369e-01
2.245778699929224e-02 5.915334740227509e-01
-6.481728197852993e-02 -7.853207074416808e-01
1.000000000000000e+00 0.000000000000000e+00
7.009214383027657e-02 -3.396828746976790e-02

-8.521313456028448e-02 -6.968076933460817e-01
-1.326880786308722e+00 1.135599329136084e-01
8.944020916775456e-01 -1.130287450717523e+00
1.000000000000000e+00 0.000000000000000e+00
-5.507520830686360e-03 -1.136509697467680e-02

