108

3.210380568433932e-01 -2.482750657628701e-01;
-1.933811284222427e-01 1.544066019853041e-01;
-3.943422977139425e-01 1.695733819227672e-01;
-1.252191864433171e-03 3.190476020904053e-01;
-7.269229746738929e-01 1.258543355436411e+00;
1.311225430533469e+00 -1.031076311316086e+00;

4.708273315577465e-01 -2.469545819699143e-01;
-2.199075496087372e-01 -1.696641607874666e-02;
-4.444295340810456e-01 2.458778095106573e-01;
-4.145522325186680e-02 1.463651039581998e-01;
-7.269229746738929e-01 1.258543355436411e+00;
1.311225430533469e+00 -1.031076311316086e+00;

3.655849798116038e-01 -4.497422927160613e-01;
-4.318837050523659e-01 1.412214301240901e-01;
-3.058212612494502e-01 2.588532953614026e-01;
-2.454242400577083e-01 3.239180745605345e-01;
-7.269229746738929e-01 1.258543355436411e+00;
1.311225430533469e+00 -1.031076311316086e+00;

2.365189127992841e-01 -1.027583395627689e-01;
-1.682889282225842e-01 4.223707631572298e-01;
-2.897573996277338e-01 4.350327969458424e-01;
-7.514243543518291e-03 9.562320292638149e-02;
-7.269229746738929e-01 1.258543355436411e+00;
1.311225430533469e+00 -1.031076311316086e+00;

3.914603957343883e-01 -2.963741076209196e-01;
-3.499238115183197e-01 2.307589589804444e-01;
-2.595152821544954e-01 4.488687060381117e-01;
-2.338671096530010e-01 7.982243444891253e-02;
-7.269229746738929e-01 1.258543355436411e+00;
1.311225430533469e+00 -1.031076311316086e+00;

2.481983925082904e-01 -4.365525537393751e-01;
-5.186316590596171e-01 3.614372431089827e-01;
-2.459564039959967e-01 4.256583919830651e-01;
-2.647716992702399e-01 2.605992438895967e-01;
-7.269229746738929e-01 1.258543355436411e+00;
1.311225430533469e+00 -1.031076311316086e+00;

5.689817284940630e-01 1.097174290129912e-01;
4.619231857499690e-01 3.902691553505981e-01;
3.425012996764243e-01 2.164678156248153e-01;
-5.315159734160353e-01 8.804885776330233e-02;
-7.269229746738929e-01 1.258543355436411e+00;
1.311225430533469e+00 -1.031076311316086e+00;

3.038668853738242e-01 5.621933599091311e-02;
7.215783795403421e-01 4.145746317361271e-01;
2.693086440024366e-01 -4.778786161577556e-01;
-2.493194389066671e-01 8.708081231062632e-01;
-7.269229746738929e-01 1.258543355436411e+00;
1.311225430533469e+00 -1.031076311316086e+00;

4.699460483799637e-01 5.647316885272082e-02;
5.623055925128910e-01 4.312400440864240e-01;
3.970792635683727e-01 -6.862364137022051e-02;
-5.135926405385856e-01 4.335126450832566e-01;
-7.269229746738929e-01 1.258543355436411e+00;
1.311225430533469e+00 -1.031076311316086e+00;

-3.757393336360111e-02 -3.408279894288408e-01;
-1.148754186854126e+00 -4.247651042804747e-04;
-7.324070361289638e-02 5.256195510365971e-01;
-4.209354356101567e-01 1.334431817042526e+00;
-7.269229746738929e-01 1.258543355436411e+00;
1.311225430533469e+00 -1.031076311316086e+00;

8.569069689951871e-02 -5.516902438256092e-01;
7.086250280899486e-01 3.933413891902279e-01;
-6.372369226709526e-01 -2.032489382991193e-01;
-2.974567037062968e-01 -1.149570910069776e-01;
-7.269229746738929e-01 1.258543355436411e+00;
1.311225430533469e+00 -1.031076311316086e+00;

4.024273677741596e-02 -4.451187953442805e-01;
-1.888923371906741e-01 3.186661952941470e-01;
-3.284137860312744e-01 1.061572129617079e-01;
-2.692375994075931e-01 5.744654982480689e-01;
-7.269229746738929e-01 1.258543355436411e+00;
1.311225430533469e+00 -1.031076311316086e+00;

1.332795060550635e-02 -1.599388158153544e-01;
-9.054753072997309e-01 4.057567123565510e-01;
-1.731188127752077e-02 4.213582249622886e-01;
-2.408557912153285e-02 1.091174943988060e+00;
-7.269229746738929e-01 1.258543355436411e+00;
1.311225430533469e+00 -1.031076311316086e+00;

3.485951623821996e-01 5.182153485307869e-02;
-3.447123320656010e-01 -1.263338284900606e-01;
-1.187900493758249e-01 5.847212895549485e-01;
-3.587367416710693e-01 4.629867759558461e-01;
-7.269229746738929e-01 1.258543355436411e+00;
1.311225430533469e+00 -1.031076311316086e+00;

2.098982489047138e-01 2.616709290846943e-01;
-1.461530872351891e-02 2.362832741624983e-01;
-2.210641043797684e-01 5.182206166489425e-01;
4.405158340521720e-02 2.589907443974695e-01;
-7.269229746738929e-01 1.258543355436411e+00;
1.311225430533469e+00 -1.031076311316086e+00;

6.010515360004605e-01 -1.428826703512654e-02;
6.197467798386983e-01 3.715727840656615e-01;
-2.202072693025858e-01 9.859615091460325e-02;
-7.307605141976112e-02 -4.078767653742246e-01;
-7.269229746738929e-01 1.258543355436411e+00;
1.311225430533469e+00 -1.031076311316086e+00;

-3.713328574785297e-01 -7.676601998368451e-01;
1.580179802943801e+00 1.613159124386624e-01;
-1.335212796050036e+00 -3.966775352096828e-01;
-5.541627367623999e-01 -4.800106035948357e-01;
-7.269229746738929e-01 1.258543355436411e+00;
1.311225430533469e+00 -1.031076311316086e+00;

7.446775164937864e-01 7.433993528354164e-01;
8.142984607638487e-02 7.132424543402208e-02;
9.760387494849944e-02 7.943395842857116e-01;
1.228541723541829e-01 -1.741570667086617e-01;
-7.269229746738929e-01 1.258543355436411e+00;
1.311225430533469e+00 -1.031076311316086e+00;

2.248164257646035e-01 -5.798353004051773e-02;
-3.981287270360196e-01 6.726582883030473e-01;
-1.545466113234390e-01 3.283126082826426e-02;
5.181308556641347e-01 6.801444931274443e-01;
-7.269229746738929e-01 1.258543355436411e+00;
1.311225430533469e+00 -1.031076311316086e+00;

6.340655908992787e-01 1.074932665259710e+00;
-1.231263697640877e+00 -2.577608357493254e+00;
-9.275367668664092e-01 1.480256095639767e+00;
-4.486741390084068e-02 1.138487520546566e+00;
-7.269229746738929e-01 1.258543355436411e+00;
1.311225430533469e+00 -1.031076311316086e+00;

3.502003640020396e-02 2.801557102615040e-01;
2.181554308140418e-01 -2.143931376944396e-01;
-6.697886611757816e-01 1.492194061331043e-01;
2.879929459003382e-01 6.394927456104315e-01;
-7.269229746738929e-01 1.258543355436411e+00;
1.311225430533469e+00 -1.031076311316086e+00;

3.257882131120610e-02 2.086985644031892e-02;
-7.145167438006653e-01 9.554672496401359e-01;
-1.025378128235724e-01 2.236620224408045e-01;
7.166675928700866e-01 8.289527856645978e-01;
-7.269229746738929e-01 1.258543355436411e+00;
1.311225430533469e+00 -1.031076311316086e+00;

9.601451131156574e-01 9.737019235412787e-02;
-9.686287792656699e-01 -1.053911567939421e-01;
1.065672198173235e-01 3.275882660887756e-01;
3.207669111798080e-01 6.487718580548617e-01;
-7.269229746738929e-01 1.258543355436411e+00;
1.311225430533469e+00 -1.031076311316086e+00;

7.606604404615310e-01 1.693423793259507e+00;
8.815987420418303e-01 -4.670844041216083e-01;
-8.807299160729626e-02 6.810952790895197e-01;
6.606464541272469e-01 -2.173145793535011e-02;
-7.269229746738929e-01 1.258543355436411e+00;
1.311225430533469e+00 -1.031076311316086e+00;

7.137381575447072e-01 3.874334059703378e-02;
6.091117089298089e-01 5.257364356563462e-01;
-5.983085426085059e-03 -4.177424856079512e-01;
3.179610432299528e-01 1.196739583689054e-01;
-7.269229746738929e-01 1.258543355436411e+00;
1.311225430533469e+00 -1.031076311316086e+00;

2.634859143093500e-01 -5.302886895399973e-01;
1.188817963628223e+00 5.751206953735375e-01;
-4.785078243053231e-01 -9.542932502545739e-01;
4.537519645343596e-02 1.656341400446434e-01;
-7.269229746738929e-01 1.258543355436411e+00;
1.311225430533469e+00 -1.031076311316086e+00;

1.448731615789740e-01 8.216214461253359e-01;
4.640586859779673e-01 -2.365174937021114e-01;
-5.251239659041358e-01 3.820583335525070e-01;
4.750138771106078e-01 4.532170761127870e-01;
-7.269229746738929e-01 1.258543355436411e+00;
1.311225430533469e+00 -1.031076311316086e+00;

3.038120374191853e-01 -3.704766395106909e-01;
-2.675149779183687e-01 -1.594532742981405e-01;
-4.630173115104284e-01 3.138196789775837e-01;
-3.673529203988308e-01 3.192951346130378e-01;
-7.269229746738929e-01 1.258543355436411e+00;
1.311225430533469e+00 -1.031076311316086e+00;

3.885066586394321e-01 -9.215730502102518e-02;
-1.353588040891502e-01 -3.693673711271582e-01;
-5.897923290455791e-01 3.423912720373403e-01;
-1.168109771191007e-01 2.530277658912207e-01;
-7.269229746738929e-01 1.258543355436411e+00;
1.311225430533469e+00 -1.031076311316086e+00;

-6.328540041801479e-01 6.979738922095642e-01;
9.439702323636570e-01 -1.518733020205331e-01;
-9.081756676259464e-01 -1.386139927134903e-01;
5.530741561631917e-01 1.188174574748236e+00;
-7.269229746738929e-01 1.258543355436411e+00;
1.311225430533469e+00 -1.031076311316086e+00;

2.094082246830251e-01 -1.728710050924136e-01;
-3.035809791878500e-01 2.234359315894591e-01;
-2.344943587806041e-01 5.047990065589610e-01;
-2.750591730072236e-01 2.798895295205261e-01;
-7.269229746738929e-01 1.258543355436411e+00;
1.311225430533469e+00 -1.031076311316086e+00;

3.494007212654280e-01 -1.997624867641594e-01;
-3.179479796155252e-01 1.283717748464358e-01;
-2.305846211752192e-01 4.999999497003562e-01;
-3.025258810871462e-01 1.795055494538635e-01;
-7.269229746738929e-01 1.258543355436411e+00;
1.311225430533469e+00 -1.031076311316086e+00;

1.952448236914406e-01 2.700274623834799e-01;
-5.485938728032979e-03 2.448622700749181e-01;
-2.226146754107177e-01 5.199358896038878e-01;
4.812363245270448e-02 2.652293162030719e-01;
-7.269229746738929e-01 1.258543355436411e+00;
1.311225430533469e+00 -1.031076311316086e+00;

6.010493674650473e-01 8.887784109832569e-02;
5.004465923506570e-01 4.179772948844054e-01;
2.423598293615547e-01 7.704184544873389e-02;
-3.305625250582809e-01 7.128883635412030e-02;
-7.269229746738929e-01 1.258543355436411e+00;
1.311225430533469e+00 -1.031076311316086e+00;

1.264065120899610e-01 -6.510044121158080e-02;
8.735307344717652e-01 3.168724483184857e-01;
-3.686942169461636e-02 -3.712381235899416e-01;
-3.849022025418736e-01 6.264412467361665e-01;
-7.269229746738929e-01 1.258543355436411e+00;
1.311225430533469e+00 -1.031076311316086e+00;

-3.466402391028497e-01 1.142854361563836e+00;
6.688769020174519e-01 -6.669912075536882e-01;
-1.243442354154850e+00 2.840439606335566e-01;
1.047407056789247e+00 8.533663923220211e-01;
-7.269229746738929e-01 1.258543355436411e+00;
1.311225430533469e+00 -1.031076311316086e+00;

8.535722704721572e-01 -3.060099808584754e-01;
-3.590107070096666e-01 -4.431781298553039e-01;
-5.404296874577332e-01 4.614461264488534e-01;
-2.160006432572617e-01 -2.774880849093284e-01;
-5.612990567915251e-01 -2.959785990276102e-01;
-3.607291759561330e-01 -4.454869480095687e-01;

1.380559952371019e-01 4.461910198412878e-01;
6.342550099660348e-01 2.334750678548375e-01;
-6.897710601188841e-01 -1.532542681062379e-01;
8.486157598938016e-01 3.361110455373958e-01;
-5.612990567915251e-01 -2.959785990276102e-01;
-3.607291759561330e-01 -4.454869480095687e-01;

3.267400515210722e-01 -8.189943507539549e-01;
-8.464632077118056e-01 2.547098875566680e-01;
-1.038324071509583e-01 3.607568002217820e-01;
-6.593848746103720e-01 4.714554712609283e-01;
-5.612990567915251e-01 -2.959785990276102e-01;
-3.607291759561330e-01 -4.454869480095687e-01;

4.124898139055662e-01 -4.800785411613839e-01;
-5.406091105989745e-01 1.818241488520892e-01;
-2.349327651595234e-01 4.456088493292846e-01;
-3.830505723201771e-01 1.596298116666960e-01;
-5.612990567915251e-01 -2.959785990276102e-01;
-3.607291759561330e-01 -4.454869480095687e-01;

2.113045691077079e-01 6.824198684562941e-01;
6.561450871827076e-01 5.633210006161488e-01;
-3.927159771994393e-01 4.573779048981846e-01;
5.964518812211568e-01 -2.941469574813217e-01;
-5.612990567915251e-01 -2.959785990276102e-01;
-3.607291759561330e-01 -4.454869480095687e-01;

2.780414149694686e-01 -9.563802138171208e-01;
-1.062533436408673e+00 2.542522655368714e-01;
-1.773634646801294e-01 4.125753289537820e-01;
-6.714732787752569e-01 5.087516343167859e-01;
-5.612990567915251e-01 -2.959785990276102e-01;
-3.607291759561330e-01 -4.454869480095687e-01;

3.755674282519876e-01 3.666283791815939e-01;
6.212242028241126e-01 1.242352522858170e-01;
-4.398078941162045e-01 -6.130042860471236e-02;
4.528659842042153e-01 1.870055887498779e-01;
-5.612990567915251e-01 -2.959785990276102e-01;
-3.607291759561330e-01 -4.454869480095687e-01;

2.202450334270376e-01 3.457624067268418e-01;
7.722812942322228e-01 1.284291954843305e-01;
-5.084940405933790e-01 -4.599963577432734e-01;
6.457566176066299e-01 6.288860446035137e-01;
-5.612990567915251e-01 -2.959785990276102e-01;
-3.607291759561330e-01 -4.454869480095687e-01;

5.288499551892738e-01 7.605431243317171e-02;
5.038313043238635e-01 4.184615432745502e-01;
3.943888446987813e-01 9.159690754326924e-02;
-5.560497417560343e-01 2.473218790413364e-01;
-5.612990567915251e-01 -2.959785990276102e-01;
-3.607291759561330e-01 -4.454869480095687e-01;

9.816063867561346e-02 -4.004596929398085e-01;
-3.767514234213979e-01 8.552565171623953e-01;
-9.041345912432100e-02 -3.351637425599952e-02;
1.565029279500827e-01 6.664747965084131e-01;
-5.612990567915251e-01 -2.959785990276102e-01;
-3.607291759561330e-01 -4.454869480095687e-01;

1.390129688273485e-01 -5.449429444145418e-01;
7.892631724539592e-01 8.032914327792937e-01;
-5.383924990538356e-01 -3.803298827649605e-01;
6.577810905438203e-03 -2.150844212665883e-01;
-5.612990567915251e-01 -2.959785990276102e-01;
-3.607291759561330e-01 -4.454869480095687e-01;

-1.705712512962292e-02 -4.833040862691001e-01;
-4.728954438486946e-02 -1.975291454890313e-01;
-5.428870895017248e-01 2.528018682555445e-01;
-6.750922113305811e-01 5.156919033255939e-01;
-5.612990567915251e-01 -2.959785990276102e-01;
-3.607291759561330e-01 -4.454869480095687e-01;

6.747689787926330e-01 1.541450770097438e-01;
4.897882370321568e-03 -6.936673564118767e-01;
-1.672280657418223e-01 7.432766092861768e-01;
-7.764634518086792e-01 1.354446661390899e-02;
-5.612990567915251e-01 -2.959785990276102e-01;
-3.607291759561330e-01 -4.454869480095687e-01;

1.242960217876755e-01 6.600597746166914e-01;
6.971892905844106e-01 5.888911461391991e-01;
-4.145805304343063e-01 4.781543480729454e-01;
5.315948445373726e-01 -2.862141238228249e-01;
-5.612990567915251e-01 -2.959785990276102e-01;
-3.607291759561330e-01 -4.454869480095687e-01;

4.558041354966086e-01 2.140637272513485e-02;
-3.508271329229238e-01 -3.434910760941859e-01;
-1.036500559403215e-01 6.366035208168719e-01;
-5.529569942522362e-01 4.151419832199221e-01;
-5.612990567915251e-01 -2.959785990276102e-01;
-3.607291759561330e-01 -4.454869480095687e-01;

2.147737201540709e-01 2.611431488011641e-01;
6.487980936253268e-01 -6.505514384882637e-03;
-5.270066817506672e-01 4.553772570698192e-01;
-1.531669666477115e-01 -2.382103925704522e-01;
-5.612990567915251e-01 -2.959785990276102e-01;
-3.607291759561330e-01 -4.454869480095687e-01;

1.064224289401433e+00 -3.910663324708820e-01;
6.134424080650417e-01 8.487553575818958e-01;
1.366467123620321e-01 -3.740113131761257e-01;
1.397218876393778e-02 -6.273703982767886e-01;
-5.612990567915251e-01 -2.959785990276102e-01;
-3.607291759561330e-01 -4.454869480095687e-01;

-6.021479272137803e-01 2.502260502618075e+00;
-3.070260428113359e-01 -1.656177638774506e+00;
-7.829555407903629e-01 2.807413285208134e+00;
-2.141404732609267e-03 6.929703337465145e-01;
-5.612990567915251e-01 -2.959785990276102e-01;
-3.607291759561330e-01 -4.454869480095687e-01;

3.766288662999421e-02 -1.240689238566928e-01;
1.032103259846819e-01 9.057237021112395e-01;
-2.583878043254353e-01 -2.168062730597715e-01;
5.184661933429400e-01 5.605242934668383e-01;
-5.612990567915251e-01 -2.959785990276102e-01;
-3.607291759561330e-01 -4.454869480095687e-01;

-2.294559756939324e-01 9.125416592239519e-02;
9.011941745675422e-01 3.797983945401604e-01;
-7.198928048393194e-01 -2.906747549427074e-01;
3.428003131098767e-01 4.514370231509373e-01;
-5.612990567915251e-01 -2.959785990276102e-01;
-3.607291759561330e-01 -4.454869480095687e-01;

-3.249559048528861e-01 1.727425011334513e+00;
1.601592440639800e+00 -4.131495972942769e+00;
-2.462460408533522e+00 1.105076740274891e+00;
-6.069632412568398e-01 7.228350871706882e-01;
-5.612990567915251e-01 -2.959785990276102e-01;
-3.607291759561330e-01 -4.454869480095687e-01;

1.834430385706774e+00 -1.831166537686737e+00;
-3.435924637655188e+00 -3.734900811961730e-01;
4.893565490501829e-01 -4.078331761016581e-02;
-3.684447661941045e-01 1.358914524225197e+00;
-5.612990567915251e-01 -2.959785990276102e-01;
-3.607291759561330e-01 -4.454869480095687e-01;

2.724531038257595e-01 1.407910076061123e+00;
7.422530026695049e-01 1.809893024854251e-01;
-1.753680144903057e-01 5.692307017382671e-01;
8.302781218802221e-01 1.809751821703195e-01;
-5.612990567915251e-01 -2.959785990276102e-01;
-3.607291759561330e-01 -4.454869480095687e-01;

3.444523814432854e+00 7.692826053409202e-01;
-1.129201913381199e+00 -3.117608382629554e+00;
6.232833808257607e-01 7.147988154160956e-01;
-6.658302593196780e-01 -3.923635435929727e-02;
-5.612990567915251e-01 -2.959785990276102e-01;
-3.607291759561330e-01 -4.454869480095687e-01;

3.555832134691123e-01 3.979565248171334e-01;
5.958951093416712e-01 1.192304223271031e-01;
-3.397629804431820e-01 -4.572821856786252e-02;
3.722046201463670e-01 3.051499106861679e-01;
-5.612990567915251e-01 -2.959785990276102e-01;
-3.607291759561330e-01 -4.454869480095687e-01;

4.887786882892104e-01 -5.179079542272982e-02;
7.855342217890271e-01 4.440102489752645e-01;
-2.320241705636518e-01 -4.951594828121244e-01;
2.464682104509447e-01 1.781801981928989e-01;
-5.612990567915251e-01 -2.959785990276102e-01;
-3.607291759561330e-01 -4.454869480095687e-01;

-4.764836996697476e+00 -2.785566832280308e+00;
5.267582865436976e+00 -1.124435573394804e+00;
-5.543017297094592e+00 -2.912655756132961e+00;
-1.629987652313278e+00 1.430882373379506e+00;
-5.612990567915251e-01 -2.959785990276102e-01;
-3.607291759561330e-01 -4.454869480095687e-01;

8.921463388768942e-01 -4.849451258898084e-01;
-6.696259269151558e-01 -4.748467267660858e-01;
-4.313836908887151e-01 5.796824226669548e-01;
-4.499567698015824e-01 -2.082032362677514e-01;
-5.612990567915251e-01 -2.959785990276102e-01;
-3.607291759561330e-01 -4.454869480095687e-01;

-7.795982708992728e-01 8.181206360287481e-01;
1.103313590015477e+00 -1.243215297386456e-01;
-9.568705840132388e-01 -2.079405475818268e-01;
6.552172481497114e-01 1.322749327631711e+00;
-5.612990567915251e-01 -2.959785990276102e-01;
-3.607291759561330e-01 -4.454869480095687e-01;

9.848646841991249e-02 -7.080846684099458e-01;
-3.705740987498909e-01 1.613119826986224e-01;
-3.058602102391929e-01 2.334595031296321e-01;
-6.746312770068588e-01 4.910052274894078e-01;
-5.612990567915251e-01 -2.959785990276102e-01;
-3.607291759561330e-01 -4.454869480095687e-01;

4.347135368200297e-01 -3.788376482196201e-01;
-4.363403941843224e-01 6.607439742827000e-02;
-2.327388483205927e-01 4.916603005488291e-01;
-4.376838488467845e-01 1.275025279882425e-01;
-5.612990567915251e-01 -2.959785990276102e-01;
-3.607291759561330e-01 -4.454869480095687e-01;

2.909705559703714e-01 1.347028418561105e+00;
7.228869028390843e-01 2.092436875205263e-01;
-1.893941027985771e-01 5.531144415997459e-01;
8.266721792376641e-01 1.348317782256998e-01;
-5.612990567915251e-01 -2.959785990276102e-01;
-3.607291759561330e-01 -4.454869480095687e-01;

-1.093827371640182e-01 -6.471986232701175e-01;
-6.317885483209249e-01 4.255487013405050e-01;
-2.583329176661042e-01 4.979011029778891e-01;
-6.023478688007038e-01 5.386780124917744e-01;
-5.612990567915251e-01 -2.959785990276102e-01;
-3.607291759561330e-01 -4.454869480095687e-01;

2.840066937812657e-01 4.094089229458934e-01;
5.703732056524328e-01 7.581098491748756e-02;
-2.328381388911207e-01 1.203332184413446e-01;
9.541241866109272e-02 3.406148538259202e-01;
-5.612990567915251e-01 -2.959785990276102e-01;
-3.607291759561330e-01 -4.454869480095687e-01;

-7.434578170210435e-01 -2.382658296441905e-01;
1.511104821874991e+00 6.085932058033708e-02;
-6.229444876373691e-01 -1.104532136851846e+00;
-3.654483325543185e-01 1.617717211052132e+00;
-5.612990567915251e-01 -2.959785990276102e-01;
-3.607291759561330e-01 -4.454869480095687e-01;

5.172521634337707e-01 -2.025057966189252e-01;
6.781873871508670e-01 5.715034418487654e-01;
3.732069591169790e-01 -2.159680622501749e-01;
-6.286228162049746e-01 2.326340197736162e-01;
-5.612990567915251e-01 -2.959785990276102e-01;
-3.607291759561330e-01 -4.454869480095687e-01;

3.330903716426461e-01 -1.660611219209512e-01;
-1.013363588821137e-01 2.502610554999733e-01;
-2.723441301665831e-01 2.400312247818873e-01;
-7.233198164981125e-02 2.346207041180671e-01;
-2.211437534312213e-01 6.839094823370685e-01;
4.772266932949543e-01 -1.269741500640051e+00;

9.416657096473631e-01 7.845828375052656e-01;
1.573926069158902e+00 9.228728784263766e-01;
1.631909721559386e+00 4.308250585625163e-01;
-1.424156161835210e+00 -4.136285047006776e-01;
-2.211437534312213e-01 6.839094823370685e-01;
4.772266932949543e-01 -1.269741500640051e+00;

6.642409261877740e-01 4.055990490991168e-02;
5.217298252598477e-01 2.117549222980557e-01;
3.507491026747934e-01 1.705234372104432e-02;
-5.907591586724181e-01 2.327413625179181e-01;
-2.211437534312213e-01 6.839094823370685e-01;
4.772266932949543e-01 -1.269741500640051e+00;

4.161290590787952e-01 -2.559871265383497e-01;
-2.348270079532117e-01 1.482545894059203e-01;
-2.970280798712126e-01 3.150374360807058e-01;
-1.619584457854030e-01 1.536411072878404e-01;
-2.211437534312213e-01 6.839094823370685e-01;
4.772266932949543e-01 -1.269741500640051e+00;

4.343922575871257e-01 1.921075202001190e-01;
1.098381939970293e+00 -4.847208258608919e-03;
8.763636187919808e-03 -9.660808272544077e-01;
9.353047082236307e-02 1.096198312045890e+00;
-2.211437534312213e-01 6.839094823370685e-01;
4.772266932949543e-01 -1.269741500640051e+00;

2.273299846739168e-01 -2.035213802894168e-01;
-3.671217484472015e-02 7.001340363357461e-01;
2.784655278203720e-01 3.173332038134035e-01;
-5.374405766061093e-01 3.563450094116578e-01;
-2.211437534312213e-01 6.839094823370685e-01;
4.772266932949543e-01 -1.269741500640051e+00;

2.839326692161752e-01 -3.860699998411204e-01;
-3.957306372674188e-01 3.455158147886986e-01;
-1.846211166104262e-01 3.560269790680883e-01;
-2.889085055227158e-01 2.854828669798339e-01;
-2.211437534312213e-01 6.839094823370685e-01;
4.772266932949543e-01 -1.269741500640051e+00;

6.997612715665246e-01 3.965044157506012e-01;
1.379917826835083e+00 3.432586185606394e-01;
8.139733520874640e-01 -5.217550389130017e-01;
-6.772883559872195e-01 5.951262379165467e-01;
-2.211437534312213e-01 6.839094823370685e-01;
4.772266932949543e-01 -1.269741500640051e+00;

2.511283703921864e-01 5.901320180446378e-03;
2.675250303815495e-01 7.712450710476321e-01;
3.989509873249643e-01 2.683149210114915e-01;
-5.082478854915836e-01 3.077468255378411e-01;
-2.211437534312213e-01 6.839094823370685e-01;
4.772266932949543e-01 -1.269741500640051e+00;

3.162273074142877e-01 -1.502816198069588e-01;
-1.626264929831596e-01 2.291069040340558e-01;
-1.504492580725979e-01 2.846744246766102e-01;
-2.052376269946251e-01 3.626862043208057e-01;
-2.211437534312213e-01 6.839094823370685e-01;
4.772266932949543e-01 -1.269741500640051e+00;

5.797670484695617e-01 1.231077992379641e-01;
6.587754689388864e-01 7.196999606158557e-01;
-1.505416578194721e-01 4.558817547020923e-02;
2.687628292755707e-01 -4.497562678170217e-01;
-2.211437534312213e-01 6.839094823370685e-01;
4.772266932949543e-01 -1.269741500640051e+00;

3.341121410803397e-01 -3.250318348337550e-01;
-2.346015470669655e-01 -2.075967808526472e-01;
-2.348892908294011e-01 3.561063100570634e-01;
-6.338208703519778e-01 4.378477101381150e-01;
-2.211437534312213e-01 6.839094823370685e-01;
4.772266932949543e-01 -1.269741500640051e+00;

3.604488473232147e-01 -1.229457546447611e-01;
-1.595897660790966e-01 1.254884441576558e-01;
-1.446933839864859e-01 3.350707699053620e-01;
-2.734425103769512e-01 3.339834038408852e-01;
-2.211437534312213e-01 6.839094823370685e-01;
4.772266932949543e-01 -1.269741500640051e+00;

2.144242117934073e-01 -7.783761094476294e-01;
7.942590591689550e-01 8.505261968771290e-01;
-5.107817419519483e-01 -5.547210673774730e-01;
-9.979705801956502e-02 -2.328625074387710e-01;
-2.211437534312213e-01 6.839094823370685e-01;
4.772266932949543e-01 -1.269741500640051e+00;

1.924526673083942e-01 1.591026441831824e-01;
-2.554772690836405e-01 -4.523618661009361e-01;
-3.130771416670571e-01 7.742900244423795e-01;
-5.253812729398699e-01 4.772739034619676e-01;
-2.211437534312213e-01 6.839094823370685e-01;
4.772266932949543e-01 -1.269741500640051e+00;

3.043448584983871e-01 -1.338584327473127e-01;
-1.224168173848734e-01 2.332213586691579e-01;
-1.702105856452671e-01 2.854860378656957e-01;
-1.921446109255963e-01 3.369749576773281e-01;
-2.211437534312213e-01 6.839094823370685e-01;
4.772266932949543e-01 -1.269741500640051e+00;

-2.229805039976596e-01 2.571413306793550e+00;
6.084683022574771e-01 2.233615635602493e-01;
-4.485319045442128e-01 1.875963241958138e+00;
1.385209316634670e+00 -2.581565238837177e-01;
-2.211437534312213e-01 6.839094823370685e-01;
4.772266932949543e-01 -1.269741500640051e+00;

8.169449393177670e-01 -9.081468822888104e-01;
-3.512263130801991e-01 1.421545752219565e-01;
1.212864130202304e-01 -1.738150889501830e-01;
-7.598589251991278e-01 3.190920362164889e-01;
-2.211437534312213e-01 6.839094823370685e-01;
4.772266932949543e-01 -1.269741500640051e+00;

3.854721227334938e-01 -1.250165110736063e-01;
-1.344915345397252e-01 4.341273441660373e-01;
-1.990824802042578e-01 -1.267813621803049e-01;
3.510482001459678e-01 5.564776180109751e-01;
-2.211437534312213e-01 6.839094823370685e-01;
4.772266932949543e-01 -1.269741500640051e+00;

7.827309917900565e-01 2.249501205299126e-02;
7.308733310990205e-01 4.474413901694188e-01;
-1.326345344209859e-02 -4.848208325796359e-01;
2.590630377257248e-01 5.888916576100126e-02;
-2.211437534312213e-01 6.839094823370685e-01;
4.772266932949543e-01 -1.269741500640051e+00;

1.163689142161595e+00 -1.075274820379337e+00;
7.163175374634000e-01 -1.925701855581305e+00;
-1.005775222704026e+00 -9.731111354004089e-01;
-1.099625646414288e+00 3.404194370395666e-01;
-2.211437534312213e-01 6.839094823370685e-01;
4.772266932949543e-01 -1.269741500640051e+00;

6.988015312602702e-01 -5.077905492455645e-02;
-2.466735052414036e-01 -4.175907392129477e-02;
-1.651272301419983e-01 -3.293019133738124e-02;
2.011992084807003e-01 5.166896483192821e-01;
-2.211437534312213e-01 6.839094823370685e-01;
4.772266932949543e-01 -1.269741500640051e+00;

3.890436919975032e-01 -4.413317144980498e-01;
8.241708122967449e-01 5.055178412046238e-01;
-3.586102463783402e-01 -7.565754549798888e-01;
9.950830642691899e-02 2.391027526642034e-01;
-2.211437534312213e-01 6.839094823370685e-01;
4.772266932949543e-01 -1.269741500640051e+00;

-7.417438644029389e-01 8.847629832700328e-01;
1.979119734465649e+00 -3.537173773308896e+00;
-2.710497722830086e+00 3.953684388669808e-01;
-7.841306090005150e-01 7.752231217765683e-01;
-2.211437534312213e-01 6.839094823370685e-01;
4.772266932949543e-01 -1.269741500640051e+00;

8.352699384901853e-01 4.417937291010101e-01;
3.293594506338258e-01 -5.618649560762927e-01;
-2.696768007363033e-01 8.609676561121107e-02;
1.418918296010581e-01 2.778403578179272e-01;
-2.211437534312213e-01 6.839094823370685e-01;
4.772266932949543e-01 -1.269741500640051e+00;

-4.644614643511887e-01 1.757530858220764e+00;
8.497349302331170e-01 8.021301084445291e-02;
-6.467705774440160e-01 9.226319503495957e-01;
1.008560771717309e+00 4.499536574916453e-01;
-2.211437534312213e-01 6.839094823370685e-01;
4.772266932949543e-01 -1.269741500640051e+00;

2.742260797439582e+00 -1.473718813703473e+00;
-4.274999404183422e-01 -1.503197184539777e+00;
2.861881530063404e-01 -1.134325121325947e+00;
-1.123734856251927e+00 2.137561321648795e-02;
-2.211437534312213e-01 6.839094823370685e-01;
4.772266932949543e-01 -1.269741500640051e+00;

3.039392729920364e-01 -1.647532602882453e-01;
-1.428274961670823e-01 1.796204403799998e-01;
-1.919372543113887e-01 3.829920255393836e-01;
-3.051233126630125e-01 2.484818222078157e-01;
-2.211437534312213e-01 6.839094823370685e-01;
4.772266932949543e-01 -1.269741500640051e+00;

8.557305410101760e-01 2.933553778756071e-01;
1.044031854864644e+00 6.009733515750126e-01;
5.975970433353350e-01 -1.895763554138168e-01;
-3.562839627284610e-01 -7.615047761967192e-02;
-2.211437534312213e-01 6.839094823370685e-01;
4.772266932949543e-01 -1.269741500640051e+00;

3.313676077145830e+00 -5.440243153682409e-01;
4.589466686580693e+00 -2.266748242172829e+00;
3.228245002748183e-01 -3.710121752111024e+00;
-1.455366930300452e+00 -5.320986519874883e-01;
-2.211437534312213e-01 6.839094823370685e-01;
4.772266932949543e-01 -1.269741500640051e+00;

3.203211681866744e-01 -1.853210272213253e-01;
-1.718801254659143e-01 1.639987974162573e-01;
-1.975922577068422e-01 3.937643440855901e-01;
-3.173392587005711e-01 2.341774844767444e-01;
-2.211437534312213e-01 6.839094823370685e-01;
4.772266932949543e-01 -1.269741500640051e+00;

5.449885006400990e-02 -1.001377294030481e-02;
1.292540008973827e+00 3.363558962093237e-01;
-3.310427323084329e-03 -6.797694315410667e-01;
-3.962431341283127e-01 7.840630309293787e-01;
-2.211437534312213e-01 6.839094823370685e-01;
4.772266932949543e-01 -1.269741500640051e+00;

1.821041883869321e-01 -2.447537986243790e-01;
1.402426748383974e-01 7.868758267778656e-01;
2.766599839176314e-01 1.917721613728385e-01;
-5.549100642217482e-01 3.457789409359595e-01;
-2.211437534312213e-01 6.839094823370685e-01;
4.772266932949543e-01 -1.269741500640051e+00;

1.035281199858673e-03 4.868605137160114e-02;
1.883867615449186e-01 5.057867603733569e-01;
-7.285624763455034e-02 2.596395131976981e-01;
-1.964398127295531e-01 4.902642737616402e-01;
-2.211437534312213e-01 6.839094823370685e-01;
4.772266932949543e-01 -1.269741500640051e+00;

-8.321628101272101e-01 6.888308707612711e-01;
1.162448972923173e+00 -1.239717989352493e-01;
-9.649282645527213e-01 -3.340133283353688e-01;
5.480745242933446e-01 1.413302675428888e+00;
-2.211437534312213e-01 6.839094823370685e-01;
4.772266932949543e-01 -1.269741500640051e+00;

1.164479443278191e-01 -2.536599104346999e-01;
3.433440372950379e-02 8.281231562929650e-01;
2.569696790354786e-01 2.715658987965781e-01;
-5.406616234529272e-01 3.681069780177036e-01;
-2.211437534312213e-01 6.839094823370685e-01;
4.772266932949543e-01 -1.269741500640051e+00;

