1.313941209653993969e+00,3.549614473101704082e+00,2.746990420764889862e-01
7.470660526383278155e-01,4.623726797108904663e+00,2.824112918365204727e-01
6.486957268884765426e-01,4.663761450488930649e+00,9.365109293133135893e-01
1.280538512528150985e+00,3.221277210609600150e+00,1.004878382966720052e+00
6.411650252158299645e-01,3.305277904659229993e+00,1.507975203493866045e+00
3.273520496050992268e-01,4.571793606545231370e+00,1.509675470559346033e+00
9.524543886311621632e-01,4.310172957408940242e+00,7.552549454541164220e-01
9.284305724824538641e-01,1.906906446392695909e+00,-1.212645338368137926e+00
1.260707493772460053e+00,1.090440528527018893e+00,1.041332296408634894e+00
1.335058453173781023e+00,1.691644842257020942e+00,9.337290858878043442e-01
1.361978154130486063e+00,1.259231644022400065e+00,-9.131683292005381425e-01
1.442709545645483038e+00,1.926555410776179089e+00,-3.089933559647806138e-01
-1.688090304256480989e+00,3.226028343309466972e+00,1.432338106288409962e+00
-9.672432127009653602e-01,3.279458320466898780e+00,1.879978156787732946e+00
-8.106510774146551135e-02,3.384461231615559118e+00,1.748011385857247024e+00
-1.996592730593033993e+00,3.871739828144431961e+00,8.532803284739113314e-01
-1.790950867387840040e+00,3.965105061360632011e+00,1.707284895467036989e+00
-2.049092051052959107e+00,4.051438752945885291e+00,1.925716759050880036e-18
-5.935072280528053135e-01,4.058065973319017417e+00,1.977829972493845956e+00
-2.084144688538963841e+00,4.556517086391131066e+00,1.245175900373866051e+00
-1.002303450060602952e+00,4.660446743035365991e+00,2.082302540085378073e+00
-1.725758880175823906e+00,4.857534759925909995e+00,1.964132489583199082e+00
-3.212884302653842838e-01,5.041321831074273341e+00,1.768043272540331889e+00
2.272045781483827964e-01,5.176412653375320971e+00,3.772536410385067818e-01
2.565106178788358893e-01,3.977130612397043130e+00,1.678761323297222052e+00
-1.211394775884568897e+00,3.905424901382377190e+00,2.012479158767805032e+00
1.013317879668262034e+00,4.260734973385543967e+00,7.222685780988900850e-02
1.424104161940590974e+00,2.726357830491680900e+00,-3.663344144558277060e-01
1.474155515101926994e+00,1.232766075332065947e+00,-2.680988964280527909e-01
1.458492090804923924e+00,-2.265363508580184870e-01,7.821777597049460740e-01
1.378597842944772944e+00,-3.711354300719076904e-01,-8.681503315388796604e-01
1.109314654749242068e+00,-7.816600641889229761e-01,-5.342607340442042663e-01
1.051500841171904010e+00,-7.947189661413481820e-01,5.211750547543682055e-01
-1.672732452592572919e-03,-5.822842535694167099e-01,-5.230717157004465268e-01
-1.283930534961155029e-02,-5.923187695719631662e-01,4.905295733424618887e-01
-5.093410934862527828e-01,-3.083473170564760002e-01,8.116892411743971136e-01
-5.102155743430114576e-01,-3.094170986213903851e-01,-8.112076185279581964e-01
-7.988723346409772885e-01,-2.680034087090272243e-01,-2.481642061064391058e-01
-1.331562364780725094e+00,5.611299366998283134e+00,1.927824407642896087e+00
7.100208796929893817e-02,-2.158617883133266968e-01,-8.533535345508755920e-01
1.532680173587011030e+00,1.671156046621840030e-01,-5.625366690854380902e-01
-7.518476795549509095e-01,3.477465724272237879e-01,-7.031383331390501645e-01
6.130906503386612111e-02,5.243957065092678782e+00,1.109161999553126998e+00
1.129721115967931983e-01,5.286846177945578873e+00,-3.484639768708269747e-01
-4.812909839037555343e-02,5.305394011829315914e+00,-1.228573275217748950e+00
-5.910272292119594928e-01,5.668081377311814606e+00,-1.485328758885392952e+00
-5.910272292119591597e-01,5.668081377311819935e+00,1.485328758885392952e+00
-4.093365361013974746e-01,5.745777261150761817e+00,-6.728137970602202884e-16
-1.258950843220755900e+00,5.912226633013026422e+00,-1.694192048544530094e+00
-1.007911881446059921e+00,6.114564338656803599e+00,8.927646082669153937e-01
-1.173858146703466110e+00,6.181318742452481807e+00,-9.252163154783630272e-01
-1.163936530721928930e+00,6.202471664193341283e+00,-6.195510283045777674e-16
-6.847094681723614462e-01,5.937560337808010402e+00,-7.291070015889018485e-01
-4.728915494597805136e-01,5.782906976648176212e+00,7.378763138456909676e-01
2.018425327360021948e-01,1.225639586059600050e-02,9.235165107960265907e-01
-8.997784612229132728e-01,2.063481493551400092e+00,1.444316724549977060e+00
-1.423732947767692103e+00,2.579418554881380832e+00,1.377588593771255976e+00
-1.719964940389860919e+00,2.881260270053958905e+00,-3.666256563958169892e-20
8.314936553399807084e-03,2.600458060715669983e+00,1.542705196413838964e+00
-7.509105870895191881e-01,2.309984687025941064e-01,6.805633125391126192e-01
-7.050739281963360749e-01,2.696473597806658962e+00,1.698337110800403060e+00
7.573958750640484849e-01,1.882991218983403048e+00,1.234613963813200099e+00
-3.031791034783878902e-01,1.864641846362731004e+00,1.358986229349774977e+00
1.444162226511475966e+00,1.852256434930453111e+00,3.123277184379332216e-01
-1.560122881201496892e+00,2.449445541455486097e+00,4.886807537441760774e-01
-2.161832618082753843e+00,4.825560728649014308e+00,4.751809915300497233e-01
-2.149182935655551852e+00,4.675028195651584006e+00,-2.697848733521622799e-01
-2.141211453093637918e+00,4.827086234454130320e+00,-1.015723926381064013e+00
-2.127236773205892106e+00,5.616406657102320565e+00,-7.306610988406692005e-20
-2.055261449124209161e+00,5.511129744099127592e+00,1.389920943284095989e+00
-1.886515285587412105e+00,6.111750461047289917e+00,4.260886913592372149e-01
-1.866582859505182102e+00,6.130067247174833867e+00,-4.421519587108909133e-01
-1.736401720115678060e+00,6.136730929349338837e+00,1.192450296980074986e+00
-1.728466674331732067e+00,2.928979115852516912e+00,6.867094936821509510e-01
-1.797913328793848908e+00,5.470925659890673920e+00,-1.838072536221670106e+00
-2.146849239559696976e+00,5.478068847482044923e+00,-6.635422444074411397e-01
-2.144390783845182114e+00,5.489048941558999140e+00,6.958868651188131471e-01
-1.620012917790214058e+00,6.142994581267434029e+00,-1.313909697402869892e+00
-2.015888490073376005e+00,5.721395691943376605e+00,-1.327276235240995916e+00
-1.905483248414294062e+00,3.471129868128972173e+00,-6.636210670484568586e-02
-1.602150447743275974e+00,2.567335661023169013e+00,-5.869727227521528423e-01
-1.704149923566550040e+00,5.879884261955722558e+00,1.669369501020808055e+00
-1.331278659770850081e-02,4.312210900992314855e+00,-1.778226306076960084e+00
1.080897558527158936e-01,3.300388486962730017e+00,-1.678416086439129096e+00
6.814696905823457440e-01,3.976251400693386895e+00,-1.457152888152569936e+00
5.295742933903719862e-01,4.555164156156935817e+00,-1.323402544144651971e+00
8.840418988057918703e-01,4.441328604297258842e+00,-5.241373320728209828e-01
1.277968570117532954e+00,3.669070753469235946e+00,-4.406860410343200196e-01
8.701625810586676169e-01,3.105241763418260970e+00,-1.401413799838328034e+00
-1.467430340256639987e+00,3.039435819122317195e+00,-1.621138917062368900e+00
-1.443836838205003081e+00,2.514731664838953051e+00,-1.288859074864600940e+00
-1.746324884904520980e+00,3.006101122750345134e+00,-8.265743280253021741e-01
-1.830501119558338941e+00,3.994556082996402857e+00,-1.660489292509049974e+00
-6.894120674702635121e-01,5.286217355340867563e+00,-1.873629030590399092e+00
-2.009549174394198889e+00,3.918974595095646940e+00,-8.194347776847374920e-01
-1.714680141263045909e+00,4.851024215960764607e+00,-1.971089522657085924e+00
3.018837916131145160e-01,2.763536588558225815e-01,-9.719902148627821425e-01
1.311042427910642072e+00,3.450724786048973147e-01,-1.062071490362517023e+00
-8.182144382147557016e-01,4.701742614896521566e+00,-2.045570681840053862e+00
-1.148935099361273027e+00,3.946232015823055050e+00,-2.025471963429653854e+00
-1.214378080505865987e-01,4.913756049378457114e+00,-1.690200285662915025e+00
-6.570426321568825223e-01,2.694708006769122033e+00,-1.693960125835137998e+00
-8.427508486667232290e-01,3.280508939856626949e+00,-1.877735550899461980e+00
6.338612041993708646e-01,2.570167316801820867e+00,-1.399784275960620050e+00
3.093337973806665753e-01,5.035370439367778062e+00,-9.598016583962512005e-01
1.325670930422051974e+00,3.116619905057599116e+00,-9.167628167167125586e-01
-1.331344178756528995e+00,5.248451171732513743e+00,-2.047236253821699048e+00
-5.641669231839477883e-01,4.226009710706923883e+00,-1.981632904072005097e+00
-1.411570730597788037e+00,2.115795594220871045e+00,-7.514653016750232339e-01
-1.357342081965503100e+00,1.989692560492255069e+00,7.548993314415647360e-01
-1.299914429919678094e+00,1.798497965718484082e+00,3.191821137795176092e-18
-1.039869217532300105e+00,1.170592847855538077e+00,3.202768713121619815e-01
-1.035730215732195036e+00,1.175097241069698040e+00,-4.732908273877874938e-01
-9.981109205430438447e-01,2.236632615618614928e+00,-1.496971945642959989e+00
-8.598731683256771730e-01,1.319001998255777020e+00,1.073348166633159018e+00
-8.390435236714091083e-01,4.254874336727795803e-01,-5.884738566475136277e-19
-5.736525752498148334e-01,1.456254900967004939e+00,-1.220351744362728086e+00
-4.393434065293062019e-01,5.722604019946011533e-01,-9.361624720928838350e-01
-4.384806376160437780e-01,5.779453425291657398e-01,9.373507827085700850e-01
-1.371313368570447055e-01,1.122598839143732929e+00,1.073245857851526042e+00
5.170246068103336728e-02,2.526369693480368994e+00,-1.511808019951395909e+00
4.615861166618177025e-01,7.965616331450368071e-01,1.045086946797423089e+00
4.941591772030026197e-01,1.019987158428361962e+00,-1.074967639161680921e+00
-1.046699787500376067e+00,1.753334570926829983e+00,-1.204603192666326983e+00
-2.121473597241652076e-01,1.113863847341876046e+00,-1.077005618682226107e+00
1.482263232859748925e+00,-3.729039541009789849e-01,2.264610002984257867e-02
1.534261170741582081e+00,5.021857333749892849e-01,-1.050814207749245041e-19
1.469594866784903031e+00,1.265177082431933053e+00,3.821280515735108185e-01
1.136766721753172060e+00,4.810809696884246756e-01,1.128028942352768960e+00
7.798304182236475146e-01,-4.026089963194928179e-01,1.007149066655750103e+00
7.765940784743665670e-01,-4.064209184554827825e-01,-1.004655916854992004e+00
1.430333039560790054e+00,2.545862247107291143e+00,4.033674329622842780e-01
4.653653526995493728e-01,-7.001027704897793136e-01,6.733457803351171708e-19
1.209882376368496049e+00,2.531506606530932846e+00,-1.145073756075086102e+00
9.517157229457354761e-01,2.614577282183589979e+00,1.315096562153114990e+00
1.743894069297902971e-01,1.581116285488890050e+00,1.192148386391099102e+00
1.272406939393218028e-01,1.773143240868926052e+00,-1.259431441372248939e+00
1.095721970882461038e+00,3.715832167624213866e+00,-1.151225120475503072e+00
-5.610890152924272734e-01,-7.010854267701531750e-01,-5.657751484827942053e-18
9.703804170715524258e-01,3.925818882270041055e+00,1.219420837104800981e+00
