1.207339900575651992e+00,1.531800191087208107e+00,1.274877296646322877e-01
-6.720737451145006869e-01,1.596290580884569099e+00,-2.002597872468651896e-01
1.084605814824803005e+00,1.644408007792734994e+00,5.664266990213184805e-01
-3.201767864258150964e-01,1.729028476263535952e+00,-1.467671061464204119e-01
8.544007341039155934e-01,1.770870042513760900e+00,1.651929104849688967e-01
3.897785649876508302e-02,1.791204123104574997e+00,3.316474951422421769e-01
8.605679433142818802e-01,-6.907671845530284349e-01,-4.907363003273577107e-01
8.618380418133624321e-01,9.243659723416745022e-01,-1.259100052788542978e+00
8.636258451496605648e-01,1.574356229638264937e+00,-1.096712362098519966e+00
9.336620037263655414e-01,1.742948148671304098e+00,-2.146570879804194920e-01
1.036326190789454982e+00,-3.119571648300171751e-01,-8.942175775991143549e-01
1.039937423708362951e+00,1.200425354790300991e+00,-1.182013020029448969e+00
1.043908037413372014e+00,-5.600466936977066545e-01,-1.306459243557379080e-01
1.047705626699652059e+00,1.097124669327881052e-01,-1.024353180036420952e+00
1.115879981040490909e+00,1.614675223569947082e+00,-5.956407065767032050e-01
1.171537749891089053e+00,-2.971026750216486101e-01,-3.292673197207023894e-01
1.189015484598415107e+00,6.277930237752080700e-01,-9.837368001503501436e-01
1.195918215383396932e+00,6.179974423852954701e-02,-7.460441141630701489e-01
1.221621446975124092e+00,1.509203319982111990e+00,-2.911432505349764166e-01
1.227912358136385107e+00,9.974160978509554187e-01,-9.865700239637468227e-01
1.215034617101524939e+00,1.097770560413974944e-01,6.961223276421469874e-01
-6.131353797165092212e-01,1.245292283154899038e-01,6.986567769518905457e-01
7.818024421175272520e-01,1.757684415301111969e+00,7.433647481267642299e-01
-4.545585980851624130e-01,-4.718860751650005847e-01,7.928854467794383964e-01
-1.536914976431726955e-02,-6.065359966922261314e-01,8.332113984702892440e-01
1.080170591221480070e+00,-2.796393520842160862e-01,8.453279774018038761e-01
-2.340166209082193138e-01,-1.118896506595326995e-01,9.506490761520025590e-01
7.419498013877803277e-01,-5.081163224373508314e-01,9.756770242081280742e-01
-2.899594347884419943e-01,3.298189389521946069e-01,9.778105448676400746e-01
1.108644995275215983e+00,2.275842312005038059e-01,9.874336421200621272e-01
1.160678096146692928e+00,7.883525057936052738e-01,1.061304140804155915e+00
3.618963313118772063e-01,-3.313555064701196873e-01,1.064489055204326018e+00
-3.467359577250846980e-01,8.076523774766832808e-01,1.072483370647465017e+00
8.378310448775422303e-01,1.582966178374322963e+00,1.100010152411200925e+00
8.561870532558180091e-01,-3.839762735305070340e-02,1.105087996577436948e+00
1.143857964077670958e-01,3.127118264407945936e-01,1.114542754204723929e+00
5.650680318596560392e-01,1.097508179209440993e-01,1.160996090077689891e+00
8.878463459565462124e-01,5.403762073101295860e-01,1.195132240474066965e+00
8.980770340089777592e-01,9.601042198857372423e-01,1.251945076009113977e+00
6.693630289760029717e-01,1.283666958522750035e+00,1.283232276051029963e+00
1.205276396834153108e+00,1.446063625568206001e+00,8.011920663064308057e-01
1.116405658249179034e+00,1.285998597869953963e+00,1.096857642953610990e+00
1.252035139387078111e+00,5.464679204183523487e-01,8.059171877883396506e-01
1.262495094139103102e+00,1.047062397585615923e+00,9.096203764284616078e-01
-2.722928906033317276e-01,1.197552226175238932e+00,1.151526825438522916e+00
2.544938532406473830e-01,1.343921521327533952e+00,1.252330846738104908e+00
-7.653872655445709272e-02,6.284941643363001207e-01,1.123384462513554061e+00
-3.029927649852385066e-02,1.515095617535948014e+00,1.129945424989853953e+00
-5.884584494028554102e-01,1.149023396456984036e+00,1.014400932761307050e+00
5.940184668676569135e-01,7.703806058660526146e-01,1.267646504953263920e+00
3.984308321129932939e-01,4.889945785313573046e-01,1.203986050117676010e+00
3.910536248224195099e-01,1.596490026616963043e+00,1.144522151886907091e+00
-5.944860133547069658e-01,6.509790274374600560e-01,8.772374903864569307e-01
-1.592894439004148011e-01,1.689080603058501051e+00,8.593310244045241353e-01
-5.290727144726576903e-01,1.562434076081651080e+00,8.508236376360718278e-01
-7.881506792702236419e-01,7.575711566925186213e-01,6.227599080177063096e-01
-3.835130056922794184e-01,1.702372445954277946e+00,5.202872577858935754e-01
3.983520699242628083e-01,1.800710128174574987e+00,6.668844715978988757e-01
-8.262366005695791493e-01,1.443768461950670101e+00,4.029005305663562186e-01
-5.249566640650038529e-01,1.667290818168797983e+00,2.105269947311682877e-01
1.037913975013780021e-01,1.800241846642308907e+00,-4.607173642406194730e-02
4.636604458936103845e-01,1.821005449514722097e+00,-1.418869289762412047e-04
3.840840009718504144e-01,-6.135543406305932201e-01,9.097360054681188357e-01
-5.869981895429700058e-01,-6.558736835904414031e-01,-2.696560935943155893e-02
-2.124572799491075137e-01,9.632982334090619547e-01,-1.151471007967439952e+00
5.783296515812835770e-01,1.226638884318902001e+00,-1.294107258429403107e+00
5.068982379890332179e-01,8.069364156116209941e-01,-1.269404423715368102e+00
-1.912689076236664953e-01,1.503630254802585942e+00,-1.090597238204420893e+00
-5.048059818661568832e-01,1.121410786177065022e+00,-1.059365653709281929e+00
-1.236290197422807990e-01,5.431589143199683223e-01,-1.089036427318218925e+00
4.444852344639830255e-01,3.793069006995226089e-01,-1.191256899781574896e+00
-3.706685486752183123e-01,4.202708301510024169e-01,-9.578628714862101878e-01
-6.533110430365242083e-01,1.423157088030325035e+00,-8.944761142188695224e-01
5.462919135491410838e-01,1.703259483132365082e+00,-1.009249709474105083e+00
-6.160188913716936332e-01,5.782619116046888719e-01,-8.252637249195273750e-01
2.278233429813170952e-01,1.769423326935464003e+00,-7.927402281809676765e-01
-2.422282141316340898e-01,1.707651589335783981e+00,-7.317605274547235306e-01
-7.935073360621641703e-01,9.998909780032070316e-01,-7.774870156585655945e-01
-5.678268523421278191e-01,1.620227468854914976e+00,-6.345284021724594270e-01
-3.032517596169528873e-01,-1.948864233601541873e-01,-9.172320040996609913e-01
-5.057463179733656666e-02,1.776454751083250905e+00,-4.238145546557436916e-01
-8.079818542993238983e-01,1.460846906485943064e+00,-4.738683491179824792e-01
-8.300207619404308401e-01,7.975170397946786949e-01,-4.630525302997314241e-01
-6.346250478604460454e-01,3.763355791982857940e-02,-6.670767785227933455e-01
-7.108169850341163887e-01,3.198937861786315118e-01,-4.602154792132581163e-01
-2.947588867756539138e-02,-5.323778839524035966e-01,-8.958801280380690457e-01
3.016289152762138132e-02,-7.350804185105395128e-01,-5.339299119548424066e-01
8.044606797953803012e-02,1.212836007719825915e+00,-1.239278642213901938e+00
8.835210496450263129e-02,9.222984375145988345e-01,1.222864035650137904e+00
1.015240579991287945e-01,8.923675567646846551e-02,-1.078619357261253908e+00
1.427699728740368101e-01,6.672036812033278474e-01,-1.189359754322159901e+00
2.267777660261645900e-01,1.540083610875853992e+00,-1.167857587700469990e+00
3.817775493008678245e-01,-4.849718095796933248e-01,-1.007133776261210922e+00
5.317763603121974381e-01,1.817040686615750911e+00,-3.968708499013505753e-01
5.449732732470503604e-01,-7.221954031976801636e-01,-7.203792857779000025e-01
6.796933499614219443e-01,-1.862255318210457866e-01,-1.111749997992391048e+00
7.380030411522882083e-01,1.773390011177448100e+00,-7.024626063649083152e-01
7.803786474061287226e-01,2.404771834124846130e-01,-1.169123877033412029e+00
7.815244100455112086e-01,-5.611034755700631260e-01,-9.146747485922538390e-01
3.667121969070157861e-01,-7.749854624625976962e-01,-3.795514863706965225e-01
8.729045319157722194e-01,5.667969351714953197e-01,-1.204182655832710003e+00
1.323700389261915022e+00,7.047842008664666480e-01,-1.271181343213640125e-01
1.291062290896451970e+00,4.714727437256487907e-01,4.541825267957277923e-01
1.341381823924260974e+00,9.931065478598394280e-01,7.335474629899940702e-02
1.279170693808741932e+00,4.244872233238288772e-01,-5.449054173523927291e-01
1.241845309369987937e+00,7.388414096883093307e-02,-3.691277319176615723e-01
1.336161832921358927e+00,1.036996538690162062e+00,4.646817935694981250e-01
1.329578904920869054e+00,1.019391796843998055e+00,-5.766139367868947652e-01
1.265830804297737089e+00,1.359973038984870097e+00,-6.929672000514212060e-01
-7.421534120416684033e-01,-4.956351772981955062e-01,-4.087031395962654745e-01
-8.597774908365302116e-01,8.622784142144743758e-01,-2.005657345699737165e-02
-8.957028248736621512e-01,1.283523126680095938e+00,3.958116996455945946e-02
-8.543726122879387042e-01,1.152764657081746913e+00,6.774415171041247019e-01
-5.122070991462527312e-01,-4.349799791854191966e-01,-7.789203230972606695e-01
-3.210671158772326894e-01,-6.983997757603592760e-01,-4.791575277758767792e-01
4.379704897600972813e-01,-7.783027780560465292e-01,3.105206839007815245e-01
2.437825606684052016e-01,-7.729318693958647790e-01,-6.696572234790050711e-03
8.721892256297754387e-02,-7.526638684078406083e-01,4.248005654102712803e-01
7.799857790667200641e-01,-7.351076656055952618e-01,9.795500959617842174e-03
6.825994504295994636e-01,-7.331712714760080241e-01,6.051877128164351305e-01
-2.517006385542500113e-01,-7.240278311398870015e-01,-9.879374739308498243e-02
-2.584784781935565157e-01,-7.169867212054262806e-01,3.817989371738834126e-01
-6.086834988245047873e-01,-6.387572369449551202e-01,3.547640272299267261e-01
1.035456426155108023e+00,-5.267221824550237796e-01,6.135791900409726107e-01
1.112421044555637062e+00,-4.531279778276415815e-01,2.289511661830364031e-01
-7.772681678108041003e-01,-3.498106856209763915e-01,-5.565697024065838217e-02
-7.315814774759985539e-01,-2.844291100889350110e-01,5.344888562040308599e-01
1.190460783200574024e+00,-1.830383701562345033e-01,5.168807025584182258e-01
-7.375309882004076334e-01,-6.986862159692082408e-02,2.258509028784262962e-01
1.237953325333202015e+00,2.764003343229061091e-02,1.095155920900614949e-01
-7.235703433052675937e-01,4.699190205041677698e-02,-1.660214179007261093e-01
1.282684809073981969e+00,3.652228953841658021e-01,3.577938702345912023e-03
-7.335416491724066068e-01,3.831156768670456181e-01,3.130207452775605192e-01
-7.586780703490394462e-01,4.898357479577927220e-01,-7.359541481235215565e-02
