8.160478533749452312e-01,1.675519258605834061e+00,-9.770041469851545868e-01
2.130221544727944893e-01,1.683724444519653973e+00,-1.012637853653334030e+00
-1.505032824400739100e-01,1.687698245769180039e+00,8.681174535466924524e-01
-3.819381511751112068e-01,1.696053037613600045e+00,-5.870755139464656214e-01
-3.692636886929179796e-01,1.711059292893490014e+00,4.483114742866359248e-01
2.437576936518577042e-01,1.740603062515116095e+00,8.983692938898261149e-01
8.525347341910418653e-01,1.758736384051444057e+00,-5.898476484035239942e-01
-1.367286156086290894e-01,1.766305341358545000e+00,7.376181032036145668e-02
6.044638670084004906e-01,1.784535369891576018e+00,7.430253111033133795e-01
7.860103289597790699e-01,1.786441941514606002e+00,3.835004249051903180e-01
1.076619787779826004e-01,1.793399319364646027e+00,-5.099829627594951731e-01
2.045272922324473108e-01,1.807306746740888981e+00,4.050888972956350198e-01
5.219368144965992329e-01,1.819426118762240030e+00,-2.507585420028958789e-01
1.187780150526366096e+00,-2.440604243800064133e-01,1.662399538242398944e-01
1.210215165302829909e+00,-7.100643419157214031e-02,5.360851553489973664e-01
1.248462160336134108e+00,5.241737040245327828e-01,8.070655844193452833e-01
1.256489442219639985e+00,1.778252705702144942e-01,-3.437882147461041038e-01
1.277756101628954921e+00,5.665470450899698918e-01,-7.054092645591014676e-01
1.290871620779739937e+00,4.367528425157958250e-01,3.003079613758912192e-01
1.322008581514432013e+00,6.911509752467945855e-01,-2.287044766135943874e-01
1.335209602834189102e+00,8.737958790089033201e-01,3.840069916756042034e-01
1.335645820275461970e+00,1.100021934498528919e+00,-4.100790683093407107e-01
1.312534169806033990e+00,1.112385135212170972e+00,6.962981708780950907e-01
1.180994632823509916e+00,1.145100984435281077e+00,1.053699212957613041e+00
1.257916048969506928e+00,1.276314109324329094e+00,-8.402662744166068398e-01
-2.494002590058073121e-01,-7.243299936845263298e-01,6.145776071612882308e-02
6.481000517011441253e-02,-6.895220520033591427e-01,-7.221256076136173263e-01
-9.053631682056616226e-02,-2.409605022131811880e-01,9.829210875250465884e-01
-1.533514023367889001e-01,-1.167569594641109931e-01,-9.787007882467521069e-01
-2.528454834294593945e-01,3.989799324415955750e-01,-1.008341275141537929e+00
-2.370102380164716138e-01,8.007004517477773753e-01,-1.111549719502989086e+00
-1.987427412768217883e-01,9.256205429277541974e-01,1.149341314519708890e+00
2.592415584106845250e-01,9.511823891896279415e-01,1.259153769336452067e+00
5.694011808626558979e-01,-7.035260603694966086e-01,7.666586479289609901e-01
4.207605661065825231e-01,-2.237481048779159931e-01,1.097431067803058991e+00
9.031554901868297236e-01,-2.744981623996892162e-01,1.026657525847556984e+00
-5.694905371540303074e-01,-6.621673069612191709e-01,-1.506309963308604949e-01
-5.237192820192687615e-01,6.671178388398940617e-01,9.391042003990228704e-01
-4.514850486982532884e-01,-4.437539931716724118e-01,8.069315749931161852e-01
-4.373983517847898073e-01,9.839229913782533699e-02,8.654240732673031955e-01
-4.282146378711376156e-01,-6.415382675608800600e-01,-6.180919056917808518e-01
-3.680631519894601023e-01,-6.902576908736894890e-01,4.820570133669390134e-01
-8.955556300536910985e-01,1.257867265356370945e+00,-3.693579356514732903e-01
-8.794000883984616213e-01,1.097812611063244903e+00,5.585751406012134934e-01
-6.704847847168859953e-01,1.059597257270110893e+00,9.451417260007003440e-01
-5.516906462681355761e-01,9.386489408117024702e-01,-1.004462977431417992e+00
3.989019303320507914e-01,1.175580432800505948e+00,-1.288569061614744049e+00
4.790313366760284852e-01,4.759163238862074152e-01,-1.211476271220675027e+00
8.692666439686425051e-01,1.137614156252374942e+00,-1.264008390918700986e+00
8.670539707155854314e-01,-8.270709873358209063e-02,-1.092805023870254022e+00
1.137276372518581935e+00,7.827934954066042561e-01,-1.087103364995799959e+00
1.081489136375143101e+00,2.546791015280659987e-01,-1.024856505985161093e+00
8.039436688610728243e-01,-5.300332149315820640e-01,-9.337102287620463459e-01
4.632131969057358134e-01,-6.804945331768084138e-01,-8.226999820251424955e-01
1.169789861577251955e+00,-5.264856237359710756e-02,-7.687701346587614282e-01
1.164451651287560896e+00,1.565717349574468065e+00,-5.868763978265678638e-01
9.065526510693879825e-01,-6.620614095437639124e-01,-5.193034318434290864e-01
1.151653430711137904e+00,-3.333596847111839900e-01,-4.942136034109363973e-01
3.667121969070157861e-01,-7.749854624625976962e-01,-3.795514863706965225e-01
1.000276712856756012e+00,-6.075006861525548141e-01,-4.805913244397887196e-02
4.160142388224554733e-01,-7.797851232165897706e-01,1.865803768789967010e-01
7.777552114531649519e-01,-7.322415718917874017e-01,3.659520643635736925e-01
1.089816154058159015e+00,-4.576388959871464102e-01,5.633113168900918399e-01
1.072420513687476040e+00,1.505124009141410868e-01,1.009667462607471977e+00
7.150102037650422071e-01,2.973421160712548805e-01,1.186325647074663037e+00
1.006371968797707961e+00,7.149880951505092064e-01,1.176348639931074969e+00
8.953216721583604487e-01,1.231572489049060026e+00,1.247457441711607107e+00
-7.925253650298469399e-01,1.324741981657052037e+00,-7.748354931436310933e-01
-3.301897420405652261e-01,1.325797349408770032e+00,1.117758757626488908e+00
-8.654732037661909683e-01,1.381888905103973109e+00,2.154111339855714069e-01
1.251811282920554991e+00,1.444857504525199898e+00,4.825706598195801944e-01
3.905290559436151998e-01,1.459053731624224914e+00,1.231697113754592898e+00
1.250036931804411999e+00,1.461162587819039071e+00,-1.919140363033305929e-01
1.254520524332827965e-02,1.545740532966292990e+00,1.119564335172412939e+00
5.260928669664876045e-01,1.546080380338574978e+00,-1.189387148557836005e+00
-6.865720549238696346e-01,1.581555142524116109e+00,-4.030018393602907145e-01
-3.164182590980328946e-01,1.588095906546381109e+00,-9.606232701220270842e-01
-6.206951807607679061e-01,1.588923427051623039e+00,6.499330448118045833e-01
1.053136495576171949e+00,1.614910360790934973e+00,8.300878458999201293e-01
-6.374366354943161728e-01,1.616628926056606907e+00,3.362585209452186724e-02
1.068267464418156898e+00,1.670357240313605995e+00,2.746688499651779927e-02
5.085287057465822658e-01,6.011087709807423352e-01,1.235873559580275893e+00
1.250359323384860000e+00,1.171870126978533933e-01,9.632229300993278009e-02
7.768278585014554150e-01,1.574947086319417933e+00,1.131375190949351905e+00
1.339837790399446948e+00,1.076263263022509964e+00,4.158314552883986617e-03
-7.572706966384540328e-01,-1.828951632043968878e-01,-4.170591265360728585e-03
-7.678276465601414635e-01,-4.115262035876929847e-01,-3.553489443845000983e-01
-8.148523898656843123e-01,6.992996718550842372e-01,9.177244827179181774e-02
-7.647573774321322349e-01,5.219311658966895306e-01,-2.669835945224270923e-01
-7.178079548246640851e-01,1.885109823477892077e-01,1.871386280955512904e-01
-8.251354495607382544e-01,8.086855354645756666e-01,-5.233116651256318752e-01
-7.211283573501747757e-01,-5.271472500538014749e-01,4.376875079367604782e-01
-7.012270777685600809e-01,1.716716976781610948e-01,-4.518701128841784986e-01
-6.737065639116274207e-01,2.499906333103553077e-02,5.861187169134497443e-01
-6.498763465814544338e-01,4.259224083135730865e-01,7.100949255453038456e-01
-6.461841787006830096e-01,4.341190924270192930e-01,-7.200939003728602517e-01
-5.998097927012780994e-01,-1.101056095694944031e-01,-7.325321736760644908e-01
-2.811786035627066027e-02,-7.470886051496321567e-01,-2.848455124223914225e-01
6.293311189492159508e-02,-7.280206676406455468e-01,5.944285798189655745e-01
-9.225603736843017780e-03,5.124827568178867976e-01,1.117963864687609110e+00
5.071507411333944781e-02,1.037440203883094048e-01,1.066322945083195028e+00
1.294283141673424065e-01,1.308950352961893993e-01,-1.091384526220136042e+00
1.147516441945719973e-01,6.633917073491917282e-01,-1.182118088032152015e+00
2.203870635947025036e-01,-4.272818638626770249e-01,-1.008554083381419053e+00
3.223218748898638020e-01,-5.600304088392850099e-01,9.507492296464946646e-01
-1.175408143161954938e-01,1.258090029587813019e+00,-1.191385797284483905e+00
