-1.120807585874850298e+00,-9.988116314416617403e-01,1.620205036946815058e+00
-1.102546839648139931e+00,-2.553404771610412904e+00,1.609815672234057971e+00
-1.034112930146710907e+00,-9.540705667375222188e-01,1.502977309511035919e+00
-1.000002813861496032e+00,-2.627035735984740938e+00,-1.660105085290640048e+00
-1.000000245366215124e+00,-2.414213898213754206e+00,-1.500000287456638715e+00
-1.000000066037571633e+00,-2.414213691842938658e+00,-1.500000113132312185e+00
-1.000000000000000000e+00,-1.000000000000000000e+00,5.000000000000000000e-01
-1.000000000000000000e+00,-1.000000000000000000e+00,1.500000000000000000e+00
-9.999999528942221660e-01,-2.414213470019937358e+00,-1.499999919300695428e+00
-9.999999507190704406e-01,-2.414213465786755108e+00,-1.499999914525761424e+00
-9.999999472516856169e-01,-2.414213465817486526e+00,-1.499999913561969267e+00
-9.999999297400051779e-01,-2.414213440116010023e+00,-1.499999883436852199e+00
-9.999998534697829289e-01,-2.414213378954914280e+00,-1.499999808077110197e+00
-9.999836510361415076e-01,-1.974993715113410930e+00,1.168995129951001077e+00
-9.629894947228323510e-01,-2.352088650628727962e+00,1.428403868720927061e+00
-9.508176919755774170e-01,-1.824111555285848008e+00,9.650151485424691700e-01
-9.451260808476520392e-01,-2.358361082897121985e+00,-1.437748630032104069e+00
-9.141260176529948378e-01,-1.155624103302242078e+00,-1.613468542537147998e+00
-9.091900577853984089e-01,-2.322893069232578878e+00,-1.400121838094680937e+00
-9.026378022287386838e-01,-1.641322866970315930e+00,9.956584282760282401e-01
-8.496621077589958659e-01,-1.781307277699121006e+00,-1.090194166328521064e+00
-8.371182314764362697e-01,-1.634123020103299018e+00,6.998467446091490851e-01
-8.322739359887975086e-01,-1.844659288430019917e+00,1.128684506095485096e+00
-8.042823456528738202e-01,-2.216167161808110020e+00,1.299604726040550107e+00
-7.694123562493961899e-01,-2.179818194134656828e+00,-1.238942683739743034e+00
-7.495003715591832538e-01,-1.218800595720515023e+00,-7.019752300273233159e-01
-7.097837389988348455e-01,-1.454091070667002938e+00,-4.338603655627338851e-01
-7.097837389988312928e-01,-1.454091070666996055e+00,4.338603655627253919e-01
4.804777217368832787e+00,-1.624372138279500000e+00,3.833924229617205803e+00
3.523057894118761357e+00,-1.080973104890653458e+00,4.157151819432597151e+00
4.967249522901044045e+00,-2.055597842363638073e+00,4.162160454905843743e+00
3.442779092508875927e+00,-1.963243992756817047e+00,4.340729336982254161e+00
3.784500730433904891e+00,-1.000176571356385047e+00,4.342598472577725133e+00
3.599173536301856213e+00,-1.602707908435504036e+00,4.498801366646605793e+00
3.933773235157536963e+00,-1.000741609814322031e+00,4.511741854199977197e+00
3.773473389614343976e+00,-1.907517198414973691e+00,4.522083186056327975e+00
3.617872712167941263e+00,-2.117116505759103706e+00,4.576866153660660963e+00
3.545968140172977900e+00,-2.131552760660139878e+00,4.593335531838470764e+00
4.069934999008994581e+00,-1.000087576581182969e+00,4.646145959499932587e+00
4.358280268776050903e+00,-1.109343989893218030e+00,4.877576711960711187e+00
3.742977642885154221e+00,-2.328529919849564589e+00,4.882567780478417774e+00
3.791672610896713813e+00,-2.370633729713471194e+00,4.934830051022079722e+00
4.306994444389834698e+00,-1.917888600214681105e+00,4.955998670699949926e+00
3.579506441527627647e+00,-2.163502754557584229e+00,4.649421258311102534e+00
4.057676667845283802e+00,-1.972720976042248386e+00,4.780714605211959345e+00
3.678818642243233850e+00,-2.233719793014848243e+00,4.813560912700637573e+00
4.721838486640998589e+00,-2.282199690549966409e+00,4.006459004952573011e+00
4.071916146039185058e+00,-1.001263454771250005e+00,4.661121463018109701e+00
3.799367689597100028e+00,-1.993518856341556456e+00,4.886925314394805930e+00
1.132587495459844495e+00,-4.808974025209999503e+00,3.497570583789136656e+00
1.493750900423857608e+00,-2.917443144748845363e+00,3.632067784265822219e+00
1.370530737721975534e+00,-4.813449037516042139e+00,3.688672159628762603e+00
1.001800401765635895e+00,-3.316552150964641843e+00,3.843888365772536009e+00
1.133755114023053068e+00,-3.795511641390982405e+00,4.296854667313076526e+00
1.001004217945660857e+00,-3.759589322797439959e+00,4.328038436337476647e+00
1.003513965037599043e+00,-3.958313988386295001e+00,4.514770841118559197e+00
1.000248707346873989e+00,-3.956427560578537950e+00,4.523972048219033759e+00
1.000398336171931968e+00,-4.125864700014271413e+00,4.702604719429288593e+00
1.020846526397193976e+00,-4.220367655777019777e+00,4.770715887222764628e+00
1.000126843508148955e+00,-4.313022647008325272e+00,4.904140512992198886e+00
1.001034434750223578e+00,-4.330591210372474187e+00,4.935959982915756328e+00
1.604776973420531050e+00,-4.418670736535783128e+00,4.951068234961538472e+00
1.001218131825004631e+00,-4.349641466718085603e+00,4.957156170586113575e+00
1.001086642650842018e+00,-4.388254131352531395e+00,4.997800335898085144e+00
1.001355552565768026e+00,-4.311039156334277145e+00,4.916525354553542115e+00
-9.142166461632981189e-01,3.945953204017674243e-01,-7.691227741797186379e-01
-1.599452668862918925e+00,1.863024245221072961e-01,-6.659358596201864211e-01
-1.583738507172252952e+00,-7.728714327028729514e-01,-6.054152203337986871e-01
-1.510553326944110042e+00,-1.377371781732996958e-01,-5.172178846488834081e-01
-9.103239967722983605e-01,8.223832492239902849e-04,-5.003898590354077802e-01
-1.394880108219695103e+00,7.168142872212954764e-01,-3.811190488978334900e-01
-1.399853236347107011e+00,5.594582093985598359e-01,2.847072809734884080e-01
-1.280675369060161106e+00,-1.914271832625764058e-01,3.129710217975216202e-01
-7.497089057123804690e-01,3.628947942159115869e-01,4.319133930099733898e-01
-7.301421004253402236e-01,5.577658059976866589e-01,4.444102548395186814e-01
-7.263292201702121753e-01,-5.600846292093812906e-01,4.445595993311027838e-01
-6.614921578162584748e-01,5.929592881719770725e-01,4.516222160581936929e-01
-1.006855113185620931e+00,9.454632327886857146e-01,4.570895904774017748e-01
-1.414213562373094923e+00,-7.737568525994204350e-18,5.000000000000000000e-01
-6.429806194827567545e-01,6.441189082361072904e-01,5.000910916750418433e-01
-6.431426811300952062e-01,6.442036097801656647e-01,5.002225033029171763e-01
-1.384838684219416916e+00,-3.059951655085826894e-01,6.838806055950559237e-01
-1.764999843265055990e+00,7.486334375067783542e-01,7.697274438880148395e-01
-1.346131174190879021e+00,-7.245943898247315662e-01,7.935583250929887367e-01
-1.814891460806081103e+00,4.106915276624049094e-01,8.369702572469197577e-01
-1.763951604878178037e+00,-3.677112372912841876e-01,8.640968571182859881e-01
-1.949977730620062077e+00,-5.382154292237468773e-01,9.940352885330338006e-01
-1.088770156679522039e+00,-3.316828239323635907e-01,1.068834859121871039e+00
-1.000019430063223025e+00,6.228008651117954431e-01,1.133533542352197943e+00
-6.441100440005643746e-01,6.430768600258882639e-01,5.000770113161708830e-01
-6.440463678274950254e-01,6.429845527581883324e-01,4.997786157769842363e-01
-6.409697535578734451e-01,6.445637171899192275e-01,4.975719783830896970e-01
-6.461812103635500293e-01,6.426297862097326563e-01,5.023998369575320977e-01
-6.440647772584343622e-01,6.428555835811257113e-01,4.995392913165153104e-01
-6.440602045875799542e-01,6.428815770897128301e-01,4.995790756059764748e-01
-6.443283918952893430e-01,6.424599020563980245e-01,4.990317103535322207e-01
-6.440511915950190014e-01,6.426860968603276270e-01,4.993613600409774200e-01
-6.429613804824881873e-01,6.440567801176849683e-01,4.997089751225202714e-01
-6.427019665714277519e-01,6.440681949925740613e-01,4.993529885016976810e-01
-6.443069157838965388e-01,6.425871151680289106e-01,4.991882475901594507e-01
-6.418485942152244439e-01,6.442877510056980173e-01,4.984358290703267969e-01
-6.408746864408384480e-01,6.445984448294490576e-01,4.974757134481577747e-01
-4.948523013545854887e+00,2.542048413522192352e+00,-4.270884880627416891e+00
-4.986347141149710893e+00,3.571171561127524097e+00,-4.158064069281902420e+00
-3.192361338271181292e+00,4.813251777715215063e+00,-4.145939190040976108e+00
-4.678161387751057276e+00,2.619060425400463465e+00,-4.014178891036947583e+00
-4.618734927198349993e+00,3.182691887435903144e+00,-3.860978943326300872e+00
-4.735418996068864850e+00,3.305026849174612202e+00,-3.848874486332515943e+00
-3.274773256086435325e+00,4.791490199199761157e+00,-3.778119206547059239e+00
-3.078901221617234896e+00,4.502230399162533203e+00,-3.720345492785460007e+00
-4.393679214250594711e+00,2.377068327190783315e+00,-3.704788104348188060e+00
-2.969549460864186141e+00,4.384190030674202987e+00,-3.547070318605797024e+00
-2.984161316605964842e+00,4.855322771471391796e+00,-3.540361021951749176e+00
-4.282611574251480313e+00,2.860970128044218352e+00,-3.409745548441450946e+00
-4.903993980021775556e+00,2.712086142123672161e+00,-3.391461334960156115e+00
-4.976205229633375637e+00,2.206994976821083476e+00,-3.215258503435693083e+00
-4.276689691776022428e+00,2.410872385489716496e+00,-2.988984165088172329e+00
-3.752557665884114879e+00,2.335766271959041074e+00,-2.925515820582395232e+00
-3.270284662971196799e+00,4.686567576137511182e+00,-3.888601008007120718e+00
-3.114139278584183934e+00,4.596095423109736622e+00,-3.623470779698636957e+00
3.830028085266990789e+00,-2.293302423063261486e+00,-2.794130157248149171e+00
3.558228032197606971e+00,-1.675002689587419047e+00,-2.773072613789022256e+00
1.653470288961456980e+00,-4.372133842093158584e+00,-2.755795777934204160e+00
4.339047512456624567e+00,-1.569964540871782388e+00,-2.726777713853313578e+00
4.059919693611732328e+00,-1.982444069171529044e+00,-2.680143497640071093e+00
3.580909500862266004e+00,-1.278515928477294006e+00,-2.645313619057913179e+00
1.926442679353443932e+00,-3.418786153767535918e+00,-2.634762067178165967e+00
3.291981269328347004e+00,-1.867865467123489998e+00,-2.386224167023275111e+00
3.106199710834245842e+00,-1.691196813198128979e+00,-2.221579076437707023e+00
1.621587762899633356e+00,-3.098560029249921133e+00,-2.122031789357322840e+00
2.907771207222292986e+00,-1.492482680512501103e+00,-2.031534748454916883e+00
-2.200171331946741304e+00,3.614946861486938445e+00,2.771692907065462119e+00
-2.152214652129624817e+00,4.002547481840725396e+00,2.739791268654162781e+00
-1.883576227303372042e+00,3.389707242938699849e+00,2.606609049025105040e+00
-1.642291711514078933e+00,3.073996826400259952e+00,2.148827905069146116e+00
-1.535304979977164086e+00,2.963506428337514098e+00,2.041239749667584036e+00
-1.383390082414603928e+00,4.337363214401063871e+00,2.722810049766140050e+00
-1.352384022073553682e+00,3.467659709364557585e+00,2.178854638651496423e+00
-1.088369551312315942e+00,3.764972981875688074e+00,2.658284420160344830e+00
-1.000410325466990047e+00,3.680905042829004881e+00,2.453336863546283997e+00
-1.000192835253381096e+00,2.894375256663448859e+00,1.855988246135316100e+00
-9.996783466810402752e-01,2.084351205377899863e+00,2.579161765936426320e+00
-9.992047768391567608e-01,1.528819276782386938e+00,2.023028522049293176e+00
-5.141510997973806063e-01,1.849238256755322052e+00,2.163682448605702024e+00
-1.503115920384062942e+00,2.918457210981808103e+00,2.023658604466822997e+00
-1.000650000324608158e+00,3.072747481302177786e+00,1.984786229645105093e+00
3.379025931309672881e+00,1.541556974853556250e+00,-4.228656614220573928e+00
4.175328984672263211e+00,1.925683320027866907e+00,-4.850503520377612787e+00
4.848794541594545926e+00,1.932207220736103626e+00,-4.013138423999436100e+00
3.802387390780380017e+00,2.024799690480135084e+00,-4.620545895553726190e+00
4.276399725588941436e+00,2.036776677064513041e+00,-3.534383551490794861e+00
3.506905617794236818e+00,2.091561483218074891e+00,-4.523093912615620660e+00
4.981181226409226781e+00,2.374482538581398128e+00,-3.273492189265264862e+00
3.792012228041861999e+00,2.375731179976833918e+00,-4.947674329782901559e+00
4.836404087439881927e+00,2.689090744819198964e+00,-4.179682923379165693e+00
4.248879571800081578e+00,2.833963001518974067e+00,-3.405261019930747146e+00
2.975985534427707968e+00,1.560820361802010892e+00,-3.733560670720438956e+00
4.269728446104553932e+00,1.843343137553533850e+00,-3.474729571582399590e+00
3.711203666433703141e+00,2.296732540931897049e+00,-4.834539545169855401e+00
3.532970864365722719e+00,2.118744597783747352e+00,-4.569792419325334087e+00
-1.218863087418013080e+00,3.675229946377617907e+00,4.178255094096024358e+00
-1.003210565541599486e+00,3.849733483063574102e+00,4.400789587831930305e+00
1.000000523220939241e+00,3.912071708961816441e+00,4.481370466753362258e+00
1.080046764647666580e+00,4.005615985516848276e+00,4.519883147980935156e+00
1.000040715836999050e+00,4.226200585944315691e+00,4.816846605733429598e+00
1.069801449972129337e+00,4.242382719139389913e+00,3.003991997912644596e+00
-1.030916986578899408e+00,4.298655738649190816e+00,4.845858154591708988e+00
-1.012147987565150009e+00,4.551625415148974341e+00,3.144135650112600988e+00
1.026854284988515609e+00,4.593452239501690570e+00,3.206292690111951060e+00
-1.165863115841031972e+00,4.692607454001392675e+00,3.008288735424353266e+00
1.001500724158282951e+00,4.755054068282496438e+00,3.253805764866885220e+00
-1.000001721201850824e+00,4.760840629320790995e+00,3.237742228621698803e+00
1.073829020077688101e+00,4.872753762186281534e+00,3.186746868988220793e+00
1.446020414523007780e+00,4.879737197897414447e+00,3.789711740274033236e+00
1.114454938722035493e+00,4.780948381621002774e+00,3.094828149156029884e+00
1.570707938536366033e+00,3.814833882036691826e+00,4.390940567098735592e+00
1.494481771811438042e+00,3.638888347947954127e+00,4.493989169741089640e+00
-1.002159216328974978e+00,4.677744216055000237e+00,3.201403643980845981e+00
1.014005636480304950e+00,4.866194852001640037e+00,3.380809566729230831e+00
1.000159641196509908e+00,4.057045114409615572e+00,4.638638584832606604e+00
-1.000587809470357081e+00,4.061738468414269221e+00,4.633363809033219205e+00
-1.041406151617116027e+00,4.923548581805769153e+00,3.253289718729591939e+00
-1.000001731657379933e+00,4.373186227010536165e+00,4.971996981661798820e+00
1.000000380047977977e+00,4.373291128060931676e+00,4.971898414194315663e+00
-1.015541763661290009e+00,4.676328207183663821e+00,3.112744549333920752e+00
-1.000069568101136896e+00,4.890585233208723182e+00,3.336181252094192917e+00
1.000019560955480946e+00,4.893924257896056673e+00,3.331684328874315870e+00
-1.000339181869170035e+00,4.364507205220428787e+00,4.956881405272432595e+00
1.001334416194636034e+00,4.355406437122226748e+00,4.963822679735426568e+00
-1.000371216730125079e+00,4.386697186647676716e+00,4.980271382126342239e+00
1.001467359958249759e+00,4.377097002384217284e+00,4.987555057108048473e+00
1.001208920364079047e+00,4.333702159046450397e+00,4.940090985302830084e+00
-1.000308755702703056e+00,4.342311726496905777e+00,4.933488153275203736e+00
-2.214950324535933213e+00,3.692955458633282007e+00,4.710863221937260370e+00
-2.193445076293136786e+00,4.443696414263479610e+00,3.725729204494365732e+00
-2.078693113974056761e+00,3.948748712619030155e+00,4.763078474170805876e+00
-2.037017670945686199e+00,4.978649069197932597e+00,4.165246480957147668e+00
-2.028875721533046406e+00,3.598741747399288649e+00,4.667432042104738166e+00
-1.996379505273453425e+00,4.891201762559225230e+00,3.115172949152780646e+00
-1.952502305101774027e+00,4.066413333893493132e+00,3.317772535172051729e+00
-1.824701449401443076e+00,3.239872908457294809e+00,4.137591102922310249e+00
-1.645046834779913425e+00,4.458783838309150482e+00,4.997340757463407890e+00
-1.585875821297994870e+00,3.000777381561702484e+00,3.780246332878045123e+00
-1.476914200806244803e+00,4.717682165967717722e+00,3.680958572526972450e+00
-1.349097200837380051e+00,2.764339582126774886e+00,3.421742375695333127e+00
-2.316487537502253780e+00,3.730715529607153691e+00,4.867093868837161885e+00
-1.911607881835259093e+00,3.326186097745384096e+00,4.256505834284413758e+00
-2.271097281594125938e+00,3.926047575186612182e+00,4.890591611798850380e+00
3.477521761946287815e-01,-1.324691692599152093e+00,1.941767070625743108e-01
1.453335862668468037e+00,-5.558071362076947297e-01,3.484589449492411783e-01
9.049113393032843788e-01,-1.183092785888210985e+00,4.347584739420810029e-01
-2.336645292227131909e-01,-1.327507203526544943e+00,6.038374304560505390e-01
7.887140011692268526e-01,-4.675349615871530751e-01,6.068061742023547200e-01
1.389778825515531890e+00,-9.924224051988160822e-01,7.733078514762320443e-01
3.875149292443295090e-01,-1.050711629471227093e+00,1.039278707219503994e+00
1.168880644912988931e+00,-2.457019026153768049e-01,1.158758140286930916e+00
-2.425807173094975122e-01,-1.358919113118923105e+00,1.393285194135402971e+00
9.105332712304279319e-01,-1.034332770961394088e+00,1.430004234023102061e+00
7.068029239707973588e-01,-2.916033231690533523e-01,2.055401239452604722e-01
-4.142136289752209044e-01,-1.000000039433151411e+00,9.142136649644054813e-01
1.571093808455185092e-01,-1.258678245016751074e+00,1.292602920868775040e+00
-5.678840100862299067e-01,-7.761089892454479111e-01,6.422234781057832853e-01
-6.556012660696625138e-01,-1.002493912631098993e+00,1.156960421549336093e+00
1.531903437175450078e+00,-8.806352053383452727e-01,6.502155595051780645e-01
-1.315438634558533104e-01,-1.283330024981347961e+00,1.317022556633836938e+00
-1.365629417335920914e+00,-9.512375656242644251e-02,1.455923805576220031e+00
1.483835187008103906e+00,-8.336437552716770005e-01,5.639680654819516636e-01
-9.944469350716371725e-01,-1.474658751999444961e+00,7.692178830572991011e-01
1.459350236343488039e+00,-5.884482919187083994e-01,3.684549148135543017e-01
2.036526708160288912e+00,-3.479097117827484098e+00,4.510898954300177621e+00
2.229024267986667862e+00,-3.903582740086160019e+00,4.842110813048634554e+00
1.980532364751039998e+00,-3.396047191828925893e+00,4.372468863437699582e+00
2.136141778395956869e+00,-3.563296233467796892e+00,4.581698052996366677e+00
2.134312978583705167e+00,-3.549198587778076952e+00,4.588535422667285424e+00
2.322761699175458716e+00,-3.738516325659296147e+00,4.888586239483005080e+00
2.156364408360150975e+00,-3.578630798172362848e+00,4.655457647690490752e+00
2.269027202206859162e+00,-3.684001126769572032e+00,4.790486654209640704e+00
4.870708719671569931e+00,2.142922588879772938e+00,3.140996083627479063e+00
3.981350645915514352e+00,2.261050307581917718e+00,3.268893615253171347e+00
4.928334013417292603e+00,1.013425151833946103e+00,3.298784275364619045e+00
3.030688588104279990e+00,1.000585976248292930e+00,3.548951941790531972e+00
4.388580668100943605e+00,2.079241514864178075e+00,3.649094125400245137e+00
4.877390526491340417e+00,1.497075350916892145e+00,3.819535991160224686e+00
3.031987792004906090e+00,1.617742723058165799e+00,3.821371789632472371e+00
4.925227587490713432e+00,2.138039920833474827e+00,4.153206889267004875e+00
3.408357876462666969e+00,1.507201978858307978e+00,4.246330713243809285e+00
3.902492156821715685e+00,1.212936363095223902e+00,4.402647087223579447e+00
3.726598896317276033e+00,2.099214849056211030e+00,4.624432007158760349e+00
4.331818573900819480e+00,1.172029822087466533e+00,4.838874307074632064e+00
4.333456283240422202e+00,1.874043859272679802e+00,4.959430962989982206e+00
3.606682134796864947e+00,1.000758903845907932e+00,4.151485769360206746e+00
3.782014673696489915e+00,1.000058145636617990e+00,4.345370848665631947e+00
4.577327420369734945e+00,1.008048824484196526e+00,3.151543723711537570e+00
2.617197550083870006e+00,1.202179443429221006e+00,3.212926019126252974e+00
3.232886486793939085e+00,1.818182615529247537e+00,4.125626002023518701e+00
3.390138759161935855e+00,1.975701881363518986e+00,4.353063241111288839e+00
3.789932598621648108e+00,2.364744723286024808e+00,4.924059070378513425e+00
3.447350257071612134e+00,1.000001162992135928e+00,3.990295065237697170e+00
4.907692611069147226e+00,1.005513106497595954e+00,3.385586900112818043e+00
4.067877746059431310e+00,1.000039158507898041e+00,4.648341408451540424e+00
4.726654880462884734e+00,1.000791823247757062e+00,3.227224522148655961e+00
3.775980993634199923e+00,2.066359475944278934e+00,4.631865838125412083e+00
3.812766413028072510e+00,1.000000449443004369e+00,4.375761774510253055e+00
4.680388734403045703e+00,1.002766627239985109e+00,3.206713421638013095e+00
3.760674438773148331e+00,1.620572735710630319e+00,4.684153414244086377e+00
4.079160616634034398e+00,1.000149627580172007e+00,4.655146519400610750e+00
-4.948523013545855775e+00,-2.542048413522191908e+00,4.270884880627417779e+00
-3.830156075684322925e+00,-2.377844006190145798e+00,4.944573270705055812e+00
-4.391639167043160263e+00,-2.377077732708665625e+00,3.702740342539821317e+00
-3.802767894116492187e+00,-2.264546826226829790e+00,3.060099074511696937e+00
-4.979804506767846028e+00,-2.180361124432384390e+00,3.209438828724527237e+00
-4.146234063785403379e+00,-1.975957625962974973e+00,3.398302979127771017e+00
-3.328354494020046683e+00,-1.913222856964792218e+00,4.269936942257260171e+00
-4.032049233927826215e+00,-1.882979078080869950e+00,4.712034926283003244e+00
-3.825994585192749931e+00,-1.821458796360778898e+00,2.504320691660105958e+00
-3.209298872422632787e+00,-1.793287359803058978e+00,2.323766902091557007e+00
-4.543144847046969304e+00,-1.715973493534312944e+00,2.865327788852368940e+00
-3.635819421124872886e+00,-2.210122777670278982e+00,4.692419394915283704e+00
-4.677663543542783131e+00,-2.618989467718555897e+00,4.013668818469657396e+00
-3.985896229889285713e+00,-2.193789808833252142e+00,4.870161933044639291e+00
-3.415649909638966086e+00,-1.991650250099866959e+00,2.588940851895694895e+00
-4.449518384870094323e+00,-2.201691653547367178e+00,2.952382562783721909e+00
-3.750521754407919683e+00,-2.335764155590235536e+00,4.903361863302365897e+00
1.156224483347165322e+00,4.890532326660780527e+00,-3.150101800309204503e+00
1.181379632473761987e+00,4.225579119919452786e+00,-3.095594730737114997e+00
1.001131230276849138e+00,2.507356312045937674e+00,-3.012803828954530250e+00
1.806751768346742004e+00,4.230747576095832407e+00,-2.705973476049723825e+00
9.816291693873101520e-01,2.091437142516316960e+00,-2.591208215515258928e+00
1.225460758325036981e+00,3.869379617604970178e+00,-2.431950106197922956e+00
1.786791071554719945e+00,3.588230052728398789e+00,-2.382433418686968007e+00
1.117502721783123931e+00,3.241197132128501135e+00,-2.267924287476558831e+00
1.534520236577787022e+00,2.948779089043926049e+00,-2.063677918608734174e+00
-3.864855402555669173e-01,1.797481165319557928e+00,-2.040625183790542696e+00
4.616983370274835852e-01,1.858715879591048337e+00,-2.140606752075635111e+00
1.409063056729738639e+00,3.392267127466115806e+00,-2.542474471826235760e+00
1.003868629245890043e+00,4.563067496319103356e+00,-3.125805620358406145e+00
-4.744935005147412066e-01,1.886249501476755963e+00,-2.164542844430179969e+00
6.342682230190880288e-01,2.048344171919203038e+00,-2.388730991639948176e+00
-1.182727546356038051e+00,-2.610816809332960009e+00,3.183164234791841185e+00
9.999993110149041353e-01,-2.414212122079402612e+00,2.914211797933809134e+00
-2.414212124082955935e+00,-9.999992796128686079e-01,2.914211786701066842e+00
1.230547053412734959e+00,-2.646273181211816983e+00,3.248079237169250177e+00
-1.000188586364693988e+00,-2.745432937342656032e+00,3.254463780986439847e+00
-2.755372059976472165e+00,-1.000408774733827055e+00,3.269322277604929106e+00
-2.535856796396227075e+00,-1.121594773447815108e+00,3.091954657957605157e+00
-2.626743550321211984e+00,-1.212336161365926035e+00,3.222858424985282078e+00
2.783121595549807203e+00,1.362276666944794101e+00,-1.868395154315863005e+00
3.255460551734737695e+00,1.459505812446402873e+00,-2.433025578842931136e+00
4.821215040994098366e+00,1.718865182836867067e+00,-3.032352023743300595e+00
4.300925184210771413e+00,1.954590813367273583e+00,-2.786886297082055819e+00
3.506965902519059153e+00,2.035904125944429932e+00,-2.537382497302152817e+00
3.804292948839115063e+00,2.346314764240243100e+00,-3.031502613043798977e+00
2.276026284048262127e+00,3.772045109061699986e+00,-3.015441473788864180e+00
2.054341362391272074e+00,4.732971427815513721e+00,-3.042809000030574751e+00
3.751187993065538073e+00,1.698574455985011777e+00,-2.960455358019849825e+00
4.243063807857381242e+00,1.334261276920726935e+00,-2.665221807207673876e+00
1.824170664608308012e+00,3.248481764350915846e+00,-2.341035623797564913e+00
3.235408247268614090e+00,1.817518347649424104e+00,-2.386663812308658983e+00
3.381945500001009908e+00,1.948806661657267902e+00,-2.461479182232083840e+00
2.104495260790490985e+00,4.839259900269597736e+00,-3.113419895329640141e+00
3.469618417224086926e+00,2.041203272877929020e+00,-2.652126132172762052e+00
1.839066210215303920e+00,4.604929621165661402e+00,-2.921427798229355055e+00
-2.530289789172294856e+00,-1.115828489479312013e+00,-1.625480915583872976e+00
-2.529047469290000905e+00,-1.101267552139274075e+00,1.601713265425912969e+00
-2.414213928986219226e+00,-1.000000266422757855e+00,-1.500000310892918964e+00
-2.414213721530479084e+00,-1.000000038558747306e+00,-1.500000125381333094e+00
-2.414213699037161653e+00,-1.000000026459713087e+00,-1.500000110869441405e+00
-2.414213697666212077e+00,-1.000000106498884378e+00,-1.500000134151917353e+00
-2.414213683021855683e+00,-1.000000063084632851e+00,-1.500000107519783743e+00
-2.414213465279114068e+00,-9.999999621410966544e-01,-1.499999918101113217e+00
-2.175629691563404133e+00,-9.997888990582367574e-01,1.323751606707451955e+00
-1.901595271315615898e+00,-9.853306106659771579e-01,1.147525896322252104e+00
-1.644249942775857010e+00,-9.931606674433467452e-01,9.529317599402613581e-01
-1.426614192263945036e+00,-9.986179420819812913e-01,7.822254240190911201e-01
-1.247339740369991068e+00,-2.671324148522864039e+00,1.748809625646011945e+00
1.023019188691635106e+00,-4.176840656481896730e+00,-2.888965161034000140e+00
1.028417777246633635e+00,-3.835695441992215571e+00,-4.362243356471281253e+00
1.088799103405892144e+00,-4.918507391548870622e+00,-3.208013734850088561e+00
1.169413554255900323e+00,-4.235993978196596288e+00,-4.741222451952046946e+00
1.212774280756800049e+00,-3.390939108018633963e+00,-4.089538828007375670e+00
1.484460583488653063e+00,-4.728866881539100397e+00,-3.694337980737198102e+00
1.715702448181184891e+00,-3.132705448410367133e+00,-3.980625196172656199e+00
1.727814826193093456e+00,-3.895816752023510965e+00,-3.101613120350320774e+00
1.775496877059891343e+00,-4.859804002323665273e+00,-3.061061733806820229e+00
1.970847364937629909e+00,-4.205830682257390762e+00,-4.898124891461769437e+00
2.082741352725591355e+00,-4.271894768702303224e+00,-3.540198483566427079e+00
2.097893144717295044e+00,-4.993082417816427920e+00,-4.199706934770144784e+00
1.590587155896076021e+00,-3.808501158047310042e+00,-4.723032841820849370e+00
1.641114896593907524e+00,-3.602897858522556618e+00,-4.238292788793303068e+00
1.003868629245888933e+00,-4.563067496319100691e+00,-3.125805620358406145e+00
1.000032313465599287e+00,-4.829728724239413573e+00,-3.284232279836178936e+00
1.014619647152307902e+00,-4.398539768178842735e+00,-2.914023690613241957e+00
1.004410497206283948e+00,-4.412109733519338661e+00,-3.016925147540535868e+00
1.000164889867990015e+00,-3.332414914458053268e+00,-3.871986173861934777e+00
1.000398336171931968e+00,-4.125864700014271413e+00,-4.702604719429288593e+00
1.922733429169156016e+00,-3.337605134092791026e+00,-4.271985814520174785e+00
1.000126843508148955e+00,-4.313022647008325272e+00,-4.904140512992198886e+00
1.007817896854994899e+00,-4.575268192021447078e+00,-3.057096100518088111e+00
1.000097701443503961e+00,-4.264500336486804599e+00,-4.852876417974225198e+00
1.326093607405314900e+00,-4.642667407368921140e+00,-2.930144697716979163e+00
1.001783733311516045e+00,-4.752075197175187782e+00,-3.253548805530280141e+00
-1.288129913209208999e+00,3.658345975030079966e+00,-4.170786745004697593e+00
-2.054182570084677639e+00,3.658629461206514666e+00,-4.544829384157452523e+00
-1.088369551312317052e+00,3.764972981875688962e+00,-2.658284420160346162e+00
-2.373050833481907151e+00,3.862513858176494619e+00,-4.949814082956435435e+00
-2.457598184308403155e+00,3.880280201757865477e+00,-3.074093870161136444e+00
-1.459814202030875974e+00,3.989898853744112461e+00,-3.079276922161229724e+00
-1.678579629225762870e+00,4.138868504985802943e+00,-4.716109726068402175e+00
-2.256683548898107627e+00,4.263587688984713964e+00,-3.560917478567569461e+00
-1.030916986578898964e+00,4.298655738649190816e+00,-4.845858154591708988e+00
-1.797173773949241049e+00,4.306761102971671029e+00,-2.745126361575537910e+00
-1.000001721201851934e+00,4.760840629320791884e+00,-3.237742228621697915e+00
-2.342264877463930972e+00,4.869001809230547373e+00,-3.206902579262655539e+00
-1.697813132734202091e+00,4.869584311592666914e+00,-3.060354432510480116e+00
-1.477483700827382895e+00,4.880379033817233925e+00,-3.809905954190297095e+00
-2.284208106787386061e+00,4.916585531617796434e+00,-4.187244741477207377e+00
-1.000031983104763045e+00,3.750282371760131017e+00,-4.308351457458418743e+00
-1.000964409453672932e+00,4.194558370140130776e+00,-2.838122619877435859e+00
-1.000631970304064033e+00,4.827092267169969197e+00,-3.299024468137721211e+00
-2.106515795266664881e+00,3.855143194190279843e+00,-4.715904293059346664e+00
-1.008333365983010932e+00,4.437457973431400582e+00,-2.955887693919798220e+00
-1.000125196521639559e+00,4.373974448586422703e+00,-4.975827280565720656e+00
-1.001369433265897779e+00,4.116479435908834361e+00,-4.709031976653382578e+00
-1.000141101767147100e+00,3.956658973749786146e+00,-4.525257820024332744e+00
-1.008835245839452943e+00,4.880244538253791120e+00,-3.376860151181069192e+00
-2.294575283903257823e+00,3.711020595809503053e+00,-2.841542051731785090e+00
-1.047933149651946394e+00,4.691592742538381877e+00,-3.080684955466602037e+00
-1.458078491635937057e+00,3.723085074072923550e+00,-4.271378047353683094e+00
-1.708133716797570090e+00,4.699948370531781272e+00,-2.957992754972154081e+00
-1.305786588207755061e+00,4.413031867410349918e+00,-4.913039029651442569e+00
-2.189498967634162074e+00,3.604811310600127161e+00,-4.685781247925127069e+00
-1.007455743488578026e+00,4.924205846644188256e+00,-3.404679506828268920e+00
-1.000072169487038032e+00,4.094962408753563210e+00,-4.677778906345949395e+00
-1.005337662207347549e+00,4.754295445674578069e+00,-3.194392636644849848e+00
-1.000365969094059393e+00,3.786421862395195959e+00,-4.353098186397363456e+00
-1.000438645414917005e+00,4.184217190351179561e+00,-4.764323629292658957e+00
-1.000413774431522018e+00,4.308090934027607233e+00,-4.908316432964024756e+00
-1.678169771955922984e+00,4.936137783383371058e+00,-3.100417825478969824e+00
-1.791186605182667924e+00,4.614392131482855319e+00,-3.755456716024697883e+00
-1.409421011343823027e+00,3.776933064660319861e+00,-4.605151140022421430e+00
-1.125119241437881001e+00,4.946127321805198207e+00,-3.204780389920888872e+00
-2.370593811117987837e+00,3.784832988612896187e+00,-4.948319570016890268e+00
4.910841944965137706e+00,-2.707252986816613749e+00,-4.255807166382672868e+00
4.425389864845675980e+00,-2.488129575862183973e+00,-3.746495853291274880e+00
3.705620831986351948e+00,-2.291125889011496941e+00,-4.825945348549010916e+00
4.985436270131597070e+00,-1.912618955563401002e+00,-4.121323918678045928e+00
3.836536130134578837e+00,-1.789548717431593161e+00,-4.504974765233618506e+00
4.405605866226174783e+00,-1.757236210133896526e+00,-4.979686746743571923e+00
3.156593759215273298e+00,-1.741609795556527285e+00,-4.001872244502514775e+00
2.883191721713088018e+00,-1.466820436278774897e+00,-3.608026607243540962e+00
4.935151119904470640e+00,-1.376505115468248386e+00,-3.787060592364364098e+00
4.358280268776050903e+00,-1.109343989893218030e+00,-4.877576711960711187e+00
3.653068966056229883e+00,-1.071848547314935063e+00,-4.290640777523099914e+00
3.183369375596505790e+00,-1.000364841377002989e+00,-3.716690642270859879e+00
3.329465835592700262e+00,-1.297492523052857560e+00,-4.064365039514461486e+00
4.096802215099275557e+00,-1.002134150460793904e+00,-4.664662391996185598e+00
3.860348601277959091e+00,-1.000089301474899273e+00,-4.423851203569667767e+00
3.646261257199880035e+00,-1.001196363361257058e+00,-4.191539805903486737e+00
3.761266265602998260e+00,-2.331044420096420655e+00,-4.872535719824292677e+00
4.283452864256585002e+00,-1.000006780714502108e+00,-4.876723486150210896e+00
3.539593447939926030e+00,-1.000579996903224078e+00,-4.093120033391497437e+00
3.774396481175056994e+00,-2.360172537834285045e+00,-4.934676379467752838e+00
4.367542152065655436e+00,-1.000000815563753864e+00,-4.965853611930852729e+00
3.751090811762877841e+00,-2.336714588085377020e+00,-4.895464560319484626e+00
4.064254146795708955e+00,-1.002240712206698303e+00,-4.656469589492341576e+00
4.377277330595241267e+00,-1.000005311325778967e+00,-4.975271988335554951e+00
2.027786620477451951e+00,3.442018511934616054e+00,4.433216781513399596e+00
2.312874449789496190e+00,3.768808705186926122e+00,4.848630905564110805e+00
1.801493688621613076e+00,4.306001961509846154e+00,4.907101182204828937e+00
2.356378069236217954e+00,3.821117809829979173e+00,4.915968770253683395e+00
2.161825406840991004e+00,3.588036266881251990e+00,4.620171680416983229e+00
2.089273003249323857e+00,3.504539108201361053e+00,4.534766775516309245e+00
1.078785664595641069e+00,2.665165221969739040e+00,1.761304215003345108e+00
1.082117136272638946e+00,2.710007348542360806e+00,-1.689764271202675916e+00
1.564884741861015893e+00,2.979652857296675617e+00,2.105152123840141165e+00
1.006932937905212322e+00,3.315259947950150998e+00,2.206883337515543442e+00
1.732010864540431738e+00,3.545009360877379834e+00,2.337598252060664628e+00
1.169006279146902028e+00,3.849715880681494173e+00,2.429208634824255864e+00
9.999999620930133393e-01,2.414213464105481766e+00,1.499999916997027727e+00
9.999999555473871871e-01,2.414213446460558021e+00,-1.499999898005178744e+00
1.745969360079099086e+00,3.161840061877568164e+00,2.275034819836308841e+00
1.419690621596167990e+00,2.846646821285641948e+00,-1.923575358083863041e+00
1.127691456684559945e+00,2.543462587422907095e+00,-1.642774019448439038e+00
1.000894956118413059e+00,3.688972693340122788e+00,2.437563366777566909e+00
1.263239361218863932e+00,2.682287128953733113e+00,-1.797781278072924982e+00
1.288877508581750098e+00,2.708667625799416889e+00,-1.793592391700413957e+00
-4.948523013545854887e+00,-2.542048413522192352e+00,-4.270884880627416891e+00
-3.830156075684323813e+00,-2.377844006190144910e+00,-4.944573270705055812e+00
-3.674555003754369054e+00,-2.236591755273695803e+00,-2.878978113968234886e+00
-4.976205229633374749e+00,-2.206994976821083032e+00,-3.215258503435692194e+00
-4.146234063785404267e+00,-1.975957625962975861e+00,-3.398302979127772350e+00
-4.514983375589365799e+00,-1.962813511278060030e+00,-2.901053715381336051e+00
-3.346246238643395987e+00,-1.931680967417958916e+00,-4.294602280458255983e+00
-4.032049233927826215e+00,-1.882979078080869062e+00,-4.712034926283002356e+00
-4.942074080417780735e+00,-1.531585427476914951e+00,-3.891386654183316196e+00
-2.939214590732424970e+00,-1.519975612486339944e+00,-3.670559646340259885e+00
-4.188315907381458203e+00,-1.134222819233802859e+00,-3.027298960269089623e+00
-4.037821131847352696e+00,-1.069298959161278928e+00,-4.556174313192492775e+00
-4.872477251417060451e+00,-1.056764717866210734e+00,-3.201117360288521674e+00
-3.394960301132702085e+00,-1.000808343095368036e+00,-3.941477200765648004e+00
-4.395940437334525441e+00,-2.377054935110112677e+00,-3.707056570612539570e+00
-4.428813578991846356e+00,-1.459761913621427931e+00,-4.937149329201180770e+00
-3.635819421124873330e+00,-2.210122777670279426e+00,-4.692419394915284592e+00
-3.776804230056030054e+00,-1.001319291945687029e+00,-4.328751393301906170e+00
-4.263257550895194647e+00,-1.000090690314195729e+00,-2.868371624279305365e+00
-3.986692779644943840e+00,-2.194506386422925726e+00,-4.871237244081301654e+00
-4.678712876194228265e+00,-2.619139110494413725e+00,-4.014743897484662760e+00
-4.400012787791047764e+00,-1.019348991843110896e+00,-2.906894237430305949e+00
-3.892684096727391019e+00,-2.414607122803162920e+00,-3.136066263832101075e+00
-2.973606718061592158e+00,-1.000846762808571100e+00,-3.488843786749391107e+00
-3.295348534629038983e+00,-1.881129571099003028e+00,-4.215169758112231158e+00
-4.542871069008631579e+00,-1.003731606539868704e+00,-3.046937267804797234e+00
-2.944984525837543998e+00,-1.501203568949434075e+00,-3.705531044357987192e+00
-4.601789197799402764e+00,-1.584917681608676965e+00,-2.889149450925585061e+00
-3.899464512974209818e+00,-1.000007101362013984e+00,-4.468524760611092717e+00
-4.747141966434077709e+00,-1.003941411235843795e+00,-3.261345566381841365e+00
-4.776266883519268980e+00,-1.007849702816792092e+00,-3.202520029948189961e+00
-4.753832094063345615e+00,-1.008224811810815913e+00,-3.185247416679929167e+00
-3.875561827779362201e+00,-1.000004863900004981e+00,-4.443057143322413083e+00
9.832277416991230812e-01,-1.483072400537621016e+00,-1.982949999782803951e+00
1.435432255028038950e+00,-5.457675422526719888e-01,-1.734154703804773989e+00
4.254821537137493115e-01,-1.379553824701283959e+00,-1.609090619040749903e+00
-2.486131593725741940e-01,-1.405042143617738937e+00,-1.566578535227890034e+00
9.875170185157571279e-01,-1.047015106351194991e+00,-1.526103475231231910e+00
3.874886678537661777e-01,-1.051268533596507071e+00,-1.040766546052436015e+00
1.346413372168504097e+00,-4.733310536396286849e-01,-7.399116841194436356e-01
-2.755327996104464106e-01,-8.787257410224217358e-01,-6.244410421853737736e-01
9.928521820761978534e-01,-1.239749852965503996e+00,-6.046793490385838910e-01
3.686022297703003825e-01,-1.637521751704549056e+00,-5.774678893953619774e-01
-1.115511646473345969e-01,-1.317755018896413111e+00,-4.857485048249077231e-01
-5.015016377304850614e-01,-1.357986221550512962e+00,-2.110551156050693988e-01
3.837960353738238961e-01,-5.817233644178341212e-01,-5.949713909974042869e-02
1.277197193310867007e+00,-1.410262131066425950e-01,-1.303738122079036943e+00
1.714721294556882936e-01,-1.244934009430824995e+00,-1.260665043700119003e+00
-5.413880440903424685e-01,-4.470089717125486084e-01,-3.539948613561755969e-02
-5.861484735293509551e-01,-1.676332845287942908e+00,-6.194824846250645001e-01
1.336171983051668066e+00,-2.752740458069088181e+00,1.869835055708588101e+00
1.464581283642697906e+00,-2.928743464935608998e+00,1.965123118043442085e+00
1.000023496568430925e+00,-3.176223571080169172e+00,2.071896916303998193e+00
1.112341378704726935e+00,-3.626626177548161856e+00,2.293060653548505190e+00
1.002204435498782020e+00,-3.895323763978027820e+00,2.581523114463204038e+00
1.006126831059038995e+00,-3.865884238527252048e+00,2.618131308692948078e+00
1.342478260494430975e+00,-3.852082470272887971e+00,2.904481233562970832e+00
1.004410497206283948e+00,-4.412109733519336885e+00,3.016925147540537200e+00
1.008345353253905952e+00,-4.569740417131052723e+00,3.051676254547153633e+00
1.100995392459461097e+00,-4.747777361325644208e+00,3.079488555263928173e+00
1.041756092401334044e+00,-4.461011331961667992e+00,3.131932798957762998e+00
1.012378338717460080e+00,-4.764899421662856405e+00,3.183123936942739096e+00
1.018619697179289796e+00,-2.803179557394809063e+00,3.303824085393185062e+00
1.007995285743571223e+00,-4.637968139850585203e+00,3.102017057249214727e+00
3.726801777358030865e+00,-1.669789323948402515e+00,2.399566671166157406e+00
3.466345247136086716e+00,-1.081230255688727881e+00,2.418584198817274267e+00
3.422642732185928960e+00,-1.754158716967540999e+00,2.649721236768284971e+00
4.333516379204634283e+00,-1.707162823521291006e+00,2.741560432918717982e+00
3.848262008673493106e+00,-2.264562397613483213e+00,2.771169783232914074e+00
4.459216306058176649e+00,-1.582905952054054044e+00,2.801122661961878979e+00
4.050429570829487069e+00,-1.039240620463455000e+00,2.820003151659116192e+00
4.459236675077447032e+00,-1.000842924904861819e+00,3.001958529329309844e+00
4.851493007545795599e+00,-1.754160794723020000e+00,3.053872816713002258e+00
4.616824572185566744e+00,-1.020229316605042902e+00,3.061614533398365978e+00
4.577524692512490390e+00,-2.377911241038162427e+00,3.088508817702924958e+00
4.705519293563593664e+00,-1.005609020028493950e+00,3.158121400376531884e+00
4.737727000222234253e+00,-1.000186284023345085e+00,3.212947271716386055e+00
4.830002763797908827e+00,-1.000019111947715977e+00,3.289843200479895202e+00
4.942084741616382892e+00,-1.010736054288865926e+00,3.314841846307592821e+00
4.287146704483739690e+00,-1.803182590560441945e+00,3.476672665809064977e+00
4.783242561974972773e+00,3.109128943420251812e+00,-3.618830579241103962e+00
4.976655271547986814e+00,3.449404444544974080e+00,-4.290513101753192338e+00
2.313064362565481868e+00,3.843721589333288779e+00,-4.880226610458551662e+00
2.799323571023748958e+00,4.213538001335424887e+00,-3.381798190182505159e+00
3.123348204714330834e+00,4.733736941152980826e+00,-4.060747673739570907e+00
2.828847800233865950e+00,4.918189047923219981e+00,-3.462040692409285914e+00
3.247807553761393962e+00,4.665849651077754068e+00,-3.814489453244799044e+00
4.700464792672827130e+00,3.252036614488309052e+00,-3.778268993115473151e+00
2.862003050795398185e+00,4.287248056766848947e+00,-3.501904613241797914e+00
2.290695003172817490e+00,3.706586294494812694e+00,-4.840734379288540445e+00
3.015624621035268849e+00,4.470245922517614545e+00,-3.534686297755425421e+00
-3.830156075684325145e+00,2.377844006190144466e+00,-4.944573270705055812e+00
-3.986274161993410559e+00,2.194129752576972958e+00,-4.870672090169723134e+00
-3.644119888772448856e+00,2.217982492130170069e+00,-4.704067893652553067e+00
-3.608577979302439953e+00,2.194179733194367987e+00,-4.680870635864327944e+00
-3.784171986668887211e+00,2.369952918448528845e+00,-4.949199825959866850e+00
-4.671285919667338860e+00,1.475515262492274049e+00,2.933224798552873214e+00
-4.527036357581325277e+00,1.022564142672045984e+00,2.993341634672730844e+00
-4.188315907381453762e+00,1.134222819233813961e+00,3.027298960269097172e+00
-4.171737547236526567e+00,1.978780125731881334e+00,2.731402089708067304e+00
-3.809812392211683996e+00,1.154832622396486208e+00,2.405681209591072012e+00
-3.726578636263775390e+00,2.310175517016037627e+00,2.857805805712936298e+00
-3.668954773612115972e+00,1.563788651641650596e+00,2.844496056158047459e+00
-3.227547181625523010e+00,1.810585159483216078e+00,2.338880299110869920e+00
-2.968542190054011876e+00,1.030522148926670933e+00,1.976168945728443926e+00
-2.771446628761403908e+00,1.350987557035709052e+00,1.857077092083363024e+00
-4.947228100445114407e+00,3.279406516617760392e+00,4.293734951385010490e+00
-4.811281009661768415e+00,2.670499786653485419e+00,3.333000047181355452e+00
-4.608643580495187742e+00,3.184381142735817960e+00,3.735151186480813124e+00
-4.142045811501101404e+00,2.722349977143815103e+00,3.339301410739941023e+00
-3.480391248683885941e+00,4.989780333852550598e+00,3.986200221161448898e+00
-2.904405499738599072e+00,4.404218866009729005e+00,3.683810505315312955e+00
-2.803199403229484243e+00,4.698007803620961376e+00,4.043441757752225030e+00
-2.729177866880984737e+00,4.158302614033686062e+00,3.374533966087188031e+00
-2.714874958188871368e+00,4.855066657575903832e+00,3.374065694631368295e+00
-3.057310726564974157e+00,4.875130535110847596e+00,4.231060357366062341e+00
-4.780008784637351127e+00,3.318624793692634078e+00,4.052059598884003577e+00
-2.976060930699634177e+00,4.447810721476478157e+00,3.487178361119091186e+00
-2.562842983494654003e+00,3.982396373588624083e+00,3.173260856622484916e+00
-4.646232571278289036e+00,3.152767171043822980e+00,3.933072973987254084e+00
-4.836245969188306404e+00,3.189835525879958666e+00,3.695038335411008124e+00
-4.953995288584562395e+00,2.527660350011503798e+00,4.273735981674939843e+00
-3.227775467727383774e+00,4.649505097807688614e+00,3.868479175894638189e+00
-4.989066733364894368e+00,3.071243996381290753e+00,3.637722461969855825e+00
-3.217976087772587146e+00,4.885630424458889287e+00,3.725606991308954896e+00
-4.949981001578951378e+00,-1.538127567331627032e+00,3.901535039163012808e+00
-3.385298237140401234e+00,-1.223319722841325063e+00,4.088787414825421962e+00
-3.809812392211686216e+00,-1.154832622396489095e+00,2.405681209591072900e+00
-4.188315907381459091e+00,-1.134222819233802637e+00,3.027298960269090067e+00
-3.025965789488545887e+00,-1.133589853578601980e+00,2.100497166855444853e+00
-3.960098866616008628e+00,-1.055103163353465101e+00,4.480150080441447358e+00
-4.881923904697473837e+00,-1.034242830669247493e+00,3.232059107602981207e+00
-2.958267770848228118e+00,-1.001439003414557050e+00,3.471634671237776804e+00
-4.460590544082591258e+00,-1.066595825335997727e+00,4.997845574918014400e+00
-3.013837601979258984e+00,-1.590749086877653040e+00,3.807061844154310037e+00
-2.793522971512369946e+00,-1.379085032933756061e+00,1.905729725856144086e+00
-3.721492711655962182e+00,-1.017473476512227970e+00,2.536586826497884140e+00
-3.175397275195208202e+00,-1.000790938237337002e+00,3.710229972571344792e+00
-3.968174208906777967e+00,-1.003986885215605085e+00,2.686759699389706935e+00
-4.041469161405149002e+00,-1.000761400044152039e+00,4.626376860470129415e+00
-4.220926192432537860e+00,-1.000382478568399236e+00,4.803738962532023926e+00
-3.777647809906877985e+00,-1.000297517495188915e+00,4.343294029143158319e+00
-2.955691046673463163e+00,-1.536160648484560021e+00,2.092830646025912955e+00
-4.788017044367628650e+00,-1.004144984218739989e+00,3.292229359828874102e+00
-4.310786552991531018e+00,-1.000285901834055524e+00,4.900112163575900404e+00
-4.776266883519267203e+00,-1.007849702816792092e+00,3.202520029948189073e+00
-3.900333778868574797e+00,-1.000016190836789054e+00,4.467649793216372345e+00
-4.753832094063345615e+00,-1.008224811810815913e+00,3.185247416679929167e+00
-3.876196850075162903e+00,-1.000011505752891994e+00,4.442236865202337626e+00
-4.377716223001328899e+00,-1.003035009964247104e+00,4.993546913305737966e+00
-4.432688958056547612e+00,-1.627365941067371757e+00,4.969083920910714269e+00
-9.559503347998073997e-01,-2.367934670647303008e+00,-2.845759997429096799e+00
-1.215088447404651051e+00,-2.629907648714747914e+00,-3.226167320002513161e+00
-1.000904670270686969e+00,-2.758869564029474031e+00,-3.266449147285114041e+00
-2.291962240186741884e+00,-9.999866684278564399e-01,-2.788557817774067082e+00
-2.482643130379464491e+00,-1.068312013600172472e+00,-3.013105541848159596e+00
-2.639178735508059148e+00,-1.207018329008826996e+00,-3.247981456204017903e+00
1.019705974942022086e+00,-2.817261863431006041e+00,-3.317906468374677065e+00
1.389885371467763919e+00,-2.804148600452533113e+00,-3.486207623518838172e+00
-2.414197009917317338e+00,9.999999917762262269e-01,-2.914196638412814622e+00
-2.414211661860663938e+00,9.999996015077592393e-01,-2.914211436606735095e+00
-2.414211747404395147e+00,9.999995834783405035e-01,-2.914211519160481156e+00
-2.414211960777572052e+00,9.999996286497500053e-01,-2.914211777106175294e+00
-2.414215146584634653e+00,1.000000599024759129e+00,-2.914215442861103345e+00
-2.414215183650541885e+00,1.000000638640204942e+00,-2.914215492456640799e+00
-2.414215121305307576e+00,1.000000828476562242e+00,-2.914215512373936612e+00
-2.414215256988121006e+00,1.000000803977830088e+00,-2.914215626121493763e+00
-2.414215223110731667e+00,1.000000830720372491e+00,-2.914215606227585464e+00
-2.414215310701014694e+00,1.000000916608655865e+00,-2.914215723234894639e+00
-2.414215535992124018e+00,1.000001597626184013e+00,-2.914216266448847126e+00
-2.459609483273184960e+00,1.041175928760925018e+00,-2.981359328204092218e+00
-2.414215181199122817e+00,1.000000833640652953e+00,-2.914215569164820163e+00
-2.201689690964431012e+00,-7.875466779851162391e-01,-2.607773057866535016e+00
-2.098119020686780800e+00,6.852312978892080020e-01,-2.463054838599842977e+00
-1.969374428738771998e+00,9.999066129223668220e-01,-2.461845821332908191e+00
-1.946617161651559957e+00,-5.431926440453991312e-01,-2.231748492215027913e+00
-1.881324263850395972e+00,4.767690257758641081e-01,-2.166120386608120896e+00
-1.628300560850473921e+00,9.993825798784476966e-01,-2.121598824615171797e+00
-1.840808712778053913e+00,-4.313125298647206840e-01,-2.084575128116918918e+00
-1.724878802107951969e+00,5.543947909378157402e-01,-2.058580896549055073e+00
-1.812460534145373892e+00,-3.995199088851281166e-01,-2.048404119166243209e+00
-1.527974859315780920e+00,-6.724342034133810042e-01,-1.899086792685819924e+00
-1.277073090335713923e+00,8.701405797111310125e-01,-1.721993985687074069e+00
-1.548753916440321010e+00,1.390834325150361872e-01,-1.678469419408969987e+00
-2.135329544372968069e+00,-7.252008034189936225e-01,-1.219673089362524054e+00
-1.001062227106928937e+00,6.477961389106283718e-01,-1.151148319035701029e+00
-2.014659928332517058e+00,-6.103885458251532281e-01,-1.051143329944510096e+00
-1.051814626222431048e+00,-3.665633298831045273e-01,-1.010571369976547063e+00
-1.989355541537179972e+00,9.999805106490307072e-01,-2.480153232031886201e+00
4.361631487731710166e+00,-1.881229132965986039e+00,-3.569042401260685171e+00
4.544070128760891336e+00,-3.024463267665637112e+00,-3.526187341098662831e+00
2.938983735758812887e+00,-4.354856122497884563e+00,-3.507092769881281935e+00
2.652488262349093961e+00,-4.915187482356039972e+00,-3.364988177589325780e+00
2.673790845112005155e+00,-1.256665762808331088e+00,-3.298217368233184121e+00
4.112751901115617059e+00,-1.646270846571637136e+00,-3.265816454437942440e+00
3.973001620638674236e+00,-2.523870297869322155e+00,-3.202686977339475938e+00
4.042505775808165502e+00,-2.605685202108988019e+00,-3.129679440610512842e+00
2.612089179931183391e+00,-1.001329631868141057e+00,-3.114991745400442991e+00
2.243124683466707570e+00,-4.686486974403400119e+00,-3.081008047177203668e+00
4.571881144277776698e+00,-2.322681470956044603e+00,-3.060545154646444388e+00
4.219554745533652174e+00,-1.107804817450108059e+00,-3.026741086861728824e+00
2.496534357748661836e+00,-4.199517574119030705e+00,-3.023069700418961947e+00
4.778878439887510154e+00,-1.714903502727831652e+00,-3.006323834455004285e+00
2.308469782474013243e+00,-3.730662998621905313e+00,-2.916851383236047202e+00
4.830002763797908827e+00,-1.000019111947715977e+00,-3.289843200479893870e+00
4.146807248905264309e+00,-1.001259637757196064e+00,-2.770645739366135007e+00
2.358918341561111021e+00,-9.447127330649726096e-01,-2.833820249743193020e+00
2.414210675255582750e+00,-9.999973415214147288e-01,-2.914209459705946692e+00
2.414208570398841402e+00,-9.999997571099897842e-01,-2.914208259368713083e+00
2.414215156277113916e+00,-1.000000616495685613e+00,-2.914215458461288044e+00
2.414215378248041333e+00,-1.000000555304069172e+00,-2.914215647008002286e+00
2.384197714063513107e+00,-9.700364349522742069e-01,-2.870370662960198160e+00
4.804861672823333762e+00,-1.181308185189891224e+00,-3.539072414921166310e+00
1.781087503341802103e+00,4.207526319874465237e+00,2.686714495380551071e+00
1.909902148502718999e+00,3.724797140710660148e+00,2.977378930577475824e+00
1.968738175796086010e+00,4.726609349460057174e+00,3.017442752088737468e+00
2.770636775550924913e+00,4.184938040908908086e+00,3.356158862292427880e+00
4.221597817362066962e+00,2.804831369519804163e+00,3.365494892672078908e+00
4.783242561974975438e+00,3.109128943420253588e+00,3.618830579241104850e+00
3.251699422873139511e+00,4.712743726674192501e+00,3.770587650983668659e+00
2.359217367434760515e+00,4.465101942520152356e+00,3.773724871765256950e+00
2.017664176261028341e+00,4.839865586423663046e+00,4.037478907320056543e+00
4.870727940644789200e+00,2.778858455623219648e+00,4.221502710185238705e+00
4.962523389663224371e+00,3.434484039160245139e+00,4.276179071711213808e+00
2.806591118764625303e+00,4.939465066057975307e+00,4.293185244942993251e+00
1.838764791534764020e+00,4.202757757839741259e+00,3.413248033112023183e+00
2.495679540576661637e+00,4.882781044794955783e+00,3.276612275316465706e+00
2.291392143061779851e+00,3.733727107816239954e+00,2.805476129976312016e+00
3.165042868079277927e+00,4.588857517121629925e+00,3.810695230134001132e+00
4.594409125610042111e+00,3.178550481752814072e+00,3.791707458307576051e+00
4.768486891788072946e+00,2.935863916512238880e+00,3.483080815995039714e+00
3.061897204606054412e+00,4.484633043170044964e+00,3.612966161423498246e+00
4.677602701496168969e+00,3.255300693497846787e+00,3.898754600486376898e+00
3.271295285290288124e+00,4.767514943220438894e+00,3.778336903911701850e+00
4.987116361028827605e+00,3.571567573736472045e+00,4.192510364201616824e+00
3.374397667133622658e+00,4.993694932238303075e+00,4.333854962837958347e+00
4.971215038862785818e+00,3.555424220240046562e+00,4.177731745112033046e+00
9.999993784108086592e-01,2.414212194957605195e+00,2.914211910111661918e+00
-1.071103556297408721e+00,2.485409939164631599e+00,3.018362889077204958e+00
1.197591491882584958e+00,2.613012296424496839e+00,3.200217357666641949e+00
-1.001647083540107008e+00,2.708205340150834139e+00,3.213226908992028008e+00
1.310746046741450899e+00,2.724960551292268995e+00,3.368485903521726943e+00
1.124747609128861958e+00,2.799063665642972154e+00,3.400293664961339779e+00
1.556973400164017862e+00,2.972353591071465573e+00,3.727520110203529580e+00
1.286303863336250908e+00,3.188658510545427038e+00,3.905004662608510202e+00
-1.127104367793278161e+00,3.222078915698380452e+00,3.724830475078634073e+00
1.503940766842503773e+00,-9.250538124746983115e-01,1.987452480906558350e+00
1.528547811272426893e+00,-3.191934122200608681e-01,1.746190085950356519e+00
2.088769299870944174e+00,-7.848024696878843631e-01,2.451995851862455833e+00
2.499662875357202996e+00,-1.001058221512074020e+00,3.000435630627617201e+00
2.906405126291191188e+00,-1.000985783379370053e+00,1.860042314349092951e+00
2.916810273734677939e+00,-1.143840981126716061e+00,3.538697837320841089e+00
3.084774528020354012e+00,-1.662355020976062914e+00,2.176369495139776955e+00
3.239321879134656523e+00,-1.818781661238035863e+00,4.143542629837725144e+00
2.327203781199327803e+00,-9.409333137289943583e-01,1.433797976231441895e+00
1.840422681726487930e+00,-4.284259794910735275e-01,2.099508869412602952e+00
2.213451056466297917e+00,-8.047237398184403645e-01,1.302642408664774987e+00
2.248358882892917965e+00,-8.358828431534131020e-01,2.678462403493396149e+00
1.747057444723896902e+00,3.331963724274979999e-01,1.958788340607350964e+00
2.631578393452898901e+00,-1.136743213952138065e+00,3.218412233938702016e+00
1.889067981699297905e+00,-9.779628142925683720e-01,1.144170845574491002e+00
1.766310963743078943e+00,-3.532179135526509195e-01,1.993145834241724978e+00
2.309789248484606983e+00,-8.978635556228510284e-01,1.383012847634877973e+00
2.904780567096783894e+00,-1.490053964129945951e+00,3.629995940714254132e+00
-9.964596915706781521e-01,1.559251363906787979e+00,-2.036914117954990111e+00
-9.531601001058709333e-01,2.145352241016456052e+00,-2.638881749237925067e+00
-1.000851813983794969e+00,2.657473833716458955e+00,-3.162133602236115948e+00
-1.422450990888622036e+00,2.836736960218841919e+00,-3.534534263569545143e+00
-1.000947332631735964e+00,2.904190194015631832e+00,-1.858575334018478076e+00
-1.001998338213409889e+00,3.184225178384803900e+00,-3.705380592168251219e+00
-1.802962395512792915e+00,3.218713169833418153e+00,-4.107277577843049698e+00
-1.883576227303372930e+00,3.389707242938701182e+00,-2.606609049025105040e+00
-1.352566564241834524e+00,3.471164505149624713e+00,-2.180956212430383623e+00
-1.037046992245481913e+00,3.400862182300278036e+00,-2.321421604599661848e+00
-1.071103556297408721e+00,2.485409939164631599e+00,-3.018362889077204958e+00
-1.377709947236082977e+00,2.797155424821586855e+00,-1.922495121265469953e+00
-9.419768997843935843e-01,2.356089096666367233e+00,-2.830442215117948912e+00
-1.674263304893518933e+00,3.114632245893639961e+00,-2.177928276583347866e+00
-1.001195575776580249e+00,3.103665363306030045e+00,-2.004722843196917736e+00
-9.999967718797276861e-01,1.699873405674894977e+00,-2.189684860146002165e+00
-1.884586808247798340e+00,3.301783360210652329e+00,-4.211105185810621876e+00
7.418871456465037095e-01,1.208161626125723975e+00,2.590493007948627135e-01
1.140470405658001063e+00,7.321151907712752926e-01,2.322014660664442898e-01
3.468512816645765162e-01,6.320083279010384469e-01,1.279898081477394978e-01
1.000000000000001332e+00,1.000000000000001332e+00,-5.000000000000014433e-01
5.778702823292781732e-01,7.247520230437555222e-01,-4.672135191177709812e-01
3.134848734236235779e-01,1.560195208768331954e+00,4.898907079389814845e-01
1.289503638784069040e+00,9.556020789557504447e-01,7.333204052967703390e-01
8.346153598495403836e-01,4.692806618123083195e-01,6.860276320062338451e-01
3.469968600557636895e-01,9.712706684708205529e-01,8.238944855944302370e-01
2.727061563349469919e-01,1.502195390399599040e+00,-4.294156465479105900e-01
9.765215297794621607e-01,1.647536122446765949e+00,8.587226771604424824e-01
6.954466719165253163e-01,8.131969924762194601e-02,-3.898980409293770211e-02
9.751725468627265858e-01,1.470448797634186899e+00,-8.500679698110168436e-01
1.278749458739171896e+00,4.680333923409858987e-01,-6.975599650111772299e-01
9.227817019346431504e-01,3.154768273592844369e-02,-5.313854431759013064e-01
1.621917544734529093e+00,2.643961032396088262e-01,6.006466754310803013e-01
2.841821651099540880e-01,1.251000333273692977e+00,1.359325431268936901e+00
6.822719461565593946e-01,2.092181897192932016e+00,1.175539800712964045e+00
3.752170892048338202e-01,1.199746891703296070e+00,-1.327935624428421946e+00
6.327090681702699504e-01,2.037539971449019216e+00,-1.128639211635493078e+00
1.171763289182242929e+00,7.541046305836249797e-01,-1.399663600958279019e+00
1.380145760619081896e+00,5.596633471706420337e-01,1.674597103790030017e+00
9.937982006697495541e-01,1.433640150541171110e+00,1.932864086866086906e+00
2.957801272258577252e-01,1.708690915296082080e+00,1.912763045006844020e+00
1.471001472097456020e+00,2.312439198915922922e-01,-1.549132980481729094e+00
9.956503186136675954e-01,1.388724842158947981e+00,-1.887499464051964004e+00
1.693098265193625052e+00,6.695415803312201319e-01,-2.075170941057636220e+00
1.441978163540752034e+00,9.989047812796280068e-01,-1.926703298273563014e+00
1.748718108833581919e+00,7.892624720331125054e-01,7.745378118156751590e-01
1.443990112419293981e+00,9.876463849186355448e-01,-8.187898967436950670e-01
-1.055486452305563067e-01,1.455829535649687978e+00,-1.538875306586247937e+00
-3.654152168167357773e-01,6.121003585884945419e-01,-1.066278981561623040e-01
1.007695149147785907e+00,-3.029705124601948185e+00,-1.991227181666785029e+00
1.000554074165225904e+00,-2.690325264958907781e+00,1.712626751043726969e+00
7.850116469839764077e-01,-2.198915401867772790e+00,-2.604792874551447035e+00
7.362483075133647858e-01,-2.147934291936672846e+00,-1.229216874792945058e+00
7.409704806446280045e-01,-1.936619936489714089e+00,9.436578288077450694e-01
-4.411833806508119182e-01,-1.854704933293073399e+00,-2.116385484935506600e+00
4.904164825849752773e-01,-1.818647355116866926e+00,-2.123446133244057066e+00
1.111598378057253145e+00,-2.539838083824617954e+00,-1.645842996021912086e+00
1.127148726250722044e+00,-3.723236859154412048e+00,-2.354486224898770796e+00
9.167507812101730602e-01,-2.275558244151883791e+00,1.339531866939154048e+00
-4.878519644578120928e-01,-1.885998352091964092e+00,-9.844864481510979815e-01
4.020312522517798803e-01,-1.800797059742772044e+00,8.974820136448820040e-01
9.999999603773094270e-01,-2.414213429582138026e+00,-1.499999884920248050e+00
-4.783146749084147831e-01,-1.870455696760114028e+00,8.829856276242794566e-01
9.999645265906987879e-01,-1.973249639801889055e+00,1.170612937921535979e+00
8.791602012697031787e-01,-2.291942300374177677e+00,-1.364710234635885699e+00
-5.351069567307589203e-01,-1.949253275717335976e+00,-2.245195522478367067e+00
1.006140330929065962e+00,-3.866891026331873871e+00,-2.618924595549955825e+00
-5.996446257207025399e-01,-2.013587256129678149e+00,-2.339889372982729032e+00
9.995791945119536503e-01,-1.797476002064049450e+00,-2.290208628996671880e+00
-5.736592134362655804e-01,-1.987732123808584994e+00,-1.044484502779789103e+00
-5.226648334723165146e-01,-1.907664581663820913e+00,9.183891200893918860e-01
3.192403827779803027e+00,1.021455065307629972e+00,-2.035990300695559085e+00
3.325717018027605221e+00,1.011516910016736048e+00,-2.143427948111991999e+00
3.072059469313407121e+00,-1.105648613187933060e+00,-1.921275158595338928e+00
2.503519378094701153e+00,1.000684283373902028e+00,-1.570642224448546953e+00
3.336434196645141181e+00,-1.006926368289740248e+00,-2.222892631935830643e+00
2.737047790582062490e+00,1.204830271862510793e+00,-1.738173754068491839e+00
2.523296348094527186e+00,1.106148658591739942e+00,-1.607337282667659073e+00
3.764441094466919324e+00,1.137766246178230967e+00,-2.379461990065734778e+00
3.758797646052193020e+00,-1.094004652933461053e+00,-2.390986590874680129e+00
2.027022500801840099e+00,6.738961437618807837e-01,-1.042013752921209013e+00
1.915991607845785039e+00,-5.101532496822195339e-01,-1.002575138526643039e+00
2.105679083117098838e+00,-9.999557252668351826e-01,-1.266527716232356049e+00
4.048718300016789229e+00,1.000664611606278065e+00,-2.727970165965800220e+00
4.060623404870812969e+00,-1.001478669816139089e+00,-2.706248556090992796e+00
1.759383862233262930e+00,-3.473421265944933167e-01,-1.972570574505779994e+00
1.865491224038811957e+00,-4.562527407992214012e-01,-2.138772679982372971e+00
1.967813374225753087e+00,-5.536368729555608548e-01,-2.273432201417453946e+00
2.049764682517297043e+00,6.356417516784578225e-01,-2.388102309003648838e+00
2.058214548485358009e+00,-6.440874197206083451e-01,-2.400196907548040048e+00
2.212708121673414130e+00,7.988004879238510547e-01,-2.624574803030363057e+00
2.232830559428896855e+00,-8.193340806217744854e-01,-2.649545901687317073e+00
1.992831561187293321e+00,9.821140544073467815e-01,-2.492775749240784933e+00
2.163439985139906874e+00,-9.998500039477982160e-01,-2.656189859629297878e+00
2.071473335581051067e+00,-9.963364939038071855e-01,-2.569710676125617876e+00
1.821623011193095998e+00,4.277135002922841100e-01,9.252802304894515162e-01
1.931672964433295059e+00,-7.933481178800307898e-01,9.557789840196032616e-01
2.037752841773317947e+00,8.575817845667381700e-01,1.086154444266324903e+00
3.331943806865829139e+00,-1.000968659629877022e+00,-2.198108689500868795e+00
3.271423883361376905e+00,-1.006375658904747006e+00,-2.172266851061186888e+00
9.488778358404547086e-01,-1.479704341130855916e+00,1.897648550352341035e+00
-3.364069105653748060e-01,-1.747542951647983900e+00,1.954950103194845967e+00
-1.564068535491927925e+00,7.419875395838759768e-01,1.970285375591283028e+00
4.395941042015231170e-01,-1.808686982007779109e+00,2.087807920977172937e+00
-1.700901229109794910e+00,-8.338893099530761965e-01,2.153340610001202027e+00
-9.541907973508014784e-01,-1.773187984924802008e+00,2.268880205076083012e+00
-2.098119020686782132e+00,6.852312978892077799e-01,2.463054838599842977e+00
7.054019650652286755e-01,-2.115519921775057988e+00,2.491952457699320167e+00
-2.219477672676358981e+00,-9.998556093030908087e-01,2.715841570519189840e+00
-9.994107689251805482e-01,-2.267197864388899031e+00,2.765283638490748874e+00
-2.334563321428940075e+00,9.994524096006628389e-01,2.830775544448140835e+00
-7.662198780428308709e-01,-2.179555597716532844e+00,2.578477723386547904e+00
-1.896562863747901062e+00,-4.857191905081458261e-01,2.180503926782804136e+00
-1.644013258480115036e+00,2.509483326201166209e-01,1.839583457402865996e+00
9.901730452349899458e-01,-1.640473217023135089e+00,2.107458927396650861e+00
-1.640428802106991046e+00,9.901729337905087469e-01,2.107414161344662862e+00
5.192181359468851509e-01,-1.932961097493975933e+00,2.220377634168935188e+00
-9.999676755714177467e-01,-1.594160143347534087e+00,2.082921072252167161e+00
8.351656963278759616e-01,-2.249204859696476877e+00,2.676578235299129194e+00
-1.678836110080345057e+00,-2.658696740270435899e-01,1.870871991560336900e+00
-9.999587766991820947e-01,-1.349106892380830924e+00,1.842195492636101051e+00
5.835453326523254436e-01,-1.997664147259947010e+00,2.313799908710584052e+00
7.963471666876182908e-01,-2.210295524761438202e+00,2.620979269160498948e+00
-2.026049355503654947e+00,6.118701439723354119e-01,2.356198856755749027e+00
-1.906107543671271110e+00,4.961192312354034128e-01,2.195159839621345199e+00
-1.870598531237557038e+00,4.576529870348728934e-01,2.140229293037939851e+00
-1.669633471850676898e+00,9.981258473396674713e-01,2.150890720997725047e+00
-2.457598184308403155e+00,-3.880280201757865033e+00,-3.074093870161136000e+00
-2.417235338851408510e+00,-4.852834364496605879e+00,-3.229157385696771243e+00
-2.374029512847596557e+00,-3.862851962510907455e+00,-4.951004752631923189e+00
-2.357043393229520056e+00,-4.914890620929427634e+00,-4.203189298909229876e+00
-2.346129202952806025e+00,-4.448264793922000138e+00,-3.755387005971575931e+00
-2.121627400055199786e+00,-3.536647033894444903e+00,-4.569060904134159884e+00
-2.091569274298430869e+00,-4.442773859713377682e+00,-2.905678387403793028e+00
-1.654169422692679081e+00,-4.150295381356034596e+00,-4.718287105481814514e+00
-1.641180924738433022e+00,-4.265471577620023602e+00,-3.394797873099629992e+00
-1.626423570176595668e+00,-4.834332210433236021e+00,-3.858946210290010725e+00
-1.497223560251432994e+00,-3.115203665185717785e+00,-3.912971934531037199e+00
-1.018208784967103986e+00,-4.422776331825824414e+00,-4.986763571745042256e+00
-1.011137460245596920e+00,-4.107340106510073419e+00,-2.812022897628713825e+00
-1.000361979952492986e+00,-3.050277360278812910e+00,-3.570211411794284029e+00
-1.000122113412938107e+00,-4.665287811903171544e+00,-3.161488894590059218e+00
-1.000085655705030163e+00,-3.813289706223699671e+00,-4.374084910349466782e+00
-2.341513610041708215e+00,-3.757556126515483985e+00,-4.896668785415415392e+00
-1.000283365887786102e+00,-3.209794123513264097e+00,-3.737155997784091799e+00
-1.015700213001955898e+00,-4.844216131241808831e+00,-3.368748039626839219e+00
-1.000148549327803948e+00,-3.144750057837193857e+00,-3.670022898447402149e+00
-1.880721814100468015e+00,-3.294991539858747043e+00,-4.215689773983351429e+00
-2.224676867291087046e+00,-3.982383257946028987e+00,-3.269388897693306983e+00
-1.001369433265898001e+00,-4.116479435908834361e+00,-4.709031976653381690e+00
-1.006770677916946077e+00,-4.003149930249936261e+00,-4.556471819038494075e+00
-1.000413957357724426e+00,-4.307998934798864532e+00,-4.908219648844025507e+00
-1.012790605122533938e+00,-4.549798861690301344e+00,-3.026893499687834055e+00
-1.000023810720731099e+00,-4.262396648246862263e+00,-4.854961883844652881e+00
-1.005146219624464043e+00,-4.777036021302211388e+00,-3.211540411832442210e+00
2.638253014663709983e+00,1.129936608130903908e+00,1.660403247073801936e+00
2.953950928841365009e+00,1.529151855494017109e+00,2.037078036422971916e+00
3.219125243241926171e+00,1.030139706363502938e+00,2.171970552337104898e+00
1.872885433737258909e+00,7.580969434812421248e-01,2.185500215119660083e+00
3.766369507081802848e+00,1.122395914719714893e+00,2.385494878921775808e+00
3.743443282111678982e+00,2.042706940645148350e+00,2.584603345222028281e+00
4.392733037763307813e+00,1.873206322920295985e+00,2.811116206199872902e+00
2.449541344995210146e+00,1.017236124538412945e+00,2.961759599521518904e+00
4.269734234647701854e+00,1.035976621259039998e+00,2.980102125556558956e+00
3.366699968991447189e+00,1.557614813102118356e+00,2.563054898226599487e+00
3.867106280739579738e+00,1.688327854864577926e+00,3.063514273913321428e+00
9.995234299944464329e-01,2.020770389048844873e+00,2.515240411858633784e+00
2.414213435602125646e+00,9.999999462946025375e-01,1.499999884243820913e+00
3.394413568854552921e+00,1.620036960399291015e+00,2.219750056187276943e+00
2.159162281995759880e+00,7.459081402356028123e-01,2.549473427137181059e+00
3.615944164496374569e+00,2.072084103753782713e+00,2.859683082438019941e+00
2.025356491341372855e+00,9.999656990850330773e-01,2.517997889088332109e+00
2.232493904384983185e+00,8.480109231244181700e-01,1.345192971821294936e+00
3.238434303504909018e+00,1.820489709815402923e+00,2.390000099375293896e+00
2.414213464426269606e+00,9.999999522702773813e-01,1.499999913693847553e+00
2.414213460517032228e+00,9.999999650701387743e-01,1.499999915003656259e+00
2.414213690603095319e+00,1.000000043974367481e+00,1.500000107004734629e+00
2.414213671799852801e+00,1.000000044403917876e+00,1.500000096104975755e+00
2.414213691396203121e+00,1.000000072044105126e+00,1.500000114948492724e+00
2.414213838333236772e+00,1.000000222491422619e+00,1.500000252658029609e+00
2.493740042391205058e+00,1.001269772806008040e+00,1.564419926289003948e+00
2.416158252759510905e+00,1.001632355251893092e+00,1.501659551960857319e+00
4.655958100338429162e+00,1.717385865512931042e+00,2.932569692344167755e+00
1.733280772233112055e+00,4.415804018298324252e+00,-4.981432902451913058e+00
1.164877030789088108e+00,4.028670027077145832e+00,-4.530729325704546895e+00
1.979448609238326773e+00,3.583961605655197058e+00,-4.437164379873109077e+00
1.361028398098979020e+00,3.389442154895738746e+00,-4.159768306114804304e+00
2.083396993185721247e+00,4.849939419198898705e+00,-4.068785303202123060e+00
1.335674174974933903e+00,4.991245098521005730e+00,-3.801693825562538986e+00
1.000004922599655011e+00,3.157348900788138124e+00,-3.685968179446495796e+00
1.920223762077043039e+00,4.469275996060188660e+00,-3.677610778173772133e+00
1.398300515110970421e+00,2.813635942348294616e+00,-3.493847868232887066e+00
1.754664720870726002e+00,3.176456861966574952e+00,-4.015982606978138136e+00
1.117611508277047916e+00,2.759464220526735012e+00,-3.278330233026091722e+00
1.000014415974691095e+00,3.749136938267108032e+00,-4.309563554537905183e+00
1.000816799152897341e+00,4.288025961727250035e+00,-4.889420327761643925e+00
2.170454843108018839e+00,3.585725720406104156e+00,-4.641537627111005371e+00
1.000150287752592959e+00,4.837046430572699229e+00,-3.286046930881361128e+00
1.000017465587309085e+00,4.376326642074856110e+00,-4.973696708430836999e+00
1.000398336171932190e+00,4.125864700014270525e+00,-4.702604719429290370e+00
1.102230200810075056e+00,4.959171977642832019e+00,-3.227678861371110042e+00
2.089435753334313084e+00,3.507895726553747817e+00,-4.545403788099683595e+00
1.597766508846427014e+00,3.771949077195213107e+00,-4.686282195259156680e+00
1.941258793612264055e+00,4.621601900374392002e+00,-3.819331482954626988e+00
1.000639184408623761e+00,3.681014045633671294e+00,-4.230353361311967042e+00
1.001174580105195000e+00,4.352116438534871179e+00,-4.939088247401694609e+00
1.015665215822127099e+00,4.964438865338859586e+00,-3.320189525930699048e+00
1.000177394949103071e+00,4.097816246391453809e+00,-4.674657834693118907e+00
1.001518515611035998e+00,4.174232250945252076e+00,-4.771191337285534573e+00
1.000126789899540958e+00,4.313113543735664912e+00,-4.904238018989873105e+00
1.051439634707128867e+00,4.445836544642713939e+00,-4.989119500431483445e+00
1.006934281324290081e+00,4.863064866813001430e+00,-3.358044546274702835e+00
-2.798449348831394179e+00,1.017758268229876917e+00,3.299159649509836978e+00
-4.881923904697472949e+00,1.034242830669247937e+00,3.232059107602981207e+00
-3.960098866616009960e+00,1.055103163353467099e+00,4.480150080441448246e+00
-4.959668040360345032e+00,1.535846472920569417e+00,3.907836071058421901e+00
-2.978874242730646049e+00,1.558743978369427019e+00,3.727376056186876951e+00
-3.393929530798038385e+00,1.979686098904558378e+00,4.363326799686510604e+00
-4.143297791745810699e+00,1.985566009378084029e+00,4.855655855904260854e+00
-4.960391202770146890e+00,2.124725130195642020e+00,3.183875503462647139e+00
-4.214380159022582006e+00,2.126674026251522243e+00,3.493410860607451873e+00
-4.629414314419149079e+00,2.201066591625318036e+00,3.901888645598861061e+00
-3.503525998014885179e+00,1.006719898809255831e+00,4.031744490563551331e+00
-4.493402767415449972e+00,1.275240276690623675e+00,4.994613122044007980e+00
-3.177263547286738987e+00,1.001789289955794970e+00,3.698542011365463011e+00
-3.559019060589823980e+00,2.144374166642701862e+00,4.614351227160693902e+00
-4.047340312072045698e+00,1.000130010953180326e+00,4.621590487177563489e+00
-4.211894886979425046e+00,1.001196470217244006e+00,4.810030926164460929e+00
-3.730228783575557205e+00,2.316012161737745600e+00,4.867742417327765025e+00
-4.301056297605093448e+00,1.001884808577123254e+00,4.907917484929503971e+00
-4.737942665208665360e+00,1.011471470037103026e+00,3.165683886181700046e+00
-4.747141966434078597e+00,1.003941411235844017e+00,3.261345566381841810e+00
-4.634530454529239840e+00,2.380816189414705519e+00,3.114641350523571273e+00
-3.775011299506798146e+00,2.344243568170894854e+00,4.892238529233003952e+00
-4.388476585862050250e+00,1.000150987090059118e+00,4.984231831354706266e+00
-1.641180924738433022e+00,-4.265471577620023602e+00,3.394797873099629104e+00
-1.635342633306661408e+00,-4.082832087026683432e+00,2.584452100677923969e+00
-2.091569274298431313e+00,-4.442773859713377682e+00,2.905678387403793028e+00
-2.457598184308403155e+00,-3.880280201757865033e+00,3.074093870161136000e+00
-2.339225759755803935e+00,-4.321695320598053058e+00,3.628441601481592116e+00
-1.329006316055848957e+00,-4.503419585266741798e+00,2.837094593667579989e+00
-1.011137460245596920e+00,-4.107340106510073419e+00,2.812022897628712048e+00
-1.981366567726309924e+00,-3.395616455516545784e+00,2.536190454658306948e+00
-1.012790605122533938e+00,-4.549798861690301344e+00,3.026893499687833167e+00
-1.011617881135949082e+00,-3.881694037928526964e+00,2.545893426433832207e+00
-1.000132882390742051e+00,-4.665407319074030390e+00,3.161326691167675840e+00
-1.675514449234082992e+00,-3.101044464416052193e+00,3.898985042481487806e+00
-1.006732054065833104e+00,-4.731575863286295203e+00,3.260770264567482979e+00
-1.742321446263707108e+00,-3.160603543473751387e+00,3.998998630592500270e+00
-1.626417629172292045e+00,-4.834323541977214589e+00,3.858936016340936082e+00
-1.105419569289044945e+00,-3.725961343037936135e+00,2.363690746057292014e+00
-2.417235338851408510e+00,-4.852834364496605879e+00,3.229157385696771243e+00
-1.000282038386689942e+00,-3.208706878122987050e+00,3.736026240173392132e+00
-1.002754390917407035e+00,-3.420271693540526847e+00,3.974122682043990107e+00
-1.030732012890912097e+00,-4.862254275531314285e+00,3.412320444625691618e+00
-1.935414796101889046e+00,-3.425948186671979201e+00,4.305427275555492095e+00
-1.000953292178399678e+00,-2.925459980952950456e+00,3.448657961998163657e+00
-1.000175597861914012e+00,-2.832828541026558788e+00,3.348941374561220208e+00
-1.793849146877826595e+00,-3.562868076703971543e+00,4.539352945077684609e+00
-1.000301957916360118e+00,-3.862084448743009713e+00,4.423627557156649459e+00
-1.654169422692679081e+00,-4.150295381356034596e+00,4.718287105481815402e+00
-2.357043393229520944e+00,-4.914890620929429410e+00,4.203189298909231653e+00
-2.227873636933342283e+00,-3.649782502372035164e+00,4.720290300649236492e+00
-1.001501960626151932e+00,-3.170484956049504977e+00,2.079969585023761169e+00
-1.001369433265898001e+00,-4.116479435908834361e+00,4.709031976653381690e+00
-1.455763089089471052e+00,-2.872091944458877055e+00,1.971429032288001926e+00
-2.338831716330508570e+00,-3.753105414289395370e+00,4.899809733589865601e+00
-1.385003193185835979e+00,-2.807572342254462061e+00,1.890497507642181940e+00
-2.380017315067270101e+00,-3.794253183611789204e+00,4.962608683742185001e+00
-1.000413957357723094e+00,-4.307998934798819235e+00,4.908219648843976657e+00
-1.000310509707431184e+00,-4.338841583888099152e+00,4.929777924436762326e+00
-1.022688205587884980e+00,-4.425227702249655337e+00,4.985391131824742139e+00
-1.004144932007221103e+00,-4.610303705785701922e+00,3.161737833391768060e+00
-1.000349101847674671e+00,-4.358574327988769426e+00,4.950483391558582191e+00
-1.000314151674411844e+00,-4.396691684532389566e+00,4.991376212694508929e+00
-1.000385007328101095e+00,-4.320462959172510331e+00,4.909626051102799593e+00
3.790570466132359151e+00,1.000000459625778992e+00,-4.352259367010910651e+00
3.195084265255093037e+00,1.000042591092231037e+00,-3.723765037892940111e+00
4.203579585973445276e+00,1.000290301497376966e+00,-4.786008809411714360e+00
3.432388568949493735e+00,1.005967203834099433e+00,-3.958338275743145562e+00
4.669792009199441374e+00,1.006418726383359052e+00,-3.129635016289828986e+00
4.824134756658023271e+00,1.031477648732253005e+00,-3.194198900119324058e+00
4.439512086430774218e+00,1.057137800155263152e+00,-4.979800174415207614e+00
4.983277854027026166e+00,1.080872169248672243e+00,-3.259648376970133654e+00
3.946398637236345763e+00,1.135949063244605650e+00,-4.449710683066210315e+00
4.157376398647000038e+00,1.282339096200213913e+00,-4.657860490998214864e+00
4.990681850375523254e+00,1.343532701405417029e+00,-3.806873132538245219e+00
2.963541189644002927e+00,1.374111802867273413e+00,-3.691666014827285291e+00
2.815798377423499144e+00,1.400665003287627108e+00,-3.497581877938506167e+00
4.284395188523290265e+00,1.000015436133772528e+00,-4.875800537445850402e+00
4.324337267637869964e+00,1.029860902722667948e+00,-3.011172719736526115e+00
2.477269170970286094e+00,1.005585469186988101e+00,-2.985392211601809009e+00
4.367911448402179708e+00,1.000002483622477456e+00,-4.965503489619091049e+00
4.552629449091869063e+00,1.003825798869574903e+00,-3.053649398012631799e+00
4.790640499433124866e+00,1.228663864391400073e+00,-3.567604395268150874e+00
4.062948771073401133e+00,1.003203456181139375e+00,-4.657873038431814550e+00
4.376793861307646694e+00,1.000000868508728047e+00,-4.975728998754937571e+00
-1.635342633306661630e+00,-4.082832087026683432e+00,-2.584452100677923969e+00
-3.887055781113017083e+00,-1.862142726888373900e+00,-2.549627414513815804e+00
-1.979464756043266993e+00,-3.393725875651449009e+00,-2.534541117998720949e+00
-9.521066624238506693e-01,-1.918665652253275011e+00,-2.413837331940678954e+00
-3.806328135428851844e+00,-1.138760155166256949e+00,-2.407719084145325095e+00
-1.008055296469514417e+00,-3.582210256274364291e+00,-2.335637524035990786e+00
-3.202096330358457976e+00,-1.786440452633367038e+00,-2.317939956463682005e+00
-3.076799672280507991e+00,-1.131216616991645774e+00,-2.141683040569032581e+00
-1.449231526167545026e+00,-2.865394802429534149e+00,-1.965010117213054963e+00
-2.595409876397415161e+00,-1.082833827350665912e+00,-1.699684346602456930e+00
-3.498294769385294156e+00,-1.001657924230058061e+00,-2.326407609865944082e+00
-7.885017806571045229e-01,-2.202673511248950167e+00,-2.607703414286317134e+00
-1.011641137700389992e+00,-3.882723501968484925e+00,-2.546595260609267886e+00
-1.317320077416104018e+00,-2.745099143515259854e+00,-1.818861221504455061e+00
-3.923774476100720943e+00,-1.010544269363462977e+00,-2.673592922879314049e+00
-1.005359730765579052e+00,-3.336542801605697939e+00,-2.218760701677232827e+00
-1.000001380136511075e+00,-2.903633990754785010e+00,-1.866523438335480067e+00
-7.639670458571351519e-01,-2.178166691860262016e+00,-2.573489954780324052e+00
-3.605902107523272004e+00,-2.191636535928812801e+00,-2.755773727021673114e+00
-3.514040520584630123e+00,-2.096527550253743932e+00,-2.678763511769139072e+00
-9.999999596627201504e-01,2.414213496921220337e+00,-1.499999947836469616e+00
-9.994039044861555698e-01,2.162913894310845020e+00,-1.305572558128492044e+00
-9.937270530117056078e-01,1.873128865873026072e+00,-1.117195206010717090e+00
-9.997182434305654786e-01,1.785198342115775993e+00,-1.034369914089301012e+00
-7.290627515675736081e-01,2.136819686738439028e+00,1.225584677840195091e+00
-6.940727033278162317e-01,1.986293086768120997e+00,9.909226593291026175e-01
-6.873292462508600043e-01,2.077799370482444008e+00,-1.110897580971347054e+00
-7.293276708133926700e-01,1.506688827004480924e+00,5.001201540395492362e-01
-1.925824506074238052e+00,9.956243156464967825e-01,1.152078760858133988e+00
-5.349561565492498838e-01,1.934137723662272990e+00,-1.031813036026749009e+00
-5.915602857319222085e-01,1.600814077831441917e+00,-5.336532406028512421e-01
-2.135596589359305852e+00,9.983669990430935615e-01,-1.299435698586054011e+00
-2.567348573946380164e+00,1.149317756421976977e+00,-1.651159897355767070e+00
-1.760945282219386954e+00,8.869926189204691003e-01,-8.523569805388128140e-01
-4.597441176997534851e-01,1.858931829171162953e+00,-8.772622584950702240e-01
-5.461077566344874068e-01,1.774965758590701048e+00,-9.983255262466470548e-01
-2.506708202084972026e+00,1.017097617333726944e+00,1.590133764389356941e+00
-2.414213691743942736e+00,1.000000046295088207e+00,-1.500000108086942729e+00
-3.928648657880973727e-01,1.769900472509267964e+00,8.928293508918438981e-01
-1.000000000000000222e+00,9.999999999999996669e-01,-4.999999999999996114e-01
-7.496764836846494529e-01,1.303416430816985105e+00,1.536297428735865056e+00
-9.999022251729243749e-01,1.205032539475519915e+00,-1.698436754102496948e+00
-8.627720058233407929e-01,1.001042311913858951e+00,1.363664805511695111e+00
-1.040139347025857974e+00,9.999473250875724473e-01,-1.539435105328758047e+00
-1.000000000000000000e+00,1.000000000000000000e+00,-1.500000000000000000e+00
-4.999185526370620858e-01,1.004382106302265987e+00,1.032468708635599031e+00
-5.581875228691253188e-01,1.045593915593850065e+00,-1.189583386103429063e+00
1.804788225303705085e+00,-3.223984423374028907e+00,2.377618638732406975e+00
1.839279445243737321e+00,-3.877332820952909653e+00,2.535797403894563651e+00
1.866863534830188964e+00,-4.456932240560025349e+00,2.844576545242771815e+00
2.496534357748662281e+00,-4.199517574119032481e+00,3.023069700418962391e+00
2.081442396053275967e+00,-4.944445821966369614e+00,3.164231732941114039e+00
4.084057261856812282e+00,-2.663499538439589198e+00,3.281385714266268128e+00
2.685423257005442377e+00,-4.911517716402632239e+00,3.380381144507195845e+00
2.072278099274384999e+00,-4.129919627919809599e+00,3.402150730177869953e+00
2.938983735758811999e+00,-4.354856122497887227e+00,3.507092769881281047e+00
4.461156382468807635e+00,-2.690408419427865017e+00,3.788724085543437869e+00
2.435673963791999963e+00,-4.508436897022114920e+00,3.825996105992973906e+00
4.989274939864228209e+00,-3.475543991364333785e+00,3.980534788976374028e+00
1.767273803360047024e+00,-3.182084227881656791e+00,4.040514991498106667e+00
2.129744480905499948e+00,-4.908628726297082245e+00,4.135815770270082403e+00
3.017120129700546105e+00,-4.796035261034028885e+00,4.145554522896384597e+00
4.922424617100824129e+00,-2.779846215914079988e+00,4.273928234492806233e+00
3.140210836915386938e+00,-4.628859342733209203e+00,3.912572532363593147e+00
4.627701445923226409e+00,-3.146100753666678962e+00,3.907545365793255954e+00
2.006874741744998136e+00,-3.430269772840504050e+00,2.530180510160913165e+00
2.458044312184599178e+00,-3.944492479044849897e+00,3.194704971237853020e+00
-3.192361338271181292e+00,-4.813251777715215063e+00,4.145939190040976108e+00
-2.969549460864185697e+00,-4.384190030674202099e+00,3.547070318605796135e+00
-4.735418996068863073e+00,-3.305026849174612202e+00,3.848874486332515055e+00
-4.282611574251479425e+00,-2.860970128044217020e+00,3.409745548441449170e+00
-2.964728183299385034e+00,-4.855021541492013704e+00,3.526981343170353167e+00
-4.591391621846510063e+00,-3.044355142046335949e+00,3.544486331582008543e+00
-3.078585159779489100e+00,-4.501893586701963379e+00,3.719953850175116816e+00
-4.986347141149710005e+00,-3.571171561127524985e+00,4.158064069281901531e+00
-4.890851584197054791e+00,-3.465608663253695099e+00,4.124287964713174048e+00
-3.278449995104598003e+00,-4.806089879603618442e+00,3.780486079997893878e+00
-4.642256561264787251e+00,-3.076382095969957930e+00,3.576422050892587912e+00
-3.075978505255096529e+00,-4.512123316957610264e+00,3.750916493347125513e+00
-3.003049171677767415e+00,-4.433714769391466248e+00,3.662407041326900980e+00
-3.394960301132698088e+00,1.000808343095376918e+00,-3.941477200765654221e+00
-4.872477251417060451e+00,1.056764717866211400e+00,-3.201117360288521674e+00
-4.037821131847351808e+00,1.069298959161278928e+00,-4.556174313192492775e+00
-4.188315907381457315e+00,1.134222819233803081e+00,-3.027298960269089179e+00
-3.029656619101336101e+00,1.137489590746114221e+00,-2.105839087952949829e+00
-3.806328135428853177e+00,1.138760155166256727e+00,-2.407719084145324207e+00
-2.939214590732424970e+00,1.519975612486339944e+00,-3.670559646340258997e+00
-4.942074080417781623e+00,1.531585427476914951e+00,-3.891386654183316196e+00
-3.179634441394953992e+00,1.764776168975132009e+00,-2.299169289540202055e+00
-3.887055781113017083e+00,1.862142726888373900e+00,-2.549627414513817136e+00
-4.032049233927826215e+00,1.882979078080869062e+00,-4.712034926283003244e+00
-3.336843982724225111e+00,1.922191996778461087e+00,-4.280937839338118778e+00
-4.514983375589364911e+00,1.962813511278058920e+00,-2.901053715381333831e+00
-4.146234063785401602e+00,1.975957625962974973e+00,-3.398302979127767909e+00
-4.428813578991847244e+00,1.459761913621428153e+00,-4.937149329201180770e+00
-3.405450572907100959e+00,1.883337196396225988e+00,-2.626865856400839139e+00
-3.518520824224763199e+00,1.013386172933383955e+00,-2.280034893002023111e+00
-2.771446628761404796e+00,1.350987557035709941e+00,-1.857077092083363912e+00
-3.361225454460595952e+00,1.693908062166771700e+00,-4.076053368181687730e+00
-3.240403793224342355e+00,1.007448408339887358e+00,-3.792419484187095513e+00
-4.254986786222933581e+00,1.000577158775004083e+00,-2.879055813875111003e+00
-4.362936105556676658e+00,1.005270651665524539e+00,-2.983965286065109357e+00
-2.972309588843879080e+00,1.000290132226758999e+00,-3.495147395956252012e+00
-4.522427582641733501e+00,1.001760854478729978e+00,-3.084981783643369724e+00
-4.598588755780108173e+00,1.584715577548126531e+00,-2.887155694146403828e+00
-3.204483774044804889e+00,1.000841749097856059e+00,-3.729310729566656324e+00
-3.900333778868573908e+00,1.000016190836788832e+00,-4.467649793216371457e+00
-4.776266883519267203e+00,1.007849702816792092e+00,-3.202520029948188185e+00
-4.747141966434078597e+00,1.003941411235844017e+00,-3.261345566381840921e+00
-3.899464512974211150e+00,1.000007101362013096e+00,-4.468524760611092717e+00
-2.910243497905507404e+00,1.000019733394727384e+00,-3.426774503585737985e+00
-2.806161786430664939e+00,1.371601432311948088e+00,-3.458120455085170075e+00
-3.875470553492543324e+00,1.000004854708913316e+00,-4.442959824058461571e+00
-4.753920375303597901e+00,1.008226413276458011e+00,-3.185306908907076906e+00
3.452908935196335793e+00,-4.986117713348194869e+00,-3.955110880286082153e+00
2.951316853280283592e+00,-4.789992561356912759e+00,-4.141407534032556903e+00
2.381953002032343392e+00,-4.589860384469629295e+00,-3.899111785320434453e+00
2.149528331138272907e+00,-3.564157536079891830e+00,-4.612426541255254975e+00
4.923619644895388170e+00,-3.419824152369375536e+00,-3.926331989428968328e+00
2.812450434410986855e+00,-4.680436160126592249e+00,-4.024797222226253801e+00
4.567768951374091557e+00,-3.077830037804010210e+00,-3.849716316970166918e+00
3.219189653955302877e+00,-4.788209405751437941e+00,-3.719193040446080012e+00
4.666865125053766938e+00,-3.245824255110566270e+00,-3.804304698366401283e+00
2.275963212926723322e+00,-3.881530706503834249e+00,-4.867505200428788648e+00
4.823318800736911882e+00,-3.311495479895199434e+00,-3.815797034316188441e+00
3.357013938275545506e+00,-4.795431276424797495e+00,-4.046185405092234788e+00
2.360592514250297924e+00,-3.774808162237350828e+00,-4.934131174438181944e+00
4.757266574212979826e+00,-3.302854948376946265e+00,-4.022940954345491704e+00
2.951814961524064085e+00,-4.895232618278615000e+00,-4.253959560074396684e+00
3.482077518384103954e+00,-4.916733517389036301e+00,-4.166216139134449215e+00
2.332026336163512958e+00,-3.747315820953196042e+00,-4.900552898620104791e+00
-3.192361338271181292e+00,-4.813251777715215063e+00,-4.145939190040976108e+00
-2.969549460864185697e+00,-4.384190030674202099e+00,-3.547070318605796135e+00
-4.735418996068863962e+00,-3.305026849174612202e+00,-3.848874486332515943e+00
-4.282611574251481201e+00,-2.860970128044217020e+00,-3.409745548441450058e+00
-2.964728183299385034e+00,-4.855021541492014592e+00,-3.526981343170354943e+00
-4.535582818526886051e+00,-3.114246770950812149e+00,-3.669311603061606863e+00
-3.079251327079555178e+00,-4.502603523031577737e+00,-3.720779356987411468e+00
-4.986347141149709117e+00,-3.571171561127524985e+00,-4.158064069281902420e+00
-3.278119169342999406e+00,-4.805621853138965172e+00,-3.780168090683546644e+00
-4.890851584197054791e+00,-3.465608663253694210e+00,-4.124287964713174048e+00
-3.282742217245156358e+00,-4.698658845972943254e+00,-3.899095152479007176e+00
