0
1.971177379296444e-01 -2.625806891486683e-01
-2.158951775006014e-04 1.057176664429357e-02
-2.747941658725235e-01 -2.070084610802340e-01
-3.160869560373418e-01 -2.358708566807901e-01
-3.501051274171735e-01 -1.730798670369333e+00
8.018461586435882e-03 1.131177151142020e-01

1
2.989069548583283e-01 -9.137821853910312e-01
5.586441565114580e-01 -5.239270423019293e-01
-5.411908581887591e-01 4.202710848029264e-01
9.209263229560397e-01 -7.930342130420186e-01
-6.288255462373560e-01 -2.649040750949180e+00
3.996942884841461e-01 -1.513319147474232e-01

2
2.007682524789665e-01 4.765455633266062e-02
9.000097673429994e-01 -5.473056572001059e-02
-5.116552655637014e-02 -7.101343923147834e-01
4.154878927075949e-02 3.906562223319579e-01
-5.743920416929399e-01 -1.783690635717702e+00
3.548643014746410e-04 -1.106225041363270e-04

3
5.164039557637576e-01 -4.047295125435224e-01
4.510291338515122e-01 -2.701505725387770e-02
4.335365762405022e-01 1.608744286912101e-03
-7.444676587027985e-01 2.218078836848743e-02
-8.374607037363843e-02 -1.927161269175957e+00
1.390898798617519e-01 2.099665416099735e-01

4
-1.778279668815846e-01 6.293349042815663e-02
7.123232367078044e-01 2.835168876234931e-01
2.880510386869125e-01 -4.724488841440345e-01
-4.231506541746520e-01 1.265702452792992e-01
-5.738225107437666e-01 -1.783224122247609e+00
2.179861899903182e-04 2.251169505377202e-04

5
-2.079869217928429e-01 -7.016226641743700e-01
-2.294519222138687e-02 -2.425408103369813e-01
-8.454351779030089e-02 -2.328541463007862e-01
4.853294971863441e-02 -4.753828299094520e-01
-6.163451182652003e-01 -1.825646490081534e+00
1.401017431380892e-02 -2.594389990485206e-02

6
2.279245627189660e-01 -1.255992565707298e+00
-1.679012291261972e-02 -2.136558849655779e-01
-1.860511082359963e-01 9.523163583296103e-01
2.039374095067490e-01 -1.119669260252051e+00
-8.220398352675081e-01 -1.582115288183125e+00
-1.304537972647523e-01 -8.739716154991674e-02

7
1.180857725580726e-01 -7.332840399672250e-02
4.115190470364069e-01 1.645143591743137e-02
-8.018208205584573e-02 -2.632689264987987e-01
-2.718714267007356e-01 -1.691326948595945e-01
-5.762134392210870e-01 -1.782737613449643e+00
-3.580087972593734e-04 -8.294561314695961e-04

8
-2.839777190727200e-01 -1.104311728766583e+00
9.051865334835050e-01 8.608236909140067e-01
-8.458827767791545e-01 -7.245729739146191e-01
1.615981631843110e+00 1.281821922639046e+00
-5.881033949577834e-01 -1.770073443269212e+00
-8.043676034825658e-03 -4.586771977217590e-03

9
-2.337612757159567e-01 -9.891958680319165e-01
2.262634147575813e-01 -2.524001308372452e-01
1.557584610118834e-01 -3.352537648340149e-01
2.290597545683173e-01 -1.555867023647235e-01
-5.154473475947189e-01 -1.785319848358417e+00
9.677331624773581e-03 2.739272291343595e-02

10
8.300724849503801e-01 -5.123306547033561e-01
4.628176816058661e-01 -3.279961040779019e-01
-2.056372751610371e-01 -5.279547685616421e-01
1.220845639024555e-03 5.312545779435114e-01
-5.809807585507369e-01 -1.814374314700148e+00
1.383849427343502e-02 -7.665020006581272e-03

11
4.342568517484707e-02 3.787538549969083e-01
-1.101361100943886e-01 -8.572955359348559e-01
-4.531155524034979e-01 -4.360747899744241e-01
-2.992884720499683e-01 -1.171383146042348e+00
-5.718898595648041e-01 -1.783665908123657e+00
7.064158611912679e-04 1.070512708546159e-03

12
9.007861902788643e-02 -1.045343489469758e+00
-1.088574320352598e-01 5.182034138265329e-02
1.076590204957546e+00 1.262417429324612e-01
-1.255170548522652e+00 -1.416876887425506e-01
-2.797554471387576e-01 -1.656806826656165e+00
-1.659149894418445e-02 1.569646343776902e-01

13
2.633158671542238e+00 -5.824918351605314e+00
1.759812601242814e+00 -3.116306002921997e+00
3.002239888199053e+00 1.463695748567563e+00
1.238250982224780e+00 7.215079612270739e-01
-4.856223614265830e-01 -1.764022819858849e+00
3.983846059211554e-03 4.451982596688035e-02

14
1.757278413112913e-01 -1.345900914532685e-01
4.076706017431940e-01 -1.535980641301136e-01
-2.074355059410072e-01 -5.660057505964444e-01
-4.349593777338866e-02 6.032200572233261e-02
-5.746466574978383e-01 -1.781485327478550e+00
-7.199277715359937e-04 8.965103897917733e-05

15
4.078815529750712e-01 -8.118693228248880e-01
-6.339129153163944e-01 -5.013791651621562e-01
3.002887833461150e-02 -5.598286028625554e-02
-7.222099887379547e-01 -5.672041068512071e-01
-3.157049549326070e-01 -1.874787441132010e+00
8.077381892083352e-02 1.084069122083746e-01

16
2.858020045794439e-01 -2.799838056222917e-01
7.316781614154301e-01 -3.071850359091422e-03
2.685906646224994e-01 9.362235803448246e-01
-4.270275652558533e-01 -1.074826925047358e+00
-5.720193695720240e-01 -1.782608312744453e+00
1.899051795839433e-04 1.163072933893568e-03

17
-2.756760186206835e-01 -1.018273069661910e-02
1.762656842378305e-01 2.330251057191768e-01
-1.728757900831414e-01 -2.439981272179312e-01
-2.937199738931122e-01 -3.996396629472831e-01
-1.016027499097001e+00 -2.131549033671458e+00
9.995685996433878e-02 -2.584388483821563e-01

18
1.154970169101688e+00 -1.181104462580094e+00
2.058352950901841e-01 -2.907534338276158e-01
-1.412789020301922e-01 -7.880094300152840e-01
5.118708021813138e-02 1.301666107532639e+00
-5.908801218490201e-01 -1.765927425684981e+00
-1.039786197601598e-02 -5.291731694098301e-03

19
6.024228714905166e-02 -6.283477055026387e-01
-4.380461171422589e-02 -1.529894458854942e-01
-6.156637025372855e-02 -1.376688489838110e-01
-2.088261181377335e-01 -3.533155979331759e-01
-5.497402148785118e-01 -1.717119625214862e+00
-2.739578072963384e-02 2.115341314225865e-02

20
4.045860760139156e-02 -2.502392860517279e-01
-5.354797461858400e-01 1.971645001145177e-02
-3.433411408961882e-01 -3.571088072585176e-01
-6.025772369928721e-01 -3.621771658981437e-01
-5.764398096797974e-01 -1.784337044477253e+00
3.618382846325318e-04 -1.168143179544481e-03

21
6.655327916645001e-01 -1.026715212384173e+00
5.254264981508650e-01 3.834955518268561e-01
-2.601589245833690e-01 5.801886422467990e-01
2.071036286817095e-01 1.088080751479853e-01
-6.086602566663932e-01 -1.674965943986328e+00
-5.578579445010199e-02 -4.562556194631542e-04

22
6.924417608129366e-01 -1.253806361774182e+00
-1.446607652406536e-01 -1.666071870858177e+00
2.970067268219858e-01 2.672325296521646e+00
-3.489874604688811e-01 -3.750610531881850e+00
-5.337759814677594e-01 -1.773155106107897e+00
1.292133043230930e-03 2.053282459645102e-02

23
-6.349533032724450e-02 4.544841832876256e-01
3.381568691556027e-01 -1.265875530116541e+00
-3.272137805053053e-01 -5.380646703096362e-01
7.220604138524940e-02 -1.356214780337651e+00
-5.767875519507226e-01 -1.782304449797942e+00
-6.451906551926255e-04 -1.036764816725209e-03

24
3.536060730938952e-01 -1.053277911220536e+00
3.601062714724395e-01 -1.000041925742018e-01
-1.100998731432956e+00 -1.756311230974157e-01
1.339233258516753e+00 1.531649096357138e-01
-3.744319566863676e-01 -1.814027131909459e+00
4.365540337017998e-02 8.958881795783220e-02

25
-2.381262086416937e-01 -1.082398067715607e+00
1.193305292655378e+00 1.340552506772988e+00
-6.833465991493450e-01 -6.009238203674870e-01
1.482895101856583e+00 1.673209644172556e+00
-5.728574857457339e-01 -1.801297599558025e+00
8.863574900547852e-03 -1.944077161497776e-03

26
1.425065935521544e-01 -3.975823246765116e-01
6.865025058006187e-01 4.101578781113068e-01
2.787075499937659e-01 2.050561687587340e+00
-5.695465607712041e-01 -1.947833304564363e+00
-5.785829428175053e-01 -1.784283035074730e+00
2.534799698279747e-05 -2.168878618155565e-03

27
-8.684975472602421e-02 -1.695181397621449e-01
1.220676833042754e-01 1.346016171485183e-01
-1.942342857197528e-01 -2.314835438336516e-01
-2.654577140846347e-01 -3.047288375712586e-01
-5.502079880688627e-01 -1.771165244628393e+00
-2.029395843140798e-03 1.308862256275464e-02

28
6.893920843150853e-02 -2.684933355885402e-02
3.390888841684402e-01 1.972009540325172e-02
-8.618404957450104e-02 -3.719345932050093e-01
-3.233004379368335e-01 -1.335797950146474e-01
-5.728839307764116e-01 -1.783483832340353e+00
4.764414335100436e-04 6.291232670545997e-04

29
2.275021549518410e-01 -1.662891159194613e-01
4.811711913134454e-01 1.798953199274297e-01
2.614051552333740e-01 1.060843412845525e-01
-6.455628354236976e-01 -2.403509904897473e-01
-5.740153916257950e-01 -1.814741498045416e+00
1.502230771507877e-02 -4.440361290640951e-03

30
8.904519930966828e-02 -7.305313285161036e-01
-1.633103418600683e-02 5.243537370737474e-01
-5.711387786035854e-01 -6.519598307056068e-03
1.731046336215957e-01 8.710875563164752e-02
-6.313318115827224e-01 -1.850521854593565e+00
2.354141149723509e-02 -3.660737985521567e-02

31
1.849658434967512e-01 2.857308247366446e-01
-3.422061006636491e-01 2.869172679462443e-01
-5.684175560336090e-01 -3.104986723191404e-01
-7.420610908962540e-01 -3.104998557944244e-01
-5.773745319464931e-01 -1.784999967195914e+00
5.381410342510237e-04 -1.704253012129216e-03

32
-1.122765779079001e-02 -2.283061465789767e-01
-2.912461824873462e-02 -2.054162143587213e-01
-2.430990491535335e-01 -3.439713893070325e-01
-2.153648018189303e-01 -4.371422344687315e-01
-5.772983442402401e-01 -1.783243622183347e+00
-2.773498038336711e-04 -1.413467249811113e-03

33
-2.429021636838404e-01 -1.455367123369680e-01
3.110000263036390e-01 4.971513894553174e-01
-1.455648583728947e-01 1.432064412134560e-01
-2.564737229678620e-01 -4.528807512215814e-01
-5.728500840966994e-01 -1.785932263281200e+00
1.633604550320695e-03 2.896651352435392e-04

34
-1.637819082775714e+00 -3.824739944920422e-01
-4.484881129200277e-01 9.943325053443397e-01
-7.541053853503789e-01 -2.739028765931530e-01
4.716267895008471e-01 -7.741191851122478e-01
-5.445793148732314e-01 -1.871576863092469e+00
4.604207401651513e-02 1.162900438480463e-03

35
-2.339023480543637e-01 -2.908335502039790e-01
2.455085113638713e-01 3.253920827352625e-01
-9.819630939535530e-03 3.583674453452499e-03
-2.853471596085440e-01 -3.792177157487311e-01
-7.815787687203560e-01 -1.696154107268928e+00
-7.091338503200363e-02 -8.490846398040801e-02

36
-6.972139381900673e-01 7.957498108445099e-01
5.649772325608938e-01 7.595311952574845e-01
-6.757228636982995e-02 1.063415813999138e-01
-6.466606017228399e-01 -8.777299606213940e-01
-3.749866144630033e-01 -1.923534035597308e+00
9.510968134326929e-02 7.343300393247630e-02

37
1.455356771607331e-01 -1.250275435065478e-01
3.954790107664876e-01 1.161451477705243e-01
1.213555075215798e-01 -1.665560327126880e-01
-5.118056918092642e-01 -1.282183219505625e-01
-5.760956672582609e-01 -1.784563594804757e+00
5.184064352175505e-04 -1.039070617652791e-03

38
4.071504666552939e-02 -4.545606633193428e-01
-1.420487924056884e-01 -2.807553530896186e-01
-1.528893207743209e-01 -2.649076554538128e-01
-2.528292970113243e-01 -4.623181908933202e-01
-4.782027930060319e-01 -1.550242546306940e+00
-9.554584368880364e-02 7.904146646633997e-02

39
6.983962285459689e-01 -6.395600277913917e-02
5.013611708304335e-01 -4.232608450088508e-02
-5.832147173468168e-03 -9.710732642935747e-02
-5.574328767921394e-01 4.603192186013268e-02
-7.572744015179267e-01 -2.007208856140510e+00
7.899910519670088e-02 -1.186198443193326e-01

40
1.420208922231524e-02 -1.691805047478475e+00
-1.373306867804490e+00 1.004037626570137e+00
1.396933060474499e+00 -9.209743958769988e-01
-2.319304242167841e+00 1.611797997333064e+00
-5.286826297118021e-01 -2.628661080124953e+00
4.046390766368030e-01 -1.012458095232905e-01

41
2.320391980564945e-01 4.157668052022222e-01
3.286917954275391e-01 1.846740754269359e-01
-3.210851396652316e-01 -1.892738515365437e-01
-5.448101651551812e-01 -3.132239368965281e-01
-6.972144831553772e-01 -1.308137442171468e+00
-2.412716244806277e-01 1.111413919869601e-02

42
-2.886390761752453e-01 -1.734116022051242e-01
4.669953654072625e-01 4.416015971652419e-01
6.306377796583338e-01 6.927489568635122e-01
-9.313562812476888e-01 -9.556456892844184e-01
-6.011418632973952e-01 -1.760522257460696e+00
-1.443105417824268e-02 -9.336432355597604e-03

43
6.980210075859439e-02 -7.187941154102916e-01
3.840578425910185e-02 -5.458870101047941e-01
-5.624272083388955e-02 -1.155978784387509e-01
3.136303852631804e-02 -6.204322244850099e-01
-7.617736113369069e-01 -1.714600112343770e+00
-5.935786064702866e-02 -7.826541972681719e-02

44
-3.648050229444385e-01 -4.407996790466560e-01
-2.907317890534841e-02 -3.954154303249897e-01
-3.023949316273711e-02 -3.918601089594035e-01
-5.509750312680223e-02 -6.649741033492920e-01
-4.001218683966977e-01 -2.121850447053047e+00
1.847905501700819e-01 3.281878634989457e-02

45
2.563144744563485e+00 2.569601444348790e+00
1.285564759850143e+00 -1.642035389643781e+00
-1.192424288276430e+00 -1.292103489900920e+00
-7.863276901075794e-01 1.427993498569212e-01
-6.511581473289469e-01 -1.808204833592606e+00
7.489305572179858e-04 -3.979554319761876e-02

46
-2.514049734212671e-02 -1.013410753853437e-01
6.576873804287648e-01 -1.253575013393111e-01
-8.206583195167216e-02 -4.730486438466420e-01
8.454965967126039e-02 -7.728597728535608e-02
-5.758875051423890e-01 -1.782877843355995e+00
-2.447066144332663e-04 -6.964232555081673e-04

47
-5.779646111065077e-01 5.328695749640819e-01
-6.622564072908054e-03 1.101252553155666e+00
-1.372841869764964e+00 1.313830607132031e-01
2.549175480867910e-01 -7.316329381199620e-01
-5.737189933929551e-01 -1.785249877139434e+00
1.186347336916297e-03 -2.020273985767084e-05

48
-2.775861417708295e-01 -2.569416555557407e-01
4.652408606250369e-01 -3.176214733980342e-02
-6.207475620648371e-02 -6.363497883012690e-01
1.232936941802608e-01 8.481430447386149e-03
-5.723631326649106e-01 -1.787987325668907e+00
2.671412998139526e-03 2.205385082047466e-04

49
-1.008700671839455e-01 -6.608355602695272e-01
3.648367620001338e-01 -1.038466734710456e-01
-6.891133359511301e-02 -3.617391840101278e-01
2.391815646113546e-01 -5.122205251997876e-02
-5.204285212694965e-01 -1.753892505713218e+00
-5.835627050872269e-03 2.961018333690685e-02

50
5.035271471904695e-01 -1.092411930889756e+00
-1.012980513226860e-01 -9.472472905243300e-01
9.684208298633107e-02 9.223688649648446e-01
-1.705850809458917e-01 -1.569603312662865e+00
-4.703218424884035e-01 -1.411344524123229e+00
-1.597684045880940e-01 1.029111733309291e-01

51
-3.889031213521354e-02 -3.060222987582129e-01
4.145965084999780e-01 -1.501436305002964e-01
-2.139937497854036e-01 -5.462721978248816e-01
1.872448868773753e-01 -2.346025406017267e-02
-5.715489968792639e-01 -1.780982070853180e+00
-5.071426856325700e-04 1.620480861009724e-03

52
-6.113482385068673e-02 1.659463908141585e-01
6.028173687323900e-01 3.627124165809588e-02
1.797914313380608e-01 -7.635770781102843e-01
-4.200461359062737e-01 2.129511958600055e-01
-5.750028104326623e-01 -1.783086913663170e+00
-1.790421767743627e-05 -3.104254525908745e-04

53
-1.561205644702610e-01 1.321226325637452e-01
6.991709154762804e-01 -6.666946847777377e-02
-5.221304064157314e-02 -5.248907706897160e-01
-2.546734628743613e-02 -1.620300589780360e-01
-5.747343298347986e-01 -1.784546302860095e+00
7.078651100222783e-04 -3.959049175961254e-04

54
2.082475535390669e-01 -3.188517839113701e-01
3.056678898372593e-01 1.345169092766583e-01
-2.223062453418032e-02 -3.319936274429282e-02
-3.511140697383886e-01 -1.583344927372379e-01
-3.451047641661480e-01 -1.620002336335311e+00
-4.339734366570475e-02 1.315528712899168e-01

55
-2.118099572594154e-02 -4.235424597398398e-01
-3.751963116175116e-01 7.106831891953074e-01
-5.521337801940446e-01 -2.062729103187091e-01
-3.374073649260070e-01 1.127758188857814e-01
-5.744181229100442e-01 -1.784326264190103e+00
6.502102632363863e-04 -2.151571888374582e-04

56
1.339202948156222e+00 -1.994834434509852e+00
-1.524038662046236e+00 2.242172822548904e+00
-1.461003629069778e-01 -6.530563462679422e-02
-1.741404660003392e+00 2.593381702123587e+00
-7.402235592805413e-01 -1.783238695976189e+00
-2.392805592439370e-02 -7.808660366346210e-02

57
-1.454005547564797e-01 -3.569290990636609e-01
3.592884371281443e-01 3.217820425918637e-01
3.670379587155514e-01 2.855557613743824e-01
-6.070369012143609e-01 -5.060545603226283e-01
-6.161756742597073e-01 -1.282472962274216e+00
-2.415868448022122e-01 5.297678867573809e-02

58
6.977183181694284e-01 -6.921941991727436e-01
2.551001568413933e-01 -2.051062698121477e+00
-1.940481487624337e-01 1.284712530691290e+00
3.567422026371232e-01 -2.818767452846832e+00
-5.945479642747962e-01 -1.823519247046272e+00
1.617290667019910e-02 -1.537722601799324e-02

59
7.080851985367848e-01 -6.608220356387322e-01
1.043424128937797e+00 -1.517844489958256e+00
2.294947290773764e-01 1.506814585706899e+00
3.445958724574142e-01 -2.331479562705519e+00
-5.779258495304003e-01 -1.783823095518484e+00
-9.572681838180370e-05 -1.792885853242293e-03

60
-2.202760085320214e-01 7.534741726911907e-02
4.483941140675337e-01 1.196647594341985e+00
-1.937687313564228e+00 1.437244610228588e+00
1.192114853155475e+00 -1.455375986636869e+00
-5.774423754245774e-01 -1.784959150407598e+00
5.090849471204394e-04 -1.730256166520811e-03

61
-2.916602860072339e-02 -2.117040259988564e-01
-2.545887704336289e-01 -6.351984332899525e-01
-1.570558776286276e-01 -3.621832035286496e-01
-3.551099122921391e-01 -8.503521711633445e-01
-5.854732694200813e-01 -1.758344539942467e+00
-1.318162820749821e-02 -1.646579391930482e-03

62
-1.881182721201558e-02 -2.245913236520323e-01
-1.431139451758127e-01 -1.839827296981919e-01
-2.360390120790450e-01 -3.358463920505542e-01
-3.220827833694010e-01 -4.699688320892622e-01
-5.731348901713996e-01 -1.794500965751390e+00
5.624762184339611e-03 -1.088103049067820e-03

63
1.500026992842349e-01 6.620383025718983e-01
-5.223224491148908e-01 -6.386434332449361e-01
-5.169958267804062e-01 -5.927863071686738e-01
-8.688220370644882e-01 -1.027106299416633e+00
-6.739920181818605e-01 -1.471222212771005e+00
-1.611519737041856e-01 -1.628738390277613e-03

64
9.496798625402204e-02 -2.095209200634018e-01
-5.394220823428637e-01 -4.599388337596798e-02
-2.848226806984500e-01 -4.833496293153288e-01
-6.869389093962071e-01 -2.616994491988898e-01
-5.725969991143603e-01 -1.781731401105148e+00
-3.066183338034692e-04 1.018518665893566e-03

65
-5.286738886389505e-01 2.955024079911825e-01
9.535564883566874e-03 3.795577038933174e-02
-2.781673254263198e-01 -5.437657039741022e-01
-3.206469085263017e-01 -6.330157535174258e-01
-3.128920987814439e-01 -1.722247731384395e+00
9.395748136232377e-03 1.318716087333269e-01

66
5.014736635145322e-01 -6.607930271528680e-01
-1.330679547813067e-02 -1.389570645590502e-01
-5.628896058020881e-02 -1.573882010528970e-01
-3.792927939069530e-01 1.096852550416149e-02
-5.353922455422320e-01 -1.857191981406330e+00
4.060593018278041e-02 7.574352769945702e-03

67
-1.707103775709800e-01 -3.959005325674881e-01
-3.117004688252684e-02 -7.894675084207012e-02
-1.478519873565166e-01 -3.233625125565145e-01
-1.646921269512514e-01 -3.772235998654306e-01
-7.285750005466424e-01 -1.702797709071253e+00
-6.009342568821546e-02 -6.092879592100647e-02

68
3.772495321367937e-01 1.416325840402845e+00
1.130004435068291e+00 1.823992407161882e+00
-1.308770118490331e+00 7.823746977919964e-01
-2.479457356277880e-01 -2.109865299810319e-01
-5.719638759847200e-01 -1.778410185327407e+00
-1.777710845809210e-03 1.798541497043338e-03

69
-1.581998564065023e-01 1.726853456876046e-02
6.404580369773066e-01 7.581181249572516e-02
4.612364384617929e-02 -4.568296609757474e-01
-1.457656142259528e-01 -7.115217457335878e-02
-5.741251684435749e-01 -1.783133761997437e+00
1.315315853207726e-04 9.579959919755940e-05

70
1.010376899014865e-02 -2.160446781203345e-01
1.549948720212913e-01 1.613172322601843e-01
-1.818465344856754e-01 -1.526428731142304e-01
-2.818103384137394e-01 -2.633692042447792e-01
-6.905340882262709e-01 -1.477990150122674e+00
-1.603679910930155e-01 -1.039592048674972e-02

71
3.700274230919835e-01 -1.262056156992903e+00
-1.826681689571356e-01 -8.408772190380619e-02
3.497346550067258e-01 -1.020776622757545e+00
-3.836515586559220e-01 1.133470206319308e+00
-7.418109339528108e-01 -1.904781368718361e+00
3.304044941151291e-02 -9.647539872823564e-02

72
4.177160465950440e-01 6.111589516921317e-03
5.259239509402950e-01 7.144028355448546e-01
-5.245084548076346e-01 3.558478129459138e-01
-1.992620803963840e-01 -8.099484294131784e-02
-5.755455414940438e-01 -1.785958065469952e+00
1.254505043503314e-03 -9.825828724000501e-04

73
-9.130380197198505e-02 -4.000632179325682e-01
-1.287864565234687e-01 3.648827344605897e-01
-4.939526957224483e-01 -2.230876451499700e-01
-7.003522991757566e-02 -1.286286849943274e-01
-5.739414411517744e-01 -1.778707666879053e+00
-1.924754823531190e-03 8.247051457788972e-04

74
3.726215505713303e-01 -6.601789985895108e-03
9.750952649394001e-02 6.141203320972394e-01
-8.467646779901316e-01 1.255831559379272e-01
-1.293182556475997e-01 -1.171234239743509e-01
-5.703909668309343e-01 -1.782082635597986e+00
1.788780840871235e-04 2.005713079273319e-03

75
2.966570002767889e-01 -2.097671925997408e-01
5.343634058772770e-01 9.066533186508544e-02
9.581044167305820e-01 1.381172511371766e-01
-1.301302819595372e+00 -1.881048622729822e-01
-5.711093557150132e-01 -1.732289678077894e+00
-2.335834152891524e-02 8.895018253900747e-03

76
-1.514658665988217e-01 -2.343231576572544e-01
5.131066321641627e-02 3.228702810845380e-01
-3.405190142814549e-01 -9.857842026504500e-02
-1.685422894840019e-01 -3.402522196608828e-01
-5.737668426014327e-01 -1.778005684978719e+00
-2.229770113536849e-03 1.008764338328137e-03

77
7.683251541723719e-01 1.358387371686924e-01
7.914226341653749e-01 -3.684984762229617e-01
-2.286301917457993e-01 -5.778462069439324e-01
-1.107900622695832e-01 2.984377011766673e-01
-5.677353194343111e-01 -1.780198114936336e+00
-3.225278997396279e-04 3.529016819357456e-03

78
-1.243501454551933e-02 7.456524820688303e-02
3.878244623252761e-01 -5.752019724365632e-02
-1.403641233892364e-01 -5.196619707038050e-01
-2.197872475166550e-01 -1.390079565923767e-01
-5.734770153106991e-01 -1.782348931678456e+00
-1.437369581680112e-04 5.147425403247783e-04

79
-2.747045039770785e-01 -1.013177619749787e-01
4.390948579365397e-01 4.219908250008020e-01
3.183302723281882e-01 2.513311574803371e-01
-6.355322210398126e-01 -5.808056578192172e-01
-5.501429501984103e-01 -1.803142108021525e+00
1.302860063519036e-02 8.477828817543755e-03

80
3.460228964089643e-01 -5.563593752833911e-02
2.535819286791232e-01 9.386077240978909e-02
-2.305786729366315e-01 -1.143350625193184e-01
-4.055191372054271e-01 -1.750165837346229e-01
-1.998684913886004e-01 -2.367140484395807e+00
3.292924395699520e-01 9.145601907670130e-02

81
-2.103994033997283e-01 -9.779122669729323e-01
8.080919736365088e-01 -3.120070565913887e-01
-1.142319516574890e-01 -4.172828959635442e-02
9.516287117036262e-01 -3.435833492474381e-01
-4.559729160216119e-01 -1.642780789284649e+00
-4.877000088763439e-02 7.607120817033385e-02

82
1.838695706707775e-01 -1.517649791723546e-01
4.792698340568140e-01 1.635349168027698e-01
1.467220907084451e-01 -8.400793321722995e-02
-4.928255202056279e-01 -1.068142028372361e-01
-5.725026821118644e-01 -1.783623209710382e+00
5.973712480321958e-04 7.883113544530641e-04

83
5.167723590753589e-01 4.961383811933078e-02
-5.130246555861507e-01 -2.802521106888546e-01
-4.603567305383013e-01 -2.984217070001659e-01
-8.110816486483537e-01 -4.840424120500482e-01
-1.071751552892550e+00 -2.869210896731435e+00
4.390178951622738e-01 -3.917336955148950e-01

84
-2.134162154176880e-01 -1.707916366085385e+00
-1.128733745050131e+00 -2.749533113873101e+00
2.831318573833647e+00 1.076128782077136e+00
-2.521412773796594e+00 -3.438535647669296e+00
-5.717810125974803e-01 -1.781332076107527e+00
-3.761043243226386e-04 1.460489673055186e-03

85
1.583414550214224e+00 1.105208184351565e-01
9.073836032862704e-01 -5.160147673643137e-01
1.010750492870002e+00 -6.022819825974861e-01
-1.620666858865659e+00 9.480634583825931e-01
-6.519578887495575e-01 -1.507987844709310e+00
-1.406515604402860e-01 3.404206599171723e-03

86
1.487444128331945e-01 2.604720537493789e-01
6.750900591028930e-01 -1.746334794668443e-01
-2.049653496501642e-01 -9.998620823567995e-01
-3.822048641137794e-02 3.689483478374205e-01
-5.745984795440687e-01 -1.782535892742674e+00
-2.185307599649866e-04 -4.016426008298513e-05

87
5.334795310631764e-01 -9.399804744582856e-01
1.152808888713722e-01 -2.850548837697580e-01
-3.734977308087938e-01 -6.403314149714736e-01
3.287036428548513e-01 5.538693052188967e-01
-5.580030711601744e-01 -1.786122900157607e+00
3.878344771726587e-03 7.249112199669098e-03

88
-1.622784395427985e-01 -4.224198028027246e-02
4.492297824004313e-01 1.961085066084139e-01
4.251109231386142e-02 -2.493161081648854e-01
-3.137454366748808e-01 -2.224001064995969e-01
-5.740727758081514e-01 -1.781953998263797e+00
-4.160695203272713e-04 2.916971797808646e-04

89
8.500268870771191e-02 2.678441672094166e-01
-2.792699882269566e-01 -3.577249009262220e-01
-4.063626040756911e-01 -4.672378309756514e-01
-5.808411543436894e-01 -6.981622393103789e-01
-6.013353474924752e-01 -1.803763887124774e+00
5.890703255452177e-03 -1.570395506225125e-02

90
9.205821542516610e-02 7.023074611942711e-01
-1.135620974168505e+00 7.096967413046974e-01
-1.061224763990219e+00 -1.118533321916202e+00
-1.171936269224920e+00 3.081132306498802e-01
-5.730814228884711e-01 -1.779469837719770e+00
-1.441240843129246e-03 1.118808185208450e-03

91
1.625243127441667e-01 3.480662845119219e-01
-5.531260006403831e-01 -7.308376900071576e-01
-3.794192150756455e-01 -4.957174563676361e-01
-8.052002064351607e-01 -1.039726199097615e+00
-5.553324286312805e-01 -1.762607126744264e+00
-6.800717561785030e-03 1.191922159719309e-02

92
1.709796641518547e-01 1.928401847033934e-01
-5.825055103372176e-02 1.905129643609285e-01
-5.269986070135825e-01 -2.890695373332330e-01
-4.543640712160492e-01 -2.837852000163231e-01
-5.697554885415613e-01 -1.779622649626219e+00
-8.865712503492605e-04 2.661837855278035e-03

93
-2.166745474263558e-02 -2.169173465032403e-01
-1.177848837941321e-02 -2.657656875506501e-01
-1.885429132799773e-01 -3.339264127625537e-01
-2.428418694868225e-01 -4.982991929649592e-01
-5.706597170614881e-01 -1.780816568227075e+00
-4.559516515606462e-04 2.063005235829184e-03

94
3.301452115812875e-02 -1.035475970984525e+00
5.649705448853610e-01 1.219587220298266e+00
-7.168317569169722e-01 -7.798256785990183e-01
9.001209316560597e-01 1.726386665778353e+00
-5.573504058545048e-01 -1.791596076886105e+00
6.548797111294558e-03 6.761836837678795e-03

95
-3.654325721099842e-02 -9.514143290340776e-01
7.766505423247776e-01 5.155158875678736e-01
-8.129011168391039e-01 -5.424376549946640e-01
1.341689946807971e+00 8.745586360088436e-01
-7.055554238937971e-01 -1.761985869205979e+00
-2.889776286708404e-02 -5.868669339604036e-02

96
-1.509961931789342e-01 -1.396378800971420e-01
2.285949011491909e-01 2.521240122581784e-01
-1.100521894616011e-01 -1.200345687856590e-01
-3.042973477001110e-01 -3.410835180257381e-01
-5.929844754338688e-01 -1.783726906854198e+00
-2.326734342383437e-03 -8.865628635185687e-03

97
-1.091602857292659e-02 -8.909910229685261e-01
5.908801920980838e-01 6.186766825356258e-01
-8.246581020674807e-01 -9.855646311095836e-01
1.162260124274514e+00 1.347005259678171e+00
-5.609430739476116e-01 -1.837587509775095e+00
2.767124573869987e-02 -1.604498233402156e-03

98
1.929862868139221e-01 -2.666420099155841e-03
2.869055851733366e-01 1.707533811614016e-01
-1.894817794635622e-01 -1.052396403094675e-01
-4.098070807448730e-01 -2.387465246323356e-01
-6.128848605628917e-01 -1.817276065782290e+00
1.057324066877092e-02 -2.310051973880716e-02

99
-9.647706262606626e-01 -3.202889897115289e-01
6.214710728563969e-01 2.196223533802965e-01
3.705476066154996e-01 -6.076517601213817e-01
9.279667516756822e-02 -1.702669014314560e-01
-5.782101786328656e-01 -1.718560915455577e+00
-3.084987756693240e-02 7.546029155716111e-03

100
-1.035590406758939e-01 -9.320856232806878e-02
2.664470149893703e-01 1.310644896796762e-01
-6.886239710685670e-02 -2.741512819196435e-01
-3.170848939831879e-01 -2.532728533292331e-01
-5.715165160096466e-01 -1.785704330400656e+00
1.719903306884337e-03 9.503366373641551e-04

101
-4.120754061974785e-01 1.368243103663443e-02
6.040341740434254e-01 9.530154866882466e-01
-6.402623243765734e-01 6.353770103113719e-01
2.703957696038168e-01 -7.442795405469708e-01
-5.735119314271140e-01 -1.782422465483818e+00
-1.141994172437693e-04 4.876374107208295e-04

102
1.638509681201908e-01 7.897484999411993e-02
1.853620375512716e-01 1.268781693296402e-01
-2.941498956731120e-01 -1.987764582322567e-01
-4.037200070750767e-01 -2.794782799533983e-01
-5.608483779184081e-01 -1.739574069655879e+00
-1.844088329649008e-02 1.266659265461273e-02

103
6.655953367844272e-01 2.470153818455288e-01
9.429301773528657e-02 -3.829523671570036e-02
-4.933342453697461e-01 -1.918527238038024e-01
-5.768151516990186e-01 -2.014744146896709e-01
-8.634644073619727e-01 -1.738606507509968e+00
-6.282055734633882e-02 -1.296063833009612e-01

104
7.931844739957650e-01 2.017483259003297e-01
9.166654062185676e-01 1.307800094019676e+00
-9.292736655512436e-01 6.656233382069512e-01
5.603096423837092e-03 3.298276077547473e-01
-5.734981535593109e-01 -1.786556705547368e+00
1.833405394931394e-03 -1.059583080794124e-04

105
1.880131384227516e+00 -1.658896362366192e+00
-7.800367643550983e-01 -4.163603930447544e-01
-8.975793433236230e-01 2.349185485205097e-01
-5.021814239643996e-02 4.861118186823054e-01
-6.411680779554690e-01 -1.823238193891222e+00
9.273790682294602e-03 -3.727621332867929e-02

106
-1.721127537547771e-01 -1.284224182403501e+00
4.315648646846331e-01 2.921365859643337e-01
3.103661411455849e-01 2.254084888257679e-01
1.837915053522622e-01 -2.834726988349336e-02
-5.980582639071371e-01 -1.705492965553539e+00
-3.988067901151936e-02 1.021648382657356e-04

107
-4.663423719359534e-01 -3.398456084406156e-01
3.089933091923365e-01 5.065993021694746e-01
2.430265762332038e-01 5.074659762839784e-01
-4.596062692862092e-01 -8.450739521207505e-01
-1.756196635343340e+00 -2.216969200533613e+00
3.272163433280217e-02 -6.191667296737519e-01

