52

0
-3.282939926022107e-03 5.599533630655316e-03
1.245786505656016e-02 -1.022001517533186e+00
7.996683673942795e-03 -1.175049269855611e+00
1.000000000000000e+00 0.000000000000000e+00
-6.092438207072245e-02 1.074455481827819e-02

1
6.823276690938911e-01 4.147982007204637e-01
-6.115095422187945e-01 -4.078010146779701e-01
1.084971776423141e+00 6.907580709358108e-01
1.000000000000000e+00 0.000000000000000e+00
3.107053313112187e-02 1.379268448819350e-01

3
5.583295906177309e-01 4.136610207755246e-01
5.298259754490355e-01 3.907866792454691e-01
-9.187559346573337e-01 -6.768457416910393e-01
1.000000000000000e+00 0.000000000000000e+00
-9.156294090874134e-02 9.249255419911018e-02

5
3.284069316846557e-01 4.427042517807817e-02
3.246262078621441e-01 -6.043736125603284e-02
5.756247760582753e-01 2.180163978294836e-01
1.000000000000000e+00 0.000000000000000e+00
9.911707306665806e-03 9.875958896821919e-03

6
1.390831979883847e-01 -1.141834124259326e-02
-7.607045544708685e-01 -1.081338250906315e-02
8.888409604169526e-01 1.118322895804980e-02
1.000000000000000e+00 0.000000000000000e+00
8.637533802120394e-02 -4.107244830910069e-02

9
1.968430223645804e-01 2.839800981703732e-01
3.107071573530708e-01 2.061298254019112e-01
1.468632625849115e-01 2.213877671095990e-01
1.000000000000000e+00 0.000000000000000e+00
-1.628451312571753e-02 1.788388539444474e-03

10
4.943891070273995e-01 -7.030645547068870e-02
1.074917464842600e-01 -5.920984341772277e-01
-2.507763956275583e-01 4.909216550607974e-01
1.000000000000000e+00 0.000000000000000e+00
-4.516799497046936e-03 1.666927500543738e-02

12
-3.763254795611885e-02 -8.672441625833931e-02
-3.143783847915943e-02 1.028767991416469e+00
3.454211318650610e-02 -1.194485333044713e+00
1.000000000000000e+00 0.000000000000000e+00
-8.555354194675850e-02 -7.355197849415188e-03

13
5.495629652533274e-01 5.545488720819772e-02
1.413151159705972e-04 5.316859971924122e-01
4.253924269284251e-02 2.743287027992402e-01
1.000000000000000e+00 0.000000000000000e+00
-2.691030375189546e-02 -3.678070230712986e-03

15
1.876777373658423e-01 -8.771896524798658e-01
5.663506959470677e-02 -3.239468781128059e-02
2.130559907560550e-01 -1.001121877605003e+00
1.000000000000000e+00 0.000000000000000e+00
-5.718815725089416e-02 3.443634058795039e-02

17
-5.888050439653544e-01 -8.093370249949139e-01
5.725994035748341e-01 8.395325118722665e-01
9.741930576583447e-01 1.378931308086199e+00
1.000000000000000e+00 0.000000000000000e+00
2.707869894663602e-02 8.736595867816982e-02

18
3.626253461141760e-01 -3.298345081114699e-01
2.838158844204556e-01 -3.737630469313502e-01
-6.709420208293673e-01 6.461301097360889e-01
1.000000000000000e+00 0.000000000000000e+00
1.509265797336709e-03 -7.451335492088594e-03

19
2.428835544317344e-01 -8.470829919783621e-02
2.192806472078409e-01 -1.065991564306483e-01
5.325679805832439e-01 -3.728022054440308e-01
1.000000000000000e+00 0.000000000000000e+00
-7.562896591768167e-03 -1.715587810272977e-02

21
-5.163414599468005e-02 5.415046158349835e-01
-4.984103910666786e-01 6.972695320030720e-02
-1.024521679145042e-02 2.012308572008587e-01
1.000000000000000e+00 0.000000000000000e+00
1.088448710716105e-02 -2.674770815295948e-02

24
8.669626975765689e-02 2.713934917686821e-02
6.285203340165024e-03 -9.791300982565615e-01
2.322828165685686e-03 1.131247000459898e+00
1.000000000000000e+00 0.000000000000000e+00
-3.284790799695719e-02 1.900844055105830e-02

30
-7.060656594841084e-01 7.989918786138132e-02
-1.184888069362151e-01 -7.864071059358092e-01
-1.117213870597329e-01 2.368487281117451e-01
1.000000000000000e+00 0.000000000000000e+00
1.505977035873755e-02 7.714189752914272e-03

34
1.015836046818188e-01 -6.097723130900611e-01
4.928995344416083e-01 8.135637765337775e-02
-9.723534456548177e-02 4.303736003002453e-01
1.000000000000000e+00 0.000000000000000e+00
1.526901899607365e-03 2.461338762125691e-02

35
-1.122781458858809e+00 2.691043095390366e-03
-2.017169614277494e-02 -4.192840238692168e-02
1.302519455740617e+00 -6.591806080432638e-04
1.000000000000000e+00 0.000000000000000e+00
6.500561956239240e-02 -1.774959693105867e-02

36
2.175657984105670e-01 -8.468898689861708e-01
1.557253828829261e-01 -7.535928082871955e-02
-2.621982661023209e-01 9.720791865930101e-01
1.000000000000000e+00 0.000000000000000e+00
-2.283240858414323e-02 2.425971002679574e-02

38
5.754621630323714e-01 -3.873442176488502e-01
5.519701729445006e-01 -3.868056040803587e-01
9.562353833518347e-01 -6.596938156096037e-01
1.000000000000000e+00 0.000000000000000e+00
-3.770826457542276e-02 -7.330391522147595e-02

39
7.147746103917816e-01 -1.107947529568110e-02
4.638448397528100e-02 -1.827427062885097e-01
-7.756753289532736e-01 2.227102413182086e-02
1.000000000000000e+00 0.000000000000000e+00
3.408263852149140e-02 3.696018219195116e-02

40
-5.988818890558872e-01 -8.137820021146256e-01
5.608524925570149e-01 8.406773439841162e-01
-9.726927344450673e-01 -1.385658122616910e+00
1.000000000000000e+00 0.000000000000000e+00
5.641536790746287e-03 1.150332562554452e-01

41
6.896545577364104e-01 -4.430900720271316e-01
-6.556442419115314e-01 3.794082323706988e-01
-1.126692992649452e+00 6.909824052396920e-01
1.000000000000000e+00 0.000000000000000e+00
-9.772610175304286e-04 -1.305432371444972e-01

43
7.638483946467500e-01 -1.133713913418417e-02
1.416697333895391e-01 -6.063874923326740e-02
8.683498431467682e-01 -1.788584893126015e-02
1.000000000000000e+00 0.000000000000000e+00
4.680158126074245e-02 -1.288508763168039e-02

44
5.583497479351009e-01 4.203236815618882e-01
5.299458693371054e-01 3.896904633694660e-01
9.222006160259574e-01 6.758907466175869e-01
1.000000000000000e+00 0.000000000000000e+00
-3.443844269069216e-02 7.458974702454992e-02

45
-5.131041334401554e-02 -5.866657867448766e-01
-5.006099402583446e-01 -1.305776811364417e-02
-1.518450699116349e-01 1.920562503699738e-01
1.000000000000000e+00 0.000000000000000e+00
2.060782828772951e-02 2.868195501577721e-03

49
7.505372520009629e-02 5.361025936378492e-01
5.608627136929129e-01 1.941787431741557e-02
7.774545941916144e-02 2.987126996341585e-01
1.000000000000000e+00 0.000000000000000e+00
-1.659782003341010e-02 -5.489787253122807e-03

50
6.913558579343372e-01 -4.221076625666949e-01
-6.548305535876791e-01 3.872582287802984e-01
1.127259641982691e+00 -6.817639990986863e-01
1.000000000000000e+00 0.000000000000000e+00
-5.851541410422519e-02 -1.718531190142742e-01

51
-8.681215219656518e-02 1.299363316729097e+00
1.787135347101202e+00 1.131468991768530e-01
-7.957827286939570e-03 3.042476884764093e-01
1.000000000000000e+00 0.000000000000000e+00
-1.012593820759338e-03 -3.020651945099183e-04

54
1.408966245111765e-01 8.652815706961006e-01
3.587003120846317e-02 -9.398688156954456e-02
-1.541643035195068e-01 -9.997962283176358e-01
1.000000000000000e+00 0.000000000000000e+00
-7.689233720222996e-02 -4.613300457007272e-02

56
-1.115751824264541e+00 6.304359182952246e-03
-3.444885578555558e-02 -8.007867814142192e-02
-1.293868781285744e+00 1.082867468577864e-02
1.000000000000000e+00 0.000000000000000e+00
6.092798296626956e-02 4.911277421462176e-03

57
-1.085253493041580e+00 4.681799748862857e-01
-9.963047271146607e-01 5.172188344466797e-01
1.736221539058745e+00 -8.239159407422227e-01
1.000000000000000e+00 0.000000000000000e+00
-6.071500857676423e-03 -1.979250068801214e-01

63
-1.084789603096087e+00 4.683306701373815e-01
-9.964363685847299e-01 5.176501324127025e-01
-1.736634272248911e+00 8.233234114586097e-01
1.000000000000000e+00 0.000000000000000e+00
2.762016712046112e-02 -1.681050408618623e-01

65
2.631301072016944e-03 -1.110066567280358e-01
-4.195326068192162e-02 1.017568295149122e+00
-5.263345409476822e-02 1.194130612612483e+00
1.000000000000000e+00 0.000000000000000e+00
-5.815090960083449e-02 -5.333815939043613e-03

66
1.525297557185285e-01 -1.143592680369312e-01
1.181042069909176e-01 -1.811751267212467e-01
-2.729989341739060e-01 -3.361192122255453e-01
1.000000000000000e+00 0.000000000000000e+00
-8.094148461266749e-03 1.944041922971048e-02

67
1.891107608928443e-01 -3.039764553167125e-02
8.376193140089693e-01 -3.538951941982671e-03
9.748421564789340e-01 7.584909251899252e-04
1.000000000000000e+00 0.000000000000000e+00
4.885479343371962e-02 -5.038001782154071e-03

68
2.285102303846563e+00 2.511802381093703e-01
-1.923733543362356e-01 1.659766358715597e+00
-2.845143033006978e-02 3.010223260591967e-01
1.000000000000000e+00 0.000000000000000e+00
-6.413478322513220e-04 -2.755443131696367e-05

70
-6.067436870501730e-01 7.715188589715750e-01
5.825837293665891e-01 -8.591349935940328e-01
9.966547161716872e-01 -1.366989580430495e+00
1.000000000000000e+00 0.000000000000000e+00
8.904713499851752e-03 -1.139877838509981e-01

71
1.412577687945832e-01 -1.136789130211415e-01
8.160661287103550e-01 5.070867905299092e-04
-9.356040160783982e-01 1.982151733202198e-02
1.000000000000000e+00 0.000000000000000e+00
4.187284666823327e-02 3.257055038572189e-02

73
-1.610487355235152e+00 -5.644757694778317e-01
8.116678998020840e-01 -2.206168637354237e+00
-9.113721386807563e-02 2.875338607799001e-01
1.000000000000000e+00 0.000000000000000e+00
3.531020898671753e-04 -5.431722017751508e-04

77
7.816640212071024e-01 -1.694103940006657e+00
-1.218948263014025e+00 -5.458832321216416e-01
-1.104526222285466e-01 2.859321778199713e-01
1.000000000000000e+00 0.000000000000000e+00
2.743415919574287e-04 -9.650559785050548e-04

80
6.699400373300437e-01 3.983124780865531e-01
-6.118155974830028e-01 -4.217338055007405e-01
-1.072530063323875e+00 -6.902340530655797e-01
1.000000000000000e+00 0.000000000000000e+00
-3.805895826975831e-02 1.600356165382550e-01

81
1.239454979996976e-01 8.551950753446140e-01
9.162277466376721e-02 -1.363276232154025e-01
1.182318837914258e-01 1.001056984216132e+00
1.000000000000000e+00 0.000000000000000e+00
-4.590881361612696e-02 -2.731123707799753e-02

83
-1.070788194368863e+00 -4.744821010641062e-01
-9.786394306264241e-01 -5.317847437288650e-01
-1.707883866558545e+00 -8.416530844420512e-01
1.000000000000000e+00 0.000000000000000e+00
3.543495196089237e-02 1.666623929927945e-01

85
5.850726273173711e-01 -3.841400434649432e-01
5.413637053912611e-01 -3.839952394690508e-01
-9.561566089213802e-01 6.575399916360912e-01
1.000000000000000e+00 0.000000000000000e+00
1.088183761847090e-02 -3.930420378029668e-02

87
3.939197524475759e-01 -3.125104876118687e-01
2.824055090532610e-01 -4.272951085103355e-01
-4.031583960341009e-01 5.591045911525291e-01
1.000000000000000e+00 0.000000000000000e+00
-2.290742941498925e-03 5.111535796750251e-03

95
-6.031367600136749e-01 7.645189867406564e-01
5.938867915850220e-01 -8.710369918142743e-01
-1.002018578234726e+00 1.369770349174952e+00
1.000000000000000e+00 0.000000000000000e+00
1.982511094773738e-02 -8.025948137635716e-02

99
-6.541698047691205e-01 -2.001765034514391e-02
-1.579984430301430e-01 6.969439434282801e-01
-3.620667931423752e-02 2.097433939411744e-01
1.000000000000000e+00 0.000000000000000e+00
1.094529725927118e-03 -1.759706139725504e-02

103
1.405387316327708e-01 -9.054366885848343e-02
-7.529314766307738e-01 -3.207850591078476e-03
-8.784680328452926e-01 2.998769835360421e-02
1.000000000000000e+00 0.000000000000000e+00
7.901287608990250e-02 -3.598293882390115e-03

105
-1.587419523553290e-01 -3.134198646709395e-01
-3.020882618207090e-01 -1.685792306869591e-01
-1.532167176191323e-01 1.179941730195897e-01
1.000000000000000e+00 0.000000000000000e+00
1.795116841778380e-02 8.797774780362240e-03

106
-2.465918875764689e-01 2.931232102053076e-01
-2.296406340236974e-01 2.228255250647390e-01
-5.752647496795721e-03 1.515546465134265e-01
1.000000000000000e+00 0.000000000000000e+00
5.496624161748718e-03 -2.155651467122873e-02

107
-1.071021175194578e+00 -4.748926203693423e-01
-9.775665398782150e-01 -5.316542143052241e-01
1.708385596134860e+00 8.411159537149020e-01
1.000000000000000e+00 0.000000000000000e+00
7.748145346392982e-02 1.493961235312506e-01

