108

-2.874976955857355e-01 -5.912717278050186e-01;
1.259559784697247e-01 -2.555500611214001e-01;
3.922060519540685e-01 -5.530639450652727e-01;
-3.248536302196652e-01 -1.662739838923952e-01;
2.112477325857603e+00 9.441807298511616e-01;
-8.934065771931101e-01 1.660297698115210e+00;

2.762795985728527e-01 -2.160868090183080e+00;
5.714580784388913e-02 -2.538702113115301e+00;
1.044103349065925e+00 -3.211292770241401e-01;
4.563104913476868e-01 -1.080914048649953e+00;
2.112477325857603e+00 9.441807298511616e-01;
-8.934065771931101e-01 1.660297698115210e+00;

-2.641779453695365e-02 -2.254467720863234e-02;
7.439617020963435e-01 3.383018410341849e-01;
1.565801982440200e-01 -4.440357436256179e-01;
-2.940306644275807e-01 2.840007024132810e-01;
2.112477325857603e+00 9.441807298511616e-01;
-8.934065771931101e-01 1.660297698115210e+00;

1.168607123139296e+00 -1.409542321133223e+00;
7.084244415742575e-01 8.317734246891008e-03;
8.279404825911642e-01 1.110873264172923e+00;
-6.812045964499188e-01 -4.318636613302585e-02;
2.112477325857603e+00 9.441807298511616e-01;
-8.934065771931101e-01 1.660297698115210e+00;

-6.468706714386274e-01 1.622193593161732e-02;
-8.264591790664865e-01 6.585017932708270e-01;
-2.089892511436600e-01 -5.377130056778870e-01;
-1.017342183253264e+00 -3.364809943308867e-01;
2.112477325857603e+00 9.441807298511616e-01;
-8.934065771931101e-01 1.660297698115210e+00;

5.666842889572806e-02 5.218916753450057e-02;
-3.429741018032996e-01 8.166482325019676e-01;
-3.009543824044125e-01 4.947114999698067e-02;
-9.988110817561893e-01 -2.016100748516935e-01;
2.112477325857603e+00 9.441807298511616e-01;
-8.934065771931101e-01 1.660297698115210e+00;

-2.128522647063598e-01 -4.489831831769669e-01;
9.896674702607333e-02 -2.002720208832337e-01;
2.309935597070341e-01 -5.157796194188999e-01;
-3.357011810566694e-01 -2.008820445963054e-01;
2.112477325857603e+00 9.441807298511616e-01;
-8.934065771931101e-01 1.660297698115210e+00;

3.664350678718029e-03 -5.910788145711375e-01;
-3.342938024193135e-02 -3.055989053179944e-01;
1.887251657574889e-01 -2.715035678279144e-01;
-3.967428325997230e-01 -3.669521896655914e-01;
2.112477325857603e+00 9.441807298511616e-01;
-8.934065771931101e-01 1.660297698115210e+00;

-7.414728223771704e-02 3.733848079290998e-02;
3.724026985716965e-01 -3.856731011791217e-01;
-1.996641024282880e-01 -7.368633572935280e-01;
9.380122877457042e-03 -2.179065502624795e-01;
2.112477325857603e+00 9.441807298511616e-01;
-8.934065771931101e-01 1.660297698115210e+00;

-6.313186709424927e-01 -1.519361521072204e+00;
7.385337237363525e-01 -3.689847286901244e-01;
1.420945768644228e+00 -3.295075902027809e-01;
-6.870894813788941e-02 1.129073885043966e-02;
2.112477325857603e+00 9.441807298511616e-01;
-8.934065771931101e-01 1.660297698115210e+00;

6.103739031728068e-01 -5.390616379907510e-01;
6.994449755797133e-01 -3.220784655568993e-01;
1.225366716799241e-01 -4.296929448327348e-02;
-7.475234798297298e-02 2.247238260634597e-03;
2.112477325857603e+00 9.441807298511616e-01;
-8.934065771931101e-01 1.660297698115210e+00;

-1.356222825761897e-02 1.610579245861174e-01;
6.730698693710027e-01 -3.468654351573047e-01;
-1.151313556302293e-03 -8.214002100207981e-01;
-6.918754701878549e-02 -1.009372515886216e-03;
2.112477325857603e+00 9.441807298511616e-01;
-8.934065771931101e-01 1.660297698115210e+00;

7.223915739384319e-01 -2.501130744982887e+00;
7.215264975226530e-01 -3.903107893104407e-01;
1.962242974867631e+00 8.066433317394477e-01;
-7.162829374866052e-01 2.786031608762969e-01;
2.112477325857603e+00 9.441807298511616e-01;
-8.934065771931101e-01 1.660297698115210e+00;

5.498699795708745e-01 -7.352963531442499e-01;
7.457277039256704e-01 -3.052029884906159e-01;
8.388940410183887e-02 2.703653400317337e-01;
1.303064320105070e-01 -2.464530746856567e-01;
2.112477325857603e+00 9.441807298511616e-01;
-8.934065771931101e-01 1.660297698115210e+00;

-2.506525204298199e-01 -4.242032811882305e-01;
7.142458695033780e-01 -2.761621260165362e-01;
-9.463145878708565e-02 -6.582030284983706e-01;
5.420109935305134e-01 4.614950696813138e-03;
2.112477325857603e+00 9.441807298511616e-01;
-8.934065771931101e-01 1.660297698115210e+00;

3.448570771449306e-01 8.632728980154705e-03;
7.627038580260753e-01 -3.860307938635902e-01;
1.565832493809495e-01 1.838000309774018e-01;
-3.166720289675374e-01 -7.067269859650186e-01;
2.112477325857603e+00 9.441807298511616e-01;
-8.934065771931101e-01 1.660297698115210e+00;

1.478560058021367e-01 -3.560060619029360e-01;
7.314871570667671e-01 -4.370278650905065e-01;
8.865148313085269e-01 -8.617181462043334e-03;
-7.139633279560412e-01 -4.461553235865561e-01;
2.112477325857603e+00 9.441807298511616e-01;
-8.934065771931101e-01 1.660297698115210e+00;

-1.611857875072357e-01 1.998151721616436e-01;
6.912909120683474e-01 -3.545522269193417e-01;
3.508306106611307e-02 -7.939498741747789e-01;
-4.895958978337933e-02 -1.473533196547502e-01;
2.112477325857603e+00 9.441807298511616e-01;
-8.934065771931101e-01 1.660297698115210e+00;

2.895668062312726e-01 -5.688169011596950e-01;
4.997352282198517e-02 9.993242298185019e-02;
4.148691520372044e-02 -4.875427520474981e-02;
-4.778666715356409e-01 -6.799068647307087e-02;
2.112477325857603e+00 9.441807298511616e-01;
-8.934065771931101e-01 1.660297698115210e+00;

2.660244114267797e-01 -5.791348417273660e-01;
2.166096084635313e-01 -3.399377885674042e-01;
1.277505871568893e-01 -2.444395986077078e-01;
-2.552124324504546e-01 -1.744493384360065e-01;
2.112477325857603e+00 9.441807298511616e-01;
-8.934065771931101e-01 1.660297698115210e+00;

4.038991643979689e-01 -5.162446767002399e-01;
-8.043119386184928e-01 2.238433451164319e+00;
-3.979456068964796e-01 9.015368991203047e-01;
-1.577087151614677e+00 4.335696592103481e-01;
2.112477325857603e+00 9.441807298511616e-01;
-8.934065771931101e-01 1.660297698115210e+00;

3.378080154818458e-01 -6.381684785715442e-01;
3.453664748950686e-01 1.316282482156045e-01;
1.698249126973604e-01 1.935276190810201e-01;
-3.798252962637635e-01 -1.206852088426451e-01;
2.112477325857603e+00 9.441807298511616e-01;
-8.934065771931101e-01 1.660297698115210e+00;

3.994435842692174e-01 -6.301712116261968e-01;
5.479582631858482e-01 -1.701564743188868e-01;
4.073728475593716e-02 1.674215573641756e-01;
-1.912922111476825e-02 -2.507977743458489e-01;
2.112477325857603e+00 9.441807298511616e-01;
-8.934065771931101e-01 1.660297698115210e+00;

2.574582478785942e-01 -4.537987746483624e-01;
1.100943157084291e+00 1.033016407912982e+00;
3.671890301546291e-01 -1.841861871267692e-01;
-3.001729712515958e-01 1.117543683621413e+00;
2.112477325857603e+00 9.441807298511616e-01;
-8.934065771931101e-01 1.660297698115210e+00;

1.251705626380687e-01 -6.769086245001875e-01;
1.057885826283435e-01 -5.897133370262926e-01;
5.977430805016339e-01 -3.622884165929071e-01;
-6.065137126948993e-01 -2.930380076064206e-01;
2.112477325857603e+00 9.441807298511616e-01;
-8.934065771931101e-01 1.660297698115210e+00;

1.307187091982514e-01 -6.119766925559270e-01;
4.460189598240296e-02 -6.594805602071235e-01;
4.254037936185363e-01 -5.268453809447282e-01;
-4.869120454762920e-01 -2.437657480176154e-01;
2.112477325857603e+00 9.441807298511616e-01;
-8.934065771931101e-01 1.660297698115210e+00;

3.451248889328388e-01 -3.063638939810744e-01;
-4.592823659760165e-01 -8.288668081763504e-01;
-9.018639389959220e-01 -8.457020908401539e-01;
2.472794662015540e-01 -3.440507866446304e-01;
2.112477325857603e+00 9.441807298511616e-01;
-8.934065771931101e-01 1.660297698115210e+00;

-5.738001059267092e-01 -7.595912464563239e-01;
2.611364317422994e-01 -4.150151036365924e-01;
7.070764573896313e-01 -7.132237848032829e-01;
-2.205894730722647e-01 -1.744617983306812e-01;
2.112477325857603e+00 9.441807298511616e-01;
-8.934065771931101e-01 1.660297698115210e+00;

2.381191216315719e-01 -1.457222947560173e-01;
2.254374726583305e-01 2.653042136446797e-01;
-1.246512259783500e-01 -2.379558205668203e-01;
-4.646318986030408e-01 6.273702759167903e-02;
2.112477325857603e+00 9.441807298511616e-01;
-8.934065771931101e-01 1.660297698115210e+00;

1.428281399440159e-01 1.906902574294661e-03;
1.078614239778295e-01 2.678633123803724e-01;
-2.171123057070548e-01 -3.750594280505150e-01;
-5.085890421058569e-01 2.375929471264957e-02;
2.112477325857603e+00 9.441807298511616e-01;
-8.934065771931101e-01 1.660297698115210e+00;

-6.496385710765620e-01 -4.576078248097314e-01;
1.559654302461370e-02 5.091153948549872e-02;
1.150201530213790e-01 -8.046378806263048e-01;
-1.179117182856127e-01 -3.511690329065469e-02;
2.112477325857603e+00 9.441807298511616e-01;
-8.934065771931101e-01 1.660297698115210e+00;

3.298701850752504e-01 -1.276215058247026e-01;
4.500731043885561e-01 4.846117791644808e-01;
-2.490737742073026e-01 6.143954164738407e-02;
-3.087837644377625e-01 4.400815411782033e-02;
2.112477325857603e+00 9.441807298511616e-01;
-8.934065771931101e-01 1.660297698115210e+00;

-6.613346280566632e-02 -2.073939990951729e-01;
2.602892306123038e-01 3.378238380111933e-01;
-1.504987681705127e-01 -2.922617799774773e-01;
-2.386699366359100e-01 3.943094918338511e-03;
2.112477325857603e+00 9.441807298511616e-01;
-8.934065771931101e-01 1.660297698115210e+00;

-6.790916185362079e-01 -3.473500508661793e-01;
-7.695123694217854e-02 2.203208991210537e-01;
-1.014613253351114e-01 -8.413927264102293e-01;
-8.104665177383343e-02 1.651586706267639e-02;
2.112477325857603e+00 9.441807298511616e-01;
-8.934065771931101e-01 1.660297698115210e+00;

1.872167654246344e-01 -4.243683292930229e-01;
5.939125642201528e-01 -6.112718897427768e-01;
8.571985168021584e-01 -2.198888328033889e-01;
-6.905075826886614e-01 -3.556188068062208e-01;
2.112477325857603e+00 9.441807298511616e-01;
-8.934065771931101e-01 1.660297698115210e+00;

-3.941060199338964e-01 -7.358059902673257e-02;
4.081770286646650e-01 2.018907302724656e-01;
-2.819167056356502e-02 -3.274711835163524e-01;
-1.354998938718219e-01 -3.033456370607643e-01;
2.112477325857603e+00 9.441807298511616e-01;
-8.934065771931101e-01 1.660297698115210e+00;

-1.679066579943531e-01 -1.862725191751977e-01;
4.815161255064885e-01 2.006111368093219e-01;
2.243302761264047e-01 -5.029413341248109e-01;
-3.476402174878108e-01 1.374316707424386e-01;
-4.812241204716493e-01 6.035482020685430e+00;
-3.665884344959266e+00 1.178677882604444e+00;

-2.386573073297349e-01 -7.697601208784170e-02;
4.461717812798175e-01 3.753918982919758e-01;
1.788969638530248e-01 -5.321574672664420e-01;
-4.232763504088557e-01 1.930772060750245e-01;
-4.812241204716493e-01 6.035482020685430e+00;
-3.665884344959266e+00 1.178677882604444e+00;

1.911000432925094e+00 2.613833744496734e-01;
3.355508796440429e+00 -2.716601481803415e-01;
4.120928961600624e-02 3.601126835709281e-01;
9.401740779097877e-01 9.703663152988306e-01;
-4.812241204716493e-01 6.035482020685430e+00;
-3.665884344959266e+00 1.178677882604444e+00;

3.898097958700693e-01 -7.228228261398449e-01;
3.578950435745419e-02 3.395678671321353e-01;
3.201051381827091e-01 3.970731813293736e-01;
-8.396582880786909e-01 -1.662958028206106e-01;
-4.812241204716493e-01 6.035482020685430e+00;
-3.665884344959266e+00 1.178677882604444e+00;

-2.855689271897178e-01 -4.858207588406119e-01;
-4.797057183647435e-01 3.769775273608922e-01;
1.805474647813650e-01 -1.904536642023769e-01;
-9.090004642741073e-01 -2.859806843865851e-01;
-4.812241204716493e-01 6.035482020685430e+00;
-3.665884344959266e+00 1.178677882604444e+00;

9.023212837481771e-01 7.353560329804519e-01;
1.171243675878941e-01 1.452703149880340e+00;
-9.484680594863925e-01 6.990664621683866e-01;
-1.098035116682831e+00 -1.642828978809941e-02;
-4.812241204716493e-01 6.035482020685430e+00;
-3.665884344959266e+00 1.178677882604444e+00;

-5.607830879772674e-01 8.417851822064990e-01;
9.709667980587139e-01 -2.480229305178492e-01;
-4.437414003917367e-01 -1.603117712439164e+00;
4.693595206150643e-01 2.304284950624279e-01;
-4.812241204716493e-01 6.035482020685430e+00;
-3.665884344959266e+00 1.178677882604444e+00;

1.077179320746024e-01 -2.437486774692612e-01;
1.608387545135313e-01 -4.411088349297870e-01;
-1.221136216346577e-01 -4.259126081923674e-01;
-1.495138586133097e-01 -3.824320242883232e-01;
-4.812241204716493e-01 6.035482020685430e+00;
-3.665884344959266e+00 1.178677882604444e+00;

9.448982634874901e-01 -1.097473518437525e-02;
1.342793164799150e-01 -1.008132037300274e+00;
-8.323204813498531e-01 7.064938658042862e-03;
1.349608371308940e-01 -9.034865089617712e-01;
-4.812241204716493e-01 6.035482020685430e+00;
-3.665884344959266e+00 1.178677882604444e+00;

-6.111031534263578e-02 9.239051852021769e-01;
6.436864383336457e-01 -3.494783794509866e-01;
-4.722611319992355e-01 -1.258129302215376e+00;
-6.725963164793461e-02 -5.897961851288476e-03;
-4.812241204716493e-01 6.035482020685430e+00;
-3.665884344959266e+00 1.178677882604444e+00;

1.186994274659415e-01 1.215842925438833e-01;
6.744578614240563e-01 -3.417222728534184e-01;
-4.582007333977361e-02 -7.143368876507047e-01;
-7.013626731586001e-02 -1.031538246800942e-03;
-4.812241204716493e-01 6.035482020685430e+00;
-3.665884344959266e+00 1.178677882604444e+00;

1.495602153757228e+00 1.599612009145015e-02;
6.771265547810208e-01 -2.884912616823422e-01;
-7.095400659324970e-01 2.378123479899767e-01;
-7.936564917748125e-02 -3.259422322202926e-03;
-4.812241204716493e-01 6.035482020685430e+00;
-3.665884344959266e+00 1.178677882604444e+00;

-1.439888348949048e-01 3.541284937981192e-01;
7.333934059673702e-01 -2.419814845204119e-01;
-9.587130700340187e-01 -6.966989087771797e-01;
8.528749023170787e-01 -3.083243791786436e-01;
-4.812241204716493e-01 6.035482020685430e+00;
-3.665884344959266e+00 1.178677882604444e+00;

2.487026823804685e-02 -3.702085936300278e-01;
7.280190915604083e-01 -2.786814976023841e-01;
-2.076317478984627e-01 -3.704817995401368e-01;
4.721657670719180e-01 -1.367092316024260e-01;
-4.812241204716493e-01 6.035482020685430e+00;
-3.665884344959266e+00 1.178677882604444e+00;

6.457717576731462e-01 -4.136251469556195e-02;
7.628363112674358e-01 -2.747433710932313e-01;
-6.866551572298271e-01 2.369146257739802e-01;
4.071878589212559e-01 -5.258177434810897e-01;
-4.812241204716493e-01 6.035482020685430e+00;
-3.665884344959266e+00 1.178677882604444e+00;

-1.349889769955898e-01 6.151733958104062e-01;
6.982962152432716e-01 -2.949197147169186e-01;
-7.114115981864149e-01 -9.256316862266939e-01;
4.229181142686742e-01 -2.177735138228775e-01;
-4.812241204716493e-01 6.035482020685430e+00;
-3.665884344959266e+00 1.178677882604444e+00;

-8.636918187584054e-02 1.492827912205449e-01;
7.016758268325834e-01 -3.624139568620172e-01;
9.246288961855791e-02 -6.398478078900239e-01;
-1.139735074109561e-01 -2.278836748732744e-01;
-4.812241204716493e-01 6.035482020685430e+00;
-3.665884344959266e+00 1.178677882604444e+00;

4.744588502094531e-01 4.518110473653145e-01;
7.848220680706262e-01 -3.231950009551252e-01;
-6.834858865473686e-01 2.232391813106864e-01;
1.769004169447262e-01 -8.979712228297936e-01;
-4.812241204716493e-01 6.035482020685430e+00;
-3.665884344959266e+00 1.178677882604444e+00;

3.006576007769673e-01 -5.755451108639092e-01;
1.832700413810568e-01 2.963579418631054e-01;
9.726684661450122e-02 4.363954424841004e-02;
-4.985015935671696e-01 5.483816640208182e-02;
-4.812241204716493e-01 6.035482020685430e+00;
-3.665884344959266e+00 1.178677882604444e+00;

2.626431806543083e-01 -5.365133372467247e-01;
-5.654852151246450e-01 -3.620245585091918e-01;
-2.267939102542883e-01 -2.733311226283029e-01;
-5.438862116994566e-01 -4.663185844554666e-01;
-4.812241204716493e-01 6.035482020685430e+00;
-3.665884344959266e+00 1.178677882604444e+00;

3.548285869869902e-01 -2.584026258966002e-01;
-5.562313946587556e+00 1.581843774727300e+00;
-2.542279289186208e+00 4.886780338225666e-01;
-3.143988570939055e+00 -1.540164016312244e+00;
-4.812241204716493e-01 6.035482020685430e+00;
-3.665884344959266e+00 1.178677882604444e+00;

2.914140163594665e-01 -6.573889795214296e-01;
1.237711289005524e-01 3.243617925408965e-01;
2.650202419761480e-01 2.410811839676386e-01;
-6.885897045519476e-01 -9.516497073996566e-02;
-4.812241204716493e-01 6.035482020685430e+00;
-3.665884344959266e+00 1.178677882604444e+00;

1.329743544659980e+00 -3.939000066126892e-01;
4.210723826582868e+00 -4.423801384260860e+00;
-1.890400972134209e+00 -4.708840543548152e-01;
5.751270109020290e+00 -1.580696137448377e+00;
-4.812241204716493e-01 6.035482020685430e+00;
-3.665884344959266e+00 1.178677882604444e+00;

6.312260070019611e-01 -5.675489145789251e-01;
1.480189324173699e+00 -1.220149731618297e+00;
-4.398413274811251e-01 4.502002889341929e-04;
1.429156317712635e+00 -5.615358001714997e-01;
-4.812241204716493e-01 6.035482020685430e+00;
-3.665884344959266e+00 1.178677882604444e+00;

6.116546590443862e-01 -9.760992754417768e-01;
-1.993994654957027e-01 1.641041052995551e-01;
-1.172163672142083e-02 1.635077503043433e+00;
-6.918624066500626e-01 -1.423446934158346e+00;
-4.812241204716493e-01 6.035482020685430e+00;
-3.665884344959266e+00 1.178677882604444e+00;

3.278428029082205e-01 -5.237077274710331e-01;
-2.559527946551673e-01 -5.942496643236241e-01;
-3.285333332196912e-01 -2.917684524952943e-01;
-1.518855678044382e-01 -5.112517502917434e-01;
-4.812241204716493e-01 6.035482020685430e+00;
-3.665884344959266e+00 1.178677882604444e+00;

5.506016252777060e-01 -4.805985077518528e-01;
-5.477700787341491e-01 -4.555934072526828e-01;
-1.043453218201708e+00 1.291291419933963e-01;
1.267852128935709e-01 -8.650396456640331e-01;
-4.812241204716493e-01 6.035482020685430e+00;
-3.665884344959266e+00 1.178677882604444e+00;

1.905156091989204e-01 -2.941172920860280e-01;
2.898354282641889e-01 1.832517811136970e-01;
2.137180627929873e-02 -2.242096290820126e-01;
-4.131760770982409e-01 5.452937201019113e-02;
-4.812241204716493e-01 6.035482020685430e+00;
-3.665884344959266e+00 1.178677882604444e+00;

-5.115609812052463e-02 -2.037881160342860e-01;
1.491103114806976e-01 8.317802277163742e-02;
3.268008680205478e-02 -4.667582623882955e-01;
-4.307741639421610e-01 -2.991927140730739e-02;
-4.812241204716493e-01 6.035482020685430e+00;
-3.665884344959266e+00 1.178677882604444e+00;

1.342883412839613e+00 1.969389905709252e-01;
4.499202794381842e-01 1.006211426401830e+00;
-8.301245398028598e-01 5.911000009747215e-01;
-6.338937395883600e-01 4.104680344387502e-01;
-4.812241204716493e-01 6.035482020685430e+00;
-3.665884344959266e+00 1.178677882604444e+00;

3.323802042671101e-02 -4.296277465085219e-01;
3.717318601827149e-01 2.457037208164431e-01;
4.437457509486823e-02 -1.874420751544184e-01;
-2.244070976019748e-01 5.047095122493925e-02;
-4.812241204716493e-01 6.035482020685430e+00;
-3.665884344959266e+00 1.178677882604444e+00;

-1.409043833590704e-01 -3.739763918376962e-01;
2.643721306056951e-01 2.294515423880086e-01;
5.471867318738105e-03 -3.489983268219725e-01;
-2.055060506988655e-01 1.919159579901276e-02;
-4.812241204716493e-01 6.035482020685430e+00;
-3.665884344959266e+00 1.178677882604444e+00;

9.348567642795483e-01 4.127813737716729e-01;
6.297529378636743e-01 9.316555852430385e-01;
-7.790834673431902e-01 5.740472695725631e-01;
-4.709371533378543e-01 4.220132427686939e-02;
-4.812241204716493e-01 6.035482020685430e+00;
-3.665884344959266e+00 1.178677882604444e+00;

-2.604203704799201e-01 -9.064529684161245e-02;
5.071231954305806e-01 6.914418318810377e-02;
1.239376269389250e-01 -2.369218489076445e-01;
-2.320786468179743e-01 -3.573531118760016e-01;
-4.812241204716493e-01 6.035482020685430e+00;
-3.665884344959266e+00 1.178677882604444e+00;

-3.025097586475656e-01 -1.875671085784597e-01;
3.855333923960048e-01 2.368145723210200e-02;
1.588386348312269e-01 -3.712686403927646e-01;
-2.516171910376205e-01 -2.728241442898532e-01;
-4.812241204716493e-01 6.035482020685430e+00;
-3.665884344959266e+00 1.178677882604444e+00;

-3.363465582579851e-01 7.396357129696278e-01;
1.176403877948467e+00 8.444939349680183e-01;
-6.266488439372033e-01 5.606691423141342e-01;
2.234254700436017e-01 -8.683569707011223e-01;
-4.812241204716493e-01 6.035482020685430e+00;
-3.665884344959266e+00 1.178677882604444e+00;

4.145808521323938e-01 -1.986364773858479e-01;
1.639060674913550e-01 5.006462098940363e-02;
-1.819413229592385e-01 4.407122840304011e-02;
-4.649681178383572e-01 -2.817535412014658e-01;
-6.785430897339573e-01 -3.022939268656637e-01;
-7.119191414981201e-01 1.658979470039950e-01;

-4.429884826595889e-02 -2.628498411601773e-01;
7.972977519603221e-02 -1.060812937198991e-01;
1.625428245519647e-03 -3.963638961083172e-01;
-3.656393525513599e-01 -2.490100929561625e-01;
-6.785430897339573e-01 -3.022939268656637e-01;
-7.119191414981201e-01 1.658979470039950e-01;

9.118709470414181e-01 3.969434349015013e-01;
9.282593023526219e-02 3.384796895209425e-01;
-9.049056863339883e-01 3.842896534365500e-01;
-5.514261931887547e-01 -4.340580469323184e-01;
-6.785430897339573e-01 -3.022939268656637e-01;
-7.119191414981201e-01 1.658979470039950e-01;

1.812107494203622e-01 -2.475736156224060e-01;
2.766091592152241e-01 1.394561334000227e-01;
3.061727563969031e-02 -1.364417285916663e-01;
-4.569564951971499e-01 -1.037822693536770e-01;
-6.785430897339573e-01 -3.022939268656637e-01;
-7.119191414981201e-01 1.658979470039950e-01;

-1.186377982729916e-01 -3.623346287024195e-01;
-1.614625666673632e-01 3.497905775379899e-02;
5.396286996389194e-02 -3.075114204361530e-01;
-5.650695467051667e-01 -3.001452621321452e-01;
-6.785430897339573e-01 -3.022939268656637e-01;
-7.119191414981201e-01 1.658979470039950e-01;

1.609675527790604e+00 6.866035871269072e-01;
2.434779264078233e+00 1.175994935919373e+00;
-2.834816741788567e-01 7.260084087263549e-01;
-1.165928257985963e-01 1.038240562226791e+00;
-6.785430897339573e-01 -3.022939268656637e-01;
-7.119191414981201e-01 1.658979470039950e-01;

-3.962191083997081e-02 1.212054422687772e-02;
4.658495233740664e-01 5.894603005024811e-02;
-5.095177128586851e-02 -5.266872073522769e-01;
-2.279532456444695e-01 7.691024864068357e-03;
-6.785430897339573e-01 -3.022939268656637e-01;
-7.119191414981201e-01 1.658979470039950e-01;

-5.384744526061513e-02 -1.639102738225786e-03;
6.612880036069453e-01 -1.874132765248201e-02;
3.319010086448945e-02 -6.110950708697224e-01;
-1.063334758431446e-01 9.815716055792187e-02;
-6.785430897339573e-01 -3.022939268656637e-01;
-7.119191414981201e-01 1.658979470039950e-01;

8.323575350951591e-02 2.784797057857081e-01;
-2.651103857423117e+00 8.536582568115005e-02;
-1.665930558451048e+00 1.889085736592870e-01;
-1.423887421122967e+00 -1.894055876115851e+00;
-6.785430897339573e-01 -3.022939268656637e-01;
-7.119191414981201e-01 1.658979470039950e-01;

-5.688475626435870e-01 7.190411513413008e-01;
7.749611861294334e-01 -3.716720997732293e-01;
-2.441095658061071e-01 -5.895945360865629e-01;
1.250936938199871e-01 -9.066033085570939e-01;
-6.785430897339573e-01 -3.022939268656637e-01;
-7.119191414981201e-01 1.658979470039950e-01;

-4.440366355500125e-01 2.144983247470278e-02;
7.635010738975966e-01 -3.731855828336739e-01;
2.550555928085055e-01 -4.017664471469478e-01;
5.925762338967465e-03 -6.346765071629236e-01;
-6.785430897339573e-01 -3.022939268656637e-01;
-7.119191414981201e-01 1.658979470039950e-01;

5.779830016397060e-01 1.106964272264460e+00;
7.804269506624117e-01 -3.906486533597324e-01;
-6.881279791622068e-01 2.060193668866145e-01;
-3.040514736950016e-01 -1.176948005012700e+00;
-6.785430897339573e-01 -3.022939268656637e-01;
-7.119191414981201e-01 1.658979470039950e-01;

3.443161022708093e+00 2.357281051873001e+00;
-2.648149844654158e-01 -2.003342517320213e-01;
-2.027905761461455e+00 -5.888592296238830e+00;
-1.427074188980659e+00 6.216175420005575e+00;
-6.785430897339573e-01 -3.022939268656637e-01;
-7.119191414981201e-01 1.658979470039950e-01;

1.666397010555588e+00 -1.693457410780379e-01;
4.757103980711296e-01 -1.737882985535372e-01;
-1.126006581770971e+00 -1.226240911190166e+00;
3.519934551083322e-01 1.705896179858048e+00;
-6.785430897339573e-01 -3.022939268656637e-01;
-7.119191414981201e-01 1.658979470039950e-01;

1.013701091030982e+00 -9.374135365549691e-01;
7.171391227303964e-01 -1.872398040824596e-01;
-6.939285304626274e-01 2.619237746836006e-01;
7.956423212331041e-01 1.872187494742029e-01;
-6.785430897339573e-01 -3.022939268656637e-01;
-7.119191414981201e-01 1.658979470039950e-01;

-7.332633060894348e-01 1.214063615891741e+00;
7.460059510085759e-01 -4.951632564271458e-01;
3.778991860215453e-01 -8.465182356676596e-01;
-7.428227452980146e-01 -1.035615891380627e+00;
-6.785430897339573e-01 -3.022939268656637e-01;
-7.119191414981201e-01 1.658979470039950e-01;

2.185079095138583e-01 3.764749072039876e-01;
6.393417567435149e-01 -3.702252297840192e-01;
6.618757910581946e-03 -9.153876220359962e-01;
-3.479708313129954e-01 1.263398242425111e-01;
-6.785430897339573e-01 -3.022939268656637e-01;
-7.119191414981201e-01 1.658979470039950e-01;

-1.794089293271017e+00 -3.838804837316934e+00;
9.750238779795186e-01 1.333969025154278e-01;
-6.105598046697484e-01 3.314618180387249e-01;
4.167472012313684e+00 -1.057287169801408e-01;
-6.785430897339573e-01 -3.022939268656637e-01;
-7.119191414981201e-01 1.658979470039950e-01;

3.464697874817304e-01 -5.767654005590687e-01;
1.705838712386019e-01 2.620381057214302e-01;
-2.018957754648398e-02 1.272177964388633e-01;
-4.062779642720341e-01 -4.338449269835427e-02;
-6.785430897339573e-01 -3.022939268656637e-01;
-7.119191414981201e-01 1.658979470039950e-01;

2.263013222289879e-01 -4.622251429514250e-01;
-3.856653607471385e-01 8.477854584492639e-02;
-1.719427446755329e-01 -3.897488801049004e-01;
-6.157724532905025e-01 1.948978087036597e-02;
-6.785430897339573e-01 -3.022939268656637e-01;
-7.119191414981201e-01 1.658979470039950e-01;

6.290643577349116e-01 -4.048032344566228e-01;
1.173487523535431e-01 1.424147045426003e+00;
-9.364427889274934e-01 6.867647634296218e-01;
-1.768764091280504e-01 3.272028400692755e-01;
-6.785430897339573e-01 -3.022939268656637e-01;
-7.119191414981201e-01 1.658979470039950e-01;

4.200191884526649e-01 -4.548450373042304e-01;
2.438674391307440e-01 1.751293819650855e-01;
-4.261478718847024e-01 -6.200229682204789e-02;
5.578540535346446e-04 5.519578751315439e-02;
-6.785430897339573e-01 -3.022939268656637e-01;
-7.119191414981201e-01 1.658979470039950e-01;

2.838817154835932e-01 -4.331341906155985e-01;
-3.535841102619618e-02 -5.100313232920863e-02;
-2.621985918870770e-01 -4.336991999080165e-01;
-2.375637763435971e-01 8.042893695780801e-02;
-6.785430897339573e-01 -3.022939268656637e-01;
-7.119191414981201e-01 1.658979470039950e-01;

6.332207147558950e-01 -4.583383327100201e-01;
6.220067208274034e-01 5.824096228673202e-01;
-7.584198726112917e-01 4.713201035173897e-01;
3.706896954268305e-01 6.859621614111852e-02;
-6.785430897339573e-01 -3.022939268656637e-01;
-7.119191414981201e-01 1.658979470039950e-01;

3.027949084882885e-01 -3.902157275502921e-01;
3.228268754710694e-01 2.471532970914515e-01;
-2.335341939297380e-01 -4.364328752527999e-01;
-1.069409314994442e-01 4.337686429216719e-01;
-6.785430897339573e-01 -3.022939268656637e-01;
-7.119191414981201e-01 1.658979470039950e-01;

3.037913013420226e-01 -3.779482599101989e-01;
2.810441798316382e-01 7.793321152146940e-02;
-2.944359606502069e-01 -5.191114306951856e-01;
-2.553627610975217e-02 3.568596522686265e-01;
-6.785430897339573e-01 -3.022939268656637e-01;
-7.119191414981201e-01 1.658979470039950e-01;

4.903203461134759e-01 -3.855376551298021e-01;
-2.309145402410362e+00 6.075549896371069e-01;
-1.584756620662089e+00 3.532578825168853e-01;
-1.141282229330965e+00 -9.239557237428113e-01;
-6.785430897339573e-01 -3.022939268656637e-01;
-7.119191414981201e-01 1.658979470039950e-01;

-3.192590449076958e-01 -4.267739276568732e-01;
5.462086849892637e-01 2.338582573788003e-01;
1.148897240672429e-01 -1.662103836663482e-01;
1.217781650026098e-02 -1.658918718201955e-01;
-6.785430897339573e-01 -3.022939268656637e-01;
-7.119191414981201e-01 1.658979470039950e-01;

-3.580906144000565e-01 -4.177840859818389e-01;
4.787923124807344e-01 2.330855716474127e-01;
9.073981257651893e-02 -2.389984242613180e-01;
2.297020818933078e-03 -1.460590900693754e-01;
-6.785430897339573e-01 -3.022939268656637e-01;
-7.119191414981201e-01 1.658979470039950e-01;

5.692724961179114e-02 2.603747153687061e-02;
9.831551493640744e-01 1.128636803177822e+00;
-6.854748998537382e-01 6.352526435762197e-01;
3.394341795475651e-01 -1.670430194273274e-01;
-6.785430897339573e-01 -3.022939268656637e-01;
-7.119191414981201e-01 1.658979470039950e-01;

2.269875956317537e-01 -1.862659679391150e-01;
2.685821311045797e-01 1.309217509355984e-01;
2.076440583694708e-02 -2.479864158642464e-01;
-5.034433889606814e-01 3.798677694327445e-03;
-6.785430897339573e-01 -3.022939268656637e-01;
-7.119191414981201e-01 1.658979470039950e-01;

1.392889743776796e-01 -1.517260243044881e-01;
-4.130145695546232e-02 6.699953109963851e-02;
-3.648547336727937e-02 -5.697030171879468e-01;
-6.255009696962324e-01 1.044495073488503e-01;
-6.785430897339573e-01 -3.022939268656637e-01;
-7.119191414981201e-01 1.658979470039950e-01;

5.191495995938916e-01 -2.148599841331647e-02;
7.871974002807094e-01 1.130380955129070e+00;
-7.395430085347895e-01 6.319136778932144e-01;
4.843192039653395e-02 1.151805703687956e-01;
-6.785430897339573e-01 -3.022939268656637e-01;
-7.119191414981201e-01 1.658979470039950e-01;

-1.421938085314157e+00 -8.313753546114609e-01;
1.104244417031816e+00 4.015883372492582e-01;
3.098989320327110e-01 -1.727640035348913e-02;
1.003821777258361e+00 -5.631325804518372e-01;
-6.785430897339573e-01 -3.022939268656637e-01;
-7.119191414981201e-01 1.658979470039950e-01;

-3.265227985346066e-01 -7.974038562618820e-01;
5.152798354686793e-01 5.999826221244573e-01;
-8.013337554932630e-02 -7.148089191027500e-02;
3.258778330342693e-01 1.759108060359060e-01;
-6.785430897339573e-01 -3.022939268656637e-01;
-7.119191414981201e-01 1.658979470039950e-01;

1.774976492945198e+00 -4.304013824274295e+00;
9.115617594624639e-02 2.879120651276636e+00;
-9.655610472618653e-01 1.100549293532148e+00;
1.501222676981348e+00 3.727491623990377e+00;
-6.785430897339573e-01 -3.022939268656637e-01;
-7.119191414981201e-01 1.658979470039950e-01;

