0
-1.282108297982775e+00 -3.428086557862249e-01
-6.532082391489211e-01 8.081961340969487e-01
5.596318106093333e-01 -8.672697295271089e-01
1.003860382976650e+00 -1.411053397729696e+00
1.040159885938807e+00 -1.860653714386216e-01
1.227429379333842e-01 -3.763552299740869e-02

1
3.423121474181179e-02 2.631231058625604e-01
8.739460520635947e-01 6.480771537348913e-01
-4.575596853917052e-01 1.247254079486629e-01
9.638675915120727e-01 4.577387639888469e-01
1.149684321813974e+00 -1.177262424437126e-01
8.818624388941397e-05 -4.173666890206836e-04

2
-6.762255018076488e-02 -3.357446797550552e-01
1.133538569430748e+00 1.026181435244603e+00
-6.718651235684057e-01 -5.560430313689280e-01
1.532912599931636e+00 1.354881377048382e+00
1.144249291166941e+00 -1.198137000812832e-01
5.200151239822367e-03 -3.116238907591359e-03

3
-1.033796951838938e-01 -6.899930266276935e-02
-5.497453636343312e-01 1.159693809916733e+00
1.765500481077215e-01 3.784980029956831e-01
4.183686046682268e-01 -1.203387367463595e+00
1.150427404660004e+00 -1.178085358861450e-01
-3.358609237718132e-04 1.918934164375661e-04

4
1.142645608391139e-01 8.101107875511815e-01
-2.053149330004115e-01 4.101925485726482e-01
-1.479614805875415e-01 -1.264161534039598e-01
2.922435109861442e-01 -3.251786681764411e-01
1.135110577500266e+00 -1.088358743919503e-01
2.965425716615548e-03 -1.712123559772923e-02

5
-8.602434432316919e-02 1.188945085211472e-01
1.006529362734523e-01 1.099192517802541e+00
8.213237795502200e-01 3.813193456647214e-03
-4.136567055237105e-01 -2.794532998726668e-01
1.150110088732796e+00 -1.178956588861712e-01
-6.338378703432619e-05 1.161662358129082e-05

6
1.878090465725910e-01 -1.676217282509944e-01
3.341032256211035e-01 1.345277296848482e-01
6.709697376678805e-01 1.610864336013662e-01
8.653567870079518e-01 2.493991050501436e-01
1.156758741501986e+00 -1.188456451335214e-01
-3.697768802623000e-03 5.602529982646842e-03

7
2.246209067104650e-01 4.382853868628943e-01
5.106940587974290e-01 5.614311117113954e-01
-7.390120809775147e-01 -7.415509753247626e-01
1.073850471557437e+00 1.137138604051402e+00
1.154567357726721e+00 -1.122474504521680e-01
-7.198244955077548e-03 -3.471897998533218e-04

8
2.058217102900241e-01 -6.285036612636251e-02
1.027554953635719e-02 7.784249526683737e-01
1.090352371297107e+00 -3.343285806342988e-02
-2.314039769316617e-01 8.520643826776884e-02
1.149900911156265e+00 -1.177129836561055e-01
-6.325483460809036e-05 -2.641209410840548e-04

9
1.905194617507250e-01 9.494888916294248e-01
-3.413689505589844e-01 3.968983031711716e-01
-4.735981864411796e-01 -2.772509389443426e-01
4.383987002046093e-01 -2.492118659817240e-01
1.140377144266305e+00 -1.243536196848394e-01
1.112417375509414e-02 -3.044236672066216e-03

10
-8.250736312529772e-01 -4.414915916852152e+00
3.793347385605937e+00 2.452320944429783e+00
6.443448311185938e-02 4.589387151814451e-01
4.364403259047257e+00 2.888111751906421e+00
1.233827113524438e+00 -1.949186120268162e-01
2.809910713694345e-03 1.129240088571782e-01

11
-8.254182331131200e-01 2.239082771335365e+00
5.720788950629709e-01 -1.493373436959889e+00
-6.539126091063324e-01 1.650099967453512e+00
1.033514074375807e+00 -2.652588711157754e+00
1.316991947997715e+00 -4.537583798310416e-02
-1.633233939230737e-01 7.737500427689287e-02

12
1.632003187786026e-01 -3.633833236191510e-03
5.953524429182077e-01 2.854558607977559e-01
3.458760477732953e-01 1.693566120099631e-01
8.316714624007245e-01 4.010160492269301e-01
1.147836942969510e+00 -1.185211774869452e-01
1.889597161857826e-03 -1.278912576922073e-03

13
1.542929148864195e-02 -7.120943878109464e-01
1.325235606989283e-02 1.066983783050420e+00
1.460476970042123e+00 -6.735854082589865e-03
-3.205194326911285e-02 -1.576261869692170e-02
1.149054378942705e+00 -1.185229731347581e-01
1.095410048249157e-03 -3.676545376730620e-04

14
-2.422270499554270e+00 7.706719911867184e-02
-2.186834188692827e-01 -3.993149533695595e-02
1.025410298280721e+00 -1.559062488425936e+00
1.103318486421219e+00 -1.754966111914734e+00
1.168177113699912e+00 -1.896521111708704e-01
4.177175070841867e-02 6.040649097917894e-02

15
8.536410668172422e-01 -1.190061938447090e-01
1.092299594965815e-01 -7.111158639149982e-02
6.977764039679767e-01 4.762005373522668e-01
8.151776028863846e-01 5.308128214098135e-01
1.113226103734814e+00 -6.766853895932569e-02
-1.350855618630040e-02 -6.038145838137606e-02

16
-1.161700363118554e-01 3.738396192835349e-03
6.800780030885664e-01 1.682881565475429e-01
3.889065335329525e-01 8.056001336123782e-02
9.555425767070920e-01 2.390875257514098e-01
1.148873045086599e+00 -1.178444041708725e-01
7.066431578493005e-04 -9.466178383418993e-04

17
4.034813000422810e-01 8.710573727094006e-01
-4.515721627866393e-01 1.627635334353628e-01
9.159187451135532e-02 -2.272872627629226e-01
1.597149615527572e-01 -1.137163485957426e-01
1.150593487187483e+00 -1.383529002845209e-01
1.491339090785836e-02 1.374069281918307e-02

18
1.273723303918064e-01 9.706195268091837e-02
-4.393783044996051e-01 1.708941421030978e-01
4.711694887630280e-01 -2.050393295926534e-01
7.758566887421319e-01 -2.516880257725646e-01
1.151611965040098e+00 -1.184493681691765e-01
-6.308587850501096e-04 1.496151901647832e-03

19
-8.183869307407160e-02 -6.687516737723409e-01
1.998555507574567e+00 1.408373385301285e+00
-8.568713904362464e-01 8.136905943227773e-01
1.706183369167413e+00 8.876542718645137e-01
1.149363479288953e+00 -1.174049950607753e-01
5.769375861813553e-05 -8.671280135483215e-04

20
1.288502121579488e-01 1.421522826968982e-01
7.717287411748053e-01 4.604657965365544e-01
6.722156728844149e-02 1.558851616929803e-01
7.613814897864625e-01 4.868671813014631e-01
1.149989018160013e+00 -1.175643449129002e-01
-2.319417819731415e-04 -2.953847300168345e-04

21
-3.577605028566780e-02 -1.163439156296252e-01
6.605043817639101e-01 6.081459795990258e-01
3.467605629859628e-01 -8.769868896830754e-02
7.138869502570431e-01 4.777779682182980e-01
1.149958710823505e+00 -1.178587279298183e-01
7.926152170714401e-06 -1.256771500369688e-04

22
2.600868672469136e-01 -1.679334304291864e-01
-3.109593190088590e-01 1.116349434926391e+00
7.653908732607544e-01 2.731286100963840e-01
-9.742143175370641e-02 -4.304568112104805e-01
1.150055690866613e+00 -1.178383377417256e-01
-7.068765495701681e-05 -6.650438187698736e-05

23
3.448440295495853e-01 4.439825711079986e-01
3.118648240924320e-01 5.275335309939294e-01
-9.009016972257159e-01 -7.052732222716269e-01
1.234925058465974e+00 1.064379722424978e+00
1.149971348303428e+00 -1.151912533111590e-01
-1.994381421807858e-03 -1.859282406103523e-03

24
1.835685649643645e-01 7.986890697999650e-02
-5.888369853969253e-01 2.023053012872840e-01
4.028757419751935e-01 -1.633633155681300e-01
8.283161861532451e-01 -3.591242537168486e-01
1.148259625341390e+00 -1.175818611873580e-01
9.112182833442076e-04 -1.576732768854892e-03

25
2.687347821601075e-02 -1.660653733254139e-01
-4.388825007541697e-01 3.158542889943005e-01
5.700997822891779e-01 -1.814486278730139e-01
8.858368605438102e-01 -3.345450247327956e-01
1.151704466426051e+00 -1.175306736600269e-01
-1.378066353331403e-03 9.649827520648852e-04

26
-1.153431806515846e-01 5.109490636262906e-01
-1.880830222495481e-01 9.032562166865379e-01
-3.503873696449554e-01 1.666768340919659e+00
4.574169179746220e-01 -2.242796707696749e+00
1.144309146803302e+00 -1.023178519409002e-01
-7.917844790375973e-03 -1.450409733386000e-02

27
-3.971608317133882e-01 4.361852315090615e-02
6.201516716554403e-01 -2.600713301320785e-02
5.673820419375968e-01 -2.675899738497820e-02
9.928617708987543e-01 -4.371027322441447e-02
1.277910986050965e+00 -3.774916384506976e-02
-1.434873311970705e-01 4.317671425615160e-02

28
2.685013342832597e-01 9.088064802165531e-02
-6.934946940389661e-01 8.455621823223943e-01
1.561604848135925e-02 4.457298764337007e-01
5.841595268262905e-01 -9.789452650655720e-01
1.150781204152409e+00 -1.178986656164735e-01
-4.996742398926235e-04 5.152684109026108e-04

29
-8.579597736558697e-01 -1.231326512706913e+00
-2.002123022125889e+00 -4.065710219858097e-01
1.463252854904488e+00 -2.102378499862829e+00
2.278654187307546e+00 -6.615919859360601e-01
1.150059166663566e+00 -1.174871988376062e-01
-3.354500267026482e-04 -2.933566113794748e-04

30
-1.127774573902353e-01 -4.434369397615212e-02
-6.664546194570186e-01 1.204263803544395e+00
-3.948073351699850e-01 7.267222791484614e-01
9.053539548622885e-01 -1.658573845252000e+00
1.155814643020434e+00 -1.265102701136807e-01
2.648779245231037e-03 9.905199970374859e-03

31
1.788088370462447e-01 6.774713974601574e-01
-3.080995665348089e-01 4.141733646457733e-01
-1.096331598260069e-01 4.014341168398594e-02
4.001021947537130e-01 -4.677756625835011e-01
1.107578185369999e+00 -1.097921300356285e-01
2.167121599650849e-02 -3.707799659581075e-02

32
1.488197015033506e-01 1.036053160429160e+00
-6.842776268445222e-01 2.781136870377152e-01
-4.450096560855251e-01 -9.242946858225319e-01
4.476195172953847e-01 -1.090890906162609e-02
1.147554698682969e+00 -1.152329985036990e-01
-3.840235772107486e-04 -3.638551552795759e-03

33
5.050510999179856e-01 8.939260524961464e-01
1.755897832268589e-01 -4.281748880531262e-01
5.014548669800455e-01 3.470114684603366e-01
2.182838244592029e-01 6.538056455938526e-02
1.169634663465771e+00 -1.081635914509962e-01
-2.009678179105334e-02 8.247672100835749e-03

34
-1.239098724628404e-01 -1.187915466572735e-01
-5.238124378839524e-01 8.502976064268218e-01
2.963387810771343e-01 3.065453403243751e-01
6.495472032966197e-01 -1.102078510994677e+00
1.149355407594350e+00 -1.180268915235574e-01
5.278619860279287e-04 -4.667857964430761e-04

35
-4.931273786241146e-01 6.091430835116661e-01
7.911932445514489e-01 -4.336238071226547e-02
-1.338173551770492e-02 -1.248048322176221e-01
9.066376682751734e-01 -4.888350005513926e-02
1.138403356035827e+00 -2.941372707883911e-02
-5.855763041271487e-02 -6.655787956546182e-02

36
2.297130922181056e-02 -1.103889210144875e-01
3.907913773373700e-01 3.906313772845791e-01
6.000535857718937e-01 -1.094786439503704e-01
6.678735737780692e-01 3.324436927514931e-01
1.150452354511248e+00 -1.180624101355031e-01
-1.623826231840252e-04 3.764377544718559e-04

37
-9.195894220798732e-02 1.453736785502378e-01
3.703248338614891e-01 -5.129657050558460e-03
5.742337274157656e-01 5.109431169748125e-03
7.849981490196237e-01 2.958327625369174e-02
1.152428235704682e+00 -1.175721846927245e-01
-1.819979704825663e-03 1.533156023958933e-03

38
7.453306142103856e-02 -3.990527603776631e-01
7.572746336594266e-03 8.070236505805853e-01
1.115118159592404e+00 -5.854680497733641e-03
1.503275585212134e-01 -1.327827988218882e-02
1.149522556801151e+00 -1.184169673673116e-01
7.102370265350910e-04 -8.694097633347334e-05

39
2.447604901052984e-01 6.979313755182954e-01
3.664577725412012e-01 3.827835275683365e-01
-2.564388103777782e-01 3.276398532168306e-02
4.812014607355056e-01 2.328085209508294e-01
1.150018069829567e+00 -1.231110551059352e-01
3.895474048649364e-03 3.350811709555752e-03

40
-1.425913446621999e+00 -7.531317804600678e-01
2.550596118458992e+00 7.681600563765252e-01
-4.681134090762400e+00 -1.589186424824063e+00
6.329573728766674e+00 2.186269193190646e+00
1.159682743441613e+00 -1.186925687826932e-01
-5.722879042348715e-03 7.688317391738014e-03

41
-6.197062494219997e-01 4.206111032860355e-01
9.726713177187936e-01 6.473761837155296e-01
-1.468690030469176e+00 1.038276740684488e+00
1.910984407480929e+00 -1.128058279604019e+00
1.150757129811004e+00 -1.166329462855585e-01
-1.430121465846522e-03 -3.298082069898841e-04

42
6.919235375831927e-02 1.495573859338602e-01
-2.807912164127731e-01 1.198398066510729e-01
5.485491066325110e-01 -1.665343867882093e-01
6.914878164737459e-01 -2.224909717005686e-01
1.149501674450323e+00 -1.211753642625002e-01
2.785900415798285e-03 1.699913746729462e-03

43
1.370771110473967e-02 8.348355794867941e-02
3.714408310039247e-01 2.585043952584097e-01
5.097969459591587e-01 -7.560451691770574e-02
6.498763111941063e-01 2.307612148307735e-01
1.150498589019290e+00 -1.178561582354557e-01
-3.467763911889637e-04 2.762253876754837e-04

44
6.615985318633354e-02 2.764851973454192e-01
7.029787232443129e-01 6.095129505864236e-01
-4.354763818212068e-01 -4.375375176900064e-01
9.619311485462136e-01 8.733260062710396e-01
1.148189064202749e+00 -1.238713102799383e-01
5.658954386158556e-03 2.480339132152965e-03

45
7.140814131015862e-01 2.590913255246325e-02
-1.174716602114097e+00 5.993116883543914e-01
-1.539561567446726e+00 1.110659341555100e+00
2.289070691335642e+00 -1.482467418388189e+00
1.143134152589140e+00 -1.029445403242445e-01
-6.681572810604166e-03 -1.497294759696750e-02

46
-7.429084080329593e-02 -1.468782725231423e-01
9.026284034443717e-01 5.316443357217413e-01
2.074013662272568e-01 5.414545560829928e-02
9.471641407528925e-01 5.331005305670751e-01
1.150064944785984e+00 -1.176485980831296e-01
-2.185729857283415e-04 -1.835714280996206e-04

47
2.778862887868407e-01 8.890657192923122e-01
2.060005425491919e-01 2.347287240196888e-01
-6.977867446400924e-01 -2.861134330547752e-01
8.116047710838399e-01 3.920720517744002e-01
1.176100896281968e+00 -1.296500502996434e-01
-8.260086653796786e-03 2.712170770823899e-02

48
5.091100134864268e-01 1.205601193003819e+00
2.899464805863036e-02 6.443561049435789e-02
5.832697819076388e-01 -8.237439392633858e-01
-6.778902455569067e-01 9.356049351176392e-01
1.062378081959601e+00 -6.986690579429507e-02
2.136128419539320e-02 -9.695598142734517e-02

49
-4.639789026664676e-02 8.073260345023510e-01
7.907099237328869e-03 6.298721606948937e-01
-7.253675917483805e-02 6.631722293715702e-01
5.507022744790080e-02 -1.086364343630467e+00
1.260962332360919e+00 -3.209401399625406e-02
-1.366397532888071e-01 2.681154297378439e-02

50
4.641708299422873e-02 -3.668435663334982e-01
-4.933519252022910e-01 2.856357116447857e-02
8.283361920225448e-01 -2.107941548527448e-01
1.138576937295394e+00 -2.633342997630823e-01
1.145571999250985e+00 -1.158413718402111e-01
1.366349387454244e-03 -4.723163399640058e-03

51
-1.485814521471976e-01 -1.414642165636772e-01
-6.632488456629022e-01 4.995795741166855e-01
4.172333216781255e-01 -2.828084264853268e-01
8.943486530837711e-01 -6.686176260550737e-01
1.149365538370220e+00 -1.225501105638130e-01
3.902538855611256e-03 2.496469631623317e-03

52
9.244550011062955e-01 5.266016045438564e-01
-1.539193969122124e-01 8.311990622061409e-01
1.516818959205035e-01 -7.986351590551221e-01
-2.626927319921164e-01 1.361687547215927e+00
9.798800156613927e-01 -2.116714371769483e-01
1.812742290210415e-01 -6.596506814812966e-02

53
2.777224042055751e-01 8.125943141229588e-01
8.561307614378597e-01 2.367900327902890e-01
-1.382648263087511e-01 5.799831403491316e-01
3.286728548212971e-01 1.784599078405891e-01
1.149328946583927e+00 -1.152216438759048e-01
-1.551887954530826e-03 -2.319646142956694e-03

54
-2.332854956391892e-02 4.112154963617645e-01
2.436568444588705e-01 5.556781985062412e-01
3.980382498576742e-01 -1.656448522186396e-01
1.148638848979640e-01 5.097728560961035e-02
1.149688119760085e+00 -1.165717766394285e-01
-7.773073363117425e-04 -1.168909355523201e-03

55
1.079336173121515e+00 -3.043302269685595e-01
-1.697807657965083e+00 5.087732827835896e-01
-1.595172471346259e+00 3.816942587390172e-01
2.750740200845530e+00 -7.436203101126534e-01
1.254881969250763e+00 -6.791083227085780e-02
-1.058919799105929e-01 4.567059464959435e-02

56
4.254409246447843e-01 2.572261488246234e-01
3.325339585247739e-01 1.911682108652853e-01
3.409316725088359e-01 2.269102830032965e-01
5.648792460866564e-01 3.538033820403867e-01
1.199004960372206e+00 -3.774208085992559e-02
-9.193174932609244e-02 -1.581349251763259e-02

57
1.459620807112990e-01 6.489169906488343e-01
4.450896041391138e-01 2.796644933109210e-01
-1.571113299961243e-01 -8.303186267630423e-02
5.584597705980046e-01 3.175557623591445e-01
1.149071666649613e+00 -1.430142705588044e-01
1.939239007093504e-02 1.564902455930653e-02

58
2.304894996254506e-01 1.265176869633399e-03
-1.250055445471421e-02 9.683765915194644e-01
7.072254987231403e-01 1.031649642304206e-02
-1.207878860315634e-01 2.476910731987830e-02
1.149983275441270e+00 -1.181742494426709e-01
2.277401088723411e-04 9.886240642702432e-05

59
-2.238262283622301e-01 -2.012166007764024e-01
3.945730021859667e-01 1.084685761467798e+00
7.793418110253014e-01 -2.893211881923532e-01
3.135590929394500e-02 1.907045186173665e-01
1.150342896997255e+00 -1.180647601180501e-01
-8.910126839494356e-05 2.961492396148279e-04

60
6.780724662724857e-01 8.978407357915041e-02
-4.609337745518666e-01 -5.472371413590758e-02
5.086892052626051e-01 8.385775072054023e-02
8.156344929666647e-01 1.207900722053943e-01
1.225187984850716e+00 -2.000187781917854e-02
-1.223025076280057e-01 -7.832854579927481e-03

61
4.157311862328452e-01 1.026919551813903e+00
5.057587058745172e-01 1.970456899487179e-02
-1.088558021401133e-01 2.743543434446425e-01
2.323973741698505e-01 2.704869706552851e-01
1.141457140404559e+00 -1.055070386051556e-01
-3.670159426985126e-03 -1.455212898526038e-02

62
3.233994673911852e-01 4.603689710610341e-01
4.005415746711362e-01 6.017898092051417e-01
-3.836497614810392e-01 -5.966622956191192e-01
6.552141977845309e-01 1.003982271016099e+00
1.231589414122611e+00 -5.606639925450942e-02
-9.952575089133429e-02 2.051872354201429e-02

63
5.367967816524529e-01 1.210949548099890e+00
-2.142533298476247e-01 -6.444648972749740e-01
3.043427481662432e-01 1.324389369683742e-03
2.457870801292753e-01 8.712146800187151e-03
1.170826045287039e+00 -1.057054748707960e-01
-2.271283193074315e-02 7.532032204207720e-03

64
2.858827815925640e-01 6.868634043572420e-01
-3.193960710665171e-01 9.601314648034629e-01
-7.153265611667106e-01 -1.546780566956512e-01
4.373838196501142e-01 -2.017743115083651e-01
1.151188709727182e+00 -1.177875090593153e-01
-8.490515945098926e-04 7.472611179510580e-04

65
3.342290544541137e-01 7.228754708805478e-01
1.078269534426384e+00 -1.810667596007476e-01
1.535110476286819e-01 1.397498303243864e+00
5.151750910918933e-01 -2.800093091514410e-01
1.150872000054652e+00 -1.183617225032156e-01
-2.128499854564569e-04 8.857251358910084e-04

66
1.582124287751663e+00 -3.129743096156354e+00
-3.438489363856210e+00 9.210285749155126e-01
2.302430065111301e-01 4.018709566694648e-01
3.959491921746454e+00 -1.069500189733949e+00
1.104053565025078e+00 -3.901924753072463e-02
-2.893134396902958e-02 -8.595910048077580e-02

67
6.335098551893459e-02 3.177013554064393e-01
-2.214309675211920e-01 -2.456515293732653e-01
7.160687159135285e-01 -2.583647260951569e-01
6.650004614009580e-01 -1.074426832695443e-01
1.149781089542538e+00 -1.190839933119966e-01
1.039929672229759e-03 5.421889963723334e-04

68
6.002117672935351e-01 4.088039845917205e-01
-7.210216759319426e-01 1.629791664173180e-01
-8.687725068264604e-02 -4.276280007597592e-02
8.438589064268923e-01 -1.825513639002321e-01
1.223932324692288e+00 -1.411374554437993e-01
-3.092805314071335e-02 7.038412173011134e-02

69
-8.132317698967317e-01 -1.314284767502554e+00
-2.471405748725245e+00 -4.256010924001131e-01
1.424762727856276e+00 -1.695926356303100e+00
2.453917491258824e+00 -1.402558263435428e+00
1.149857181501514e+00 -1.183147730341484e-01
4.151830738217876e-04 9.642654178237501e-05

70
-2.001309538127617e-01 5.759722456856263e-02
7.149437461377628e-01 -3.682466290307732e-02
4.613375798842925e-01 2.255463592182070e-01
1.031268788849625e+00 3.332211339620960e-02
1.149961835819461e+00 -1.190102765830428e-01
8.667152658825598e-04 6.291345047834260e-04

71
8.941555890261152e-01 7.391526322502429e-01
-1.519333626582975e+00 -1.894897126192873e+00
1.397989336972816e+00 -9.710807677016328e-01
8.963527546159780e-01 3.620673840191653e-01
1.151783831613318e+00 -1.178022563011515e-01
-1.226907801899635e-03 1.201776335188512e-03

72
-2.296170054563376e-01 1.131617952274672e+00
1.022172760064345e+00 3.709834413562102e-01
-6.345384993416872e-01 2.813981412304703e+00
4.374509872125786e-01 -2.484817399701964e+00
1.148797312207463e+00 -1.187547333998485e-01
1.436640002482243e-03 -4.083797876268060e-04

73
3.428303610324372e-01 5.167658629060526e-01
-1.025378614250803e-01 3.424623744923695e-01
3.518705192571602e-01 5.125489446559556e-02
1.594250776654687e-01 -5.285409513504354e-02
1.144347386964699e+00 -1.595851188911795e-01
3.486686195875615e-02 2.294559149323712e-02

74
3.120200564901196e-01 3.442322994381117e-01
5.903385932584745e-02 4.727956269825746e-02
4.547105203817163e-01 7.781809888529277e-02
5.327391721878655e-01 9.778679617395986e-02
1.213764161359274e+00 -1.853120750880975e-01
8.738688153240377e-03 9.164874767816276e-02

75
4.140375010137160e-01 9.039298800088204e-01
5.469718970711492e-01 1.357315127778362e-01
-1.529180385484763e-01 3.838534338105518e-01
3.116890917441741e-01 2.263015496052312e-01
1.143616803320992e+00 -1.064134414649747e-01
-4.403809561845877e-03 -1.234540407523355e-02

76
-2.506692697469511e-01 1.076428782676246e+00
-1.032069608794892e-01 2.801749635940708e-01
-1.036256596254829e-01 -1.862151006958079e-01
1.421205825047575e-01 -6.662943672440909e-01
1.172091952881754e+00 -1.153637391909761e-01
-1.632007551291722e-02 1.478951175069380e-02

77
3.590963967477325e-02 7.401557942705002e-01
5.232687392733775e-01 2.205394769638374e-01
-5.362396614099408e-01 -1.493348670403656e-01
8.887535802192789e-01 3.052546968745792e-01
1.089956333263158e+00 -1.585053878383650e-01
6.960136834485842e-02 -1.841955920495339e-02

78
-8.727800599172940e-02 2.261274989878649e-01
1.584906189231656e-01 -1.426734474353269e-01
6.000374846450698e-01 -5.775558812032466e-02
8.038797039075706e-01 -1.108171473009824e-01
1.149761058004890e+00 -1.168646632205329e-01
-6.060235283288765e-04 -9.229991948284653e-04

79
5.084682092090963e-03 5.133557891395200e-01
3.118721631689316e-01 2.176804371278101e-03
3.381035054893931e-01 -1.205440117445228e-03
5.473727652042686e-01 2.089684644481780e-03
1.055580952980392e+00 -1.161611454324667e-01
6.040973968823610e-02 -7.178630673628272e-02

80
-6.897022283787912e-02 5.597719057533614e-01
2.471195974085967e-02 7.671394196162071e-02
3.714315739773103e-01 -1.798546141275953e-01
4.302137268286021e-01 -1.956320340769498e-01
1.100929810298884e+00 -8.009976497163072e-02
3.819280500227296e-03 -6.145031298870548e-02

81
-5.508845596906212e-01 1.819231780393407e+00
1.186348302570646e+00 3.092246204691670e-01
1.159939249918967e+00 4.503185172857222e-01
-1.970719121868693e+00 -6.495777950824289e-01
9.915588786657590e-01 -1.677010491708774e-01
1.407729978689638e-01 -8.596692797160363e-02

82
-2.918092021299554e-01 2.874685917721856e-01
-3.627404955284176e-01 3.610172221245971e-01
3.494702313233730e-01 -3.531854448385417e-01
5.955108894249096e-01 -5.970664421934961e-01
1.357013255624529e+00 1.212769639033445e-01
-3.140551729018228e-01 -1.606094273741947e-03

83
2.409456058424835e-01 8.300719073188710e-01
-2.256495978814443e-01 -3.937784937475122e-01
6.273139027018526e-01 -2.753848341321014e-01
2.341662092838703e-01 -7.869058266999475e-03
1.143048570524816e+00 -1.275640352986926e-01
1.177846018734734e-02 1.050602269726132e-03

84
-1.064281076207579e-01 2.991666126661975e-01
2.131558189063938e-01 5.249833514958132e-01
7.276079317698175e-01 -3.076601250302550e-01
-1.585074469980604e-02 8.914285888324100e-02
1.150055049500321e+00 -1.184193503805190e-01
3.640628686228186e-04 3.126769215953988e-04

85
-2.822770773541832e-01 -1.042170017552866e-01
1.082315831165122e+00 5.828919518468539e-02
1.814605814705774e-01 4.179735480182655e-01
1.399328986066168e+00 1.270296839994708e-01
1.150209227571374e+00 -1.185425451357589e-01
3.554089970159177e-04 5.084327229184804e-04

86
4.091215655587607e-01 8.042675543824765e-01
3.924549064721386e-01 2.263775438245047e-01
-2.797803627076765e-01 1.268271269424080e-01
4.772528445597786e-01 3.443277373007997e-01
1.149672152368289e+00 -1.095062004163077e-01
-6.048689389846726e-03 -5.797822637611895e-03

87
1.059675628315145e+00 4.993398069309027e-01
-6.309676913005002e-01 2.363704345099306e-01
2.501745675358906e-01 6.264557319836168e-01
2.276880543471753e-01 -2.256890036057245e-01
1.187523751227870e+00 -1.097181375523836e-01
-3.062425723127249e-02 2.263633176483879e-02

88
1.022607232257306e+00 -1.223589007050487e+00
5.962674707157039e-01 6.958120513408917e-01
8.238663223660918e-01 7.208198949912810e-01
1.221441262641941e+00 1.177377501372034e+00
1.082782780191248e+00 -2.287836311014970e-01
1.268248500231436e-01 2.214098900192938e-02

89
1.698876386366319e-01 2.853309583568954e-01
9.079526087712904e-01 4.104202157711363e-01
-5.556290756033471e-01 4.076355176644142e-01
1.213052195975669e+00 3.907862987025663e-01
1.150512855959860e+00 -1.183134580906355e-01
-1.424816815057287e-05 5.857115768475574e-04

90
7.983005725387146e-01 3.704820548803326e-01
1.967281355294545e-01 6.521496016083226e-01
3.455126331805147e-02 7.631778014159503e-02
2.120058782088264e-01 7.542576632151959e-01
1.075227317628684e+00 -1.131296275992157e-01
4.530570158867542e-02 -5.908075659852134e-02

91
2.592829847177223e-01 1.337493167929088e+00
2.605588107598131e-02 7.382995761248280e-02
1.032242944117659e+00 8.371339690814674e-01
-1.193339973799224e+00 -9.818172683765106e-01
1.240318320543585e+00 -2.359735008207382e-01
2.925851232318661e-02 1.446036383688579e-01

92
-7.977812970586544e-02 1.932757767320392e-01
9.708941126117128e-02 6.293578925806811e-01
8.662637127290552e-01 -1.204921427408215e-01
-1.161780125283742e-01 -1.444931869651586e-01
1.149722692303761e+00 -1.182146609489411e-01
4.282265857862827e-04 -6.952770429434883e-05

93
2.074541947849307e-01 9.921166746816242e-01
-4.573867936247576e-02 2.035108805430371e-01
-5.037786273065540e-01 9.050291394205161e-01
5.773856227773659e-01 -1.082034335799853e+00
1.147327431087494e+00 -3.412220003783863e-02
-6.086925529652067e-02 -5.681002170712389e-02

94
7.748145922544973e-02 9.024892707996457e-02
4.764554854957315e-01 4.742932230576933e-01
3.380758062572680e-01 -2.924369861499111e-02
5.843344577149823e-01 3.427667879246536e-01
1.149950469786526e+00 -1.180483959042679e-01
1.550960314353781e-04 -7.899773318813474e-06

95
1.883955245734546e-02 6.406192298353802e-01
2.577314326852140e-01 2.237488719953697e-01
2.473829423493607e-01 -1.596513498733183e-01
2.795893517476941e-01 7.202486860209963e-02
1.114915155371752e+00 -1.135366972283186e-01
1.967611939309579e-02 -2.914642760158865e-02

96
2.772767446444637e-01 1.536820239402059e-01
-7.685439730026135e-01 7.626100001676690e-01
-4.564906736583734e-01 4.418893225535223e-01
1.038409297580059e+00 -1.041105565127137e+00
1.157383553737950e+00 -1.241006414563516e-01
-1.777191149918612e-04 9.503463098457376e-03

97
-1.142337929104315e+00 1.600361524597585e+00
1.176022108478507e+00 -2.411678751633322e-01
-2.478670496733305e-01 -1.361672565935597e+00
2.747018007434697e-01 4.723060409577199e-01
1.151767836369341e+00 -8.941333392578185e-02
-2.243837123400203e-02 -1.736082648737994e-02

98
3.020064900667801e-01 1.426418011406161e-01
-5.729046221559333e-01 6.120429611973837e-01
4.914283101231143e-02 5.073862132711308e-01
6.884639638073272e-01 -8.853719381569386e-01
1.148876689803078e+00 -1.177209151303417e-01
6.119482698850932e-04 -1.024586756812766e-03

99
3.435914460107372e-02 -1.626127714863767e-01
-4.541468970085061e-01 3.786397468216500e-01
6.005155129968589e-01 -6.299541130239020e-02
7.951907582353758e-01 -4.578912543489860e-01
1.148705123797078e+00 -1.181636565717656e-01
1.055025378306458e-03 -8.635316705763221e-04

100
7.532419380756290e-02 1.054924498228918e+00
-6.799064624892641e-01 -4.691212785397522e-01
5.748604661187434e-01 -9.460110135846399e-01
1.571475999109640e-01 -3.379884777027424e-02
1.156083524443041e+00 -1.177664220495970e-01
-4.063315211530845e-03 4.392562095870468e-03

101
2.184778411268495e-01 5.643044978963915e-02
-6.823682016061717e-01 2.495785157547182e-01
3.479562896979146e-01 -1.892725191765229e-01
8.621362992866495e-01 -3.756583752017973e-01
1.148799927884734e+00 -1.195474065531959e-01
2.027487373575404e-03 1.115451434247487e-04

102
-6.800520893071992e-01 9.371269270528250e-01
1.371598402039838e-01 8.907048781566801e-01
-7.349509876657533e-02 -1.317254764314931e-01
-1.857051908085888e-01 -1.010779337409449e+00
1.153164260755393e+00 -1.949222156854091e-01
5.552147404571305e-02 5.262748297152043e-02

103
5.755758993308392e-01 1.906849080919465e+00
2.130593049107273e-01 3.982473930503304e-01
-3.124068720412109e-01 2.243922057467898e-02
-9.828083794794874e-01 1.777953408627397e-01
1.130136318912593e+00 -1.351470000348195e-01
2.588451311345860e-02 -3.646787024568307e-03

104
3.869260426979280e-01 8.502182621300054e-01
4.601601622719648e-02 4.215019335571025e-01
-1.023538793357196e+00 -1.720633612221500e+00
9.694393665617012e-01 1.740009387050695e+00
1.149626630547911e+00 -1.197733244098521e-01
1.656164418431140e-03 8.771654747177697e-04

105
5.334627849213922e-01 7.495839897618056e-01
-4.646481686811466e-01 2.078512291338915e-01
-5.796993910655680e-01 3.737461357912656e-01
8.723568008858480e-01 -5.115184117726117e-01
1.134841864909450e+00 -1.810079666341357e-01
5.709269453775677e-02 2.983850099860050e-02

106
8.828050216584232e-02 4.507231128126489e-01
-3.014570247584349e-01 1.880374896970955e-01
3.015400158353440e-01 -1.690400196160915e-01
5.050618998250554e-01 -2.977714297485507e-01
1.031397952427481e+00 -2.079099469939144e-01
1.447981343896472e-01 -2.991117311040928e-02

107
2.211488912036634e-01 3.718690207184707e-02
6.816375478814192e-01 2.508595298712505e-01
2.161890836962213e-01 3.220543720538774e-01
9.187403532108743e-01 3.956907932004340e-01
1.150033138965632e+00 -1.187882152801758e-01
6.541222860897534e-04 5.373314000817737e-04

