52                                               

3.173796965797159e-01 -7.053557379887267e-01
-2.629129772096613e-01 7.285124986399402e-01
-4.773230831119334e-01 1.205310476006340e+00
1.000000000000000e+00 0.000000000000000e+00
1.307546544427840e-01 1.431724288643364e-02

4.080180878013110e-01 3.265702194701975e-01
-2.019304380008203e-01 1.956183649121205e-01
-2.705718378455798e-01 -4.328476640449783e-01
1.000000000000000e+00 0.000000000000000e+00
4.772651906909548e-03 -1.354811446362950e-02

3.233845894395271e-01 3.925868159306750e-01
-3.736230514130782e-01 4.268199189330280e-01
-1.033559183905007e-01 -4.489046068064665e-01
1.000000000000000e+00 0.000000000000000e+00
1.063078114139181e-02 -2.065446113999217e-03

-6.913588315511381e-01 7.354482992718402e-01
-8.990573694485061e-02 -7.078328869027779e-03
-8.082415253141588e-01 8.452424156349314e-01
1.000000000000000e+00 0.000000000000000e+00
-2.051846923383276e-02 9.179708712190206e-02

-6.728889520340191e-01 2.640612692569322e-03
7.380805701502173e-01 3.595789039718231e-02
-1.188591880305931e+00 -2.896267109451639e-02
1.000000000000000e+00 0.000000000000000e+00
-1.272673709321785e-01 4.451391587397869e-02

-1.867720629534090e+00 -1.910192131943503e-01
-2.950498417279031e-01 2.572578023967687e+00
1.229415180920557e-01 -2.636442208143767e-01
1.000000000000000e+00 0.000000000000000e+00
5.339019969199638e-04 -1.642940498082599e-04

1.163233953150359e-01 -2.640347849333045e-02
-4.543701270391383e-01 6.195212117912976e-01
-5.026569757841549e-01 7.010658407495275e-01
1.000000000000000e+00 0.000000000000000e+00
1.125833495838325e-02 5.590874646298913e-02

1.251563649807546e-01 -1.096406447621970e-02
7.309032040504571e-01 6.513527019136053e-01
8.638477082522894e-01 7.381763798663529e-01
1.000000000000000e+00 0.000000000000000e+00
-1.383008337917484e-02 -7.215834539971097e-02

-6.783086279379577e-02 5.126561331689904e-01
-2.053041347758381e-01 -2.016045749418972e-01
-2.041977217714348e-02 -2.096513514114351e-01
1.000000000000000e+00 0.000000000000000e+00
1.099876038399717e-02 1.221445743953107e-02

-1.623396355576057e+00 -1.178880608106309e-02
-1.492093815942194e+00 2.773248043362597e-05
-2.605157756061198e+00 -9.413480278841604e-03
1.000000000000000e+00 0.000000000000000e+00
-9.713064074542412e-02 5.120347404897739e-03

4.642737200749035e-01 5.494116525150150e-01
-3.660397052906335e-02 1.616179838978171e-01
-4.858047612823276e-01 -6.733148690641406e-01
1.000000000000000e+00 0.000000000000000e+00
1.285314554224042e-02 -3.411340111459966e-02

-2.444992960481410e-01 -3.485941677317633e-01
5.481316196311584e-01 -2.238527788534849e-01
1.512488961430100e-01 -1.511960999005655e-01
1.000000000000000e+00 0.000000000000000e+00
-1.639906723119969e-02 6.787352005048685e-03

-6.785191186950776e-01 -7.528891270584840e-01
-1.122101422675695e-01 1.214087132612615e-01
-7.766189297114401e-01 -8.650282558115702e-01
1.000000000000000e+00 0.000000000000000e+00
-4.258965404817895e-02 -6.045277184068550e-02

6.651293841519518e-01 -2.201203175557040e-01
-4.995766339984964e-02 4.370490165474717e-01
4.122557303556775e-01 -4.949860902147057e-01
1.000000000000000e+00 0.000000000000000e+00
1.568019721404632e-03 2.180913569582864e-03

2.876532930080938e-01 -1.031522081336357e-01
-5.086604633238860e-01 6.059519071444088e-01
6.422477142909909e-01 -6.826482705548106e-01
1.000000000000000e+00 0.000000000000000e+00
-8.108108444341247e-03 2.427662560584538e-02

3.974185535251622e-02 -2.373315598810027e-02
-3.996252786964674e-01 -6.527596693707702e-01
4.440345488762475e-01 7.572678971200753e-01
1.000000000000000e+00 0.000000000000000e+00
4.196316425558842e-02 -7.753841404436949e-02

7.975081006995304e-01 6.921707337817207e-03
8.355450660446750e-01 2.132721635237207e-02
-1.373101788542299e+00 -2.464532933401988e-02
1.000000000000000e+00 0.000000000000000e+00
-1.050472951949357e-01 4.238093229101472e-02

2.582615905191983e-01 7.186812253584218e-01
-2.404195419982065e-01 -7.235053688875455e-01
4.107903086541058e-01 1.209389625738236e+00
1.000000000000000e+00 0.000000000000000e+00
1.784721311192764e-01 -3.194305011493162e-03

8.966170957308456e-01 -5.308356570207213e-01
3.544485472808198e-01 6.216470170835765e-01
2.583644629889499e-01 -3.035820278904113e-01
1.000000000000000e+00 0.000000000000000e+00
-2.058078451463857e-03 5.819665624211281e-05

2.679535561568989e+00 1.284868627427557e-01
1.069454252964386e-01 -1.933807383596559e+00
1.115258778797462e-01 -2.832238023956989e-01
1.000000000000000e+00 0.000000000000000e+00
-4.505825006385215e-04 7.916434937426593e-07

-1.623922784360649e+00 -1.354580312762399e-02
-1.491146861255515e+00 3.172553637314501e-03
2.604362106951488e+00 9.500569721623053e-03
1.000000000000000e+00 0.000000000000000e+00
-8.947596769037899e-02 -1.341178732572968e-02

7.981943384517677e-01 -2.016575310978069e-02
8.317307075467980e-01 3.191311975420169e-02
1.369159954486695e+00 1.441382351002862e-02
1.000000000000000e+00 0.000000000000000e+00
-8.745681432358399e-02 -5.356702671236812e-03

5.467186342169251e-01 -5.665349956847100e-01
-1.427824624893849e-01 2.304908927491736e-01
6.327570561927505e-01 -7.286339963540396e-01
1.000000000000000e+00 0.000000000000000e+00
1.740363061388043e-02 1.860336498864888e-02

-6.646544770746307e-01 -6.847434192040480e-04
7.504607879019010e-01 3.150959457218296e-02
1.191039828929423e+00 3.289961687567131e-02
1.000000000000000e+00 0.000000000000000e+00
-1.112502618351534e-01 9.712677812987230e-04

2.199679967711925e-01 -5.475863757040980e-01
3.231962991865880e-01 1.694235273234926e-01
2.483207623648202e-01 -1.469230627699562e-01
1.000000000000000e+00 0.000000000000000e+00
5.317487547707588e-04 -1.164106884964313e-02

1.271693842794385e+00 1.856159276390046e-02
-1.213702278500037e+00 -1.334108848975912e-02
2.077111681850056e+00 2.647446905239670e-02
1.000000000000000e+00 0.000000000000000e+00
-1.236831593927957e-01 -3.494112948169083e-02

-5.317031160483440e-01 -5.804907607896315e-02
9.021350184920748e-02 -2.374911259400713e-01
7.531477431780970e-02 -1.464859823851735e-01
1.000000000000000e+00 0.000000000000000e+00
-1.905396435106738e-02 4.537552880584744e-03

-6.772762054099022e-01 -7.580114415940378e-01
-7.925488463820729e-02 1.274501814372756e-01
7.795168463457773e-01 8.702412143958040e-01
1.000000000000000e+00 0.000000000000000e+00
-1.723835798658403e-02 -7.810602336565896e-02

-6.863060841374643e-01 7.353204806960845e-01
-8.742482409588997e-02 2.174171194388317e-02
8.063894149397309e-01 -8.556493985747036e-01
1.000000000000000e+00 0.000000000000000e+00
-2.811005249541419e-02 6.128592298246330e-02

3.715959837365118e-01 4.495747004367849e-01
3.854034882095413e-01 -4.193427473690547e-01
8.781554251328763e-02 -2.507910322503708e-01
1.000000000000000e+00 0.000000000000000e+00
2.122020735528081e-02 2.388010279938017e-02

1.254561855008128e-01 -3.046352096697169e-02
7.662275779087249e-01 -6.251083042678848e-01
9.037065047751414e-01 -7.280858976086974e-01
1.000000000000000e+00 0.000000000000000e+00
-5.323565821894348e-03 7.538135295951229e-02

2.795753036522483e-01 -3.132481216015100e-01
1.672460159562802e-01 2.986998735099372e-01
3.875210775740742e-01 -1.048256440670710e-01
1.000000000000000e+00 0.000000000000000e+00
-3.429500767481114e-03 -1.204951803350582e-02

2.770180749306845e-01 5.138038797489015e-02
-1.443674479448050e-01 1.420531575240787e-01
-6.152351307526880e-01 4.601437343302581e-03
1.000000000000000e+00 0.000000000000000e+00
-1.470973935186137e-02 9.299609592998817e-03

3.296619921997082e-01 -7.017823367472966e-01
-2.425982878258489e-01 7.286744516364173e-01
4.734474223696008e-01 -1.199461407157619e+00
1.000000000000000e+00 0.000000000000000e+00
7.094855208553866e-02 -7.492633628770808e-03

-3.014385636831697e-03 -6.215680251405576e-01
2.020207375966229e-02 -6.557472981780115e-01
1.753754801199819e-02 -1.072836465633751e+00
1.000000000000000e+00 0.000000000000000e+00
7.721410918647176e-02 -5.984238697311343e-02

1.451996889503580e-01 -9.700024748571338e-04
-4.135918152294866e-01 -6.205737023497315e-01
-4.721702804058276e-01 -7.219835298207133e-01
1.000000000000000e+00 0.000000000000000e+00
7.930413824077370e-03 -5.942258547627790e-02

-2.473921772613302e-02 -6.421570714007074e-01
4.242609275380615e-02 -6.528184082488496e-01
-2.190589017674843e-02 1.090123354222106e+00
1.000000000000000e+00 0.000000000000000e+00
1.360280303604377e-01 -5.531566442231593e-02

1.269445187614398e+00 2.063703288965879e-02
-1.214976154160532e+00 -1.204949613308404e-02
-2.076715024913190e+00 -2.646223222887767e-02
1.000000000000000e+00 0.000000000000000e+00
-1.399639127859878e-01 8.916058394070196e-03

-4.667465147364283e-01 1.569177825456864e-01
-1.319892239792424e-01 -7.139096414116605e-01
7.034075906954670e-02 -1.907359355772621e-01
1.000000000000000e+00 0.000000000000000e+00
1.164070146604419e-02 3.796791763343449e-03

4.220065276479973e-01 -2.798537060180871e-01
3.542217208803883e-02 4.345622051250940e-01
4.947100283754412e-01 -3.105437891845729e-01
1.000000000000000e+00 0.000000000000000e+00
-2.537692334621839e-03 -5.926019761893328e-03

-4.014780792376576e-01 4.111463021945902e-01
4.259508097093997e-01 3.864242733181766e-01
1.087867606682054e-01 -2.403572819978801e-01
1.000000000000000e+00 0.000000000000000e+00
-2.623114062061023e-02 1.775909859096840e-02

-9.687214589589502e-02 5.860623810605474e-01
6.655476890911227e-03 7.012168462392445e-01
-5.965311247991512e-02 1.088072878528420e+00
1.000000000000000e+00 0.000000000000000e+00
1.055498339246632e-01 6.245985180435773e-02

5.028172042204677e-01 5.771545867750850e-01
4.746064523540457e-02 7.498411975704150e-02
5.638383177293794e-01 6.752678849022908e-01
1.000000000000000e+00 0.000000000000000e+00
5.051244021112178e-02 -5.125805974444046e-02

9.336003846277569e-02 -3.676556623788716e-03
7.578901319142536e-01 -6.272514163123102e-01
-8.875508887862946e-01 7.223813261292761e-01
1.000000000000000e+00 0.000000000000000e+00
9.273237273193173e-03 1.112019201533008e-01

1.152373852924163e-01 4.652316817607018e-02
7.410410117359791e-01 6.609441073033717e-01
-8.745894983172641e-01 -7.634944547757860e-01
1.000000000000000e+00 0.000000000000000e+00
-4.741740465870957e-02 -5.434148216948524e-02

3.634882843245302e-01 -3.781802273894057e-01
-2.494707170586739e-01 -3.931775711080909e-01
1.028495771203525e-01 -3.876269129032351e-01
1.000000000000000e+00 0.000000000000000e+00
2.387656182052911e-02 -2.625385457589972e-02

-4.548829220727592e-01 -4.125084102341956e-01
-4.939358616624710e-01 5.005155381561468e-01
1.256651718262569e-01 -2.188923345239725e-01
1.000000000000000e+00 0.000000000000000e+00
-1.783923759738734e-02 -1.729624391837121e-02

-1.742436231047927e-01 6.001151119038433e-01
-8.747773716185935e-01 -1.768668890217567e-01
6.980005699213206e-03 -2.524480816989465e-01
1.000000000000000e+00 0.000000000000000e+00
-5.088830349806284e-03 -2.652456179936805e-03

5.526158797317160e-01 -5.428975849387816e-01
-6.376176939067815e-02 1.018747264785319e-01
-6.140803128239573e-01 6.381693401011677e-01
1.000000000000000e+00 0.000000000000000e+00
3.664065427862762e-02 5.115250690323214e-02

2.195558349788130e-01 -5.158412829034344e-02
-4.215371370694827e-02 1.632573324738003e-01
-6.429196806632609e-02 5.047846341329962e-01
1.000000000000000e+00 0.000000000000000e+00
2.198034757992277e-02 2.053798626770584e-03

-1.017876655560646e-01 5.551719609356482e-01
-3.053057682498767e-02 7.450312364319940e-01
9.160986732448212e-02 -1.100483219788840e+00
1.000000000000000e+00 0.000000000000000e+00
5.829110410734276e-02 3.152625169366476e-02

2.543158437981975e-01 7.278621151883550e-01
-2.435154465080077e-01 -7.180827040440316e-01
-4.137660396939621e-01 -1.212344068183792e+00
1.000000000000000e+00 0.000000000000000e+00
1.193618342139016e-01 -2.383935225928843e-02

