108

5.475155575077845e-01 3.168189020239935e-01;
1.866882725687034e-01 -6.457662372032313e-02;
7.710351462063588e-01 1.724464643977105e-01;
2.970061709492321e-01 4.152919433677856e-01;
5.727688197110133e-01 1.584671013844115e-02;
2.772202685294906e-01 -5.189688052928466e-01;

-3.515132985843976e-01 5.356403753885783e-01;
9.915230967889832e-01 1.557061006940299e-02;
-1.675664121025688e-01 -6.168012834604630e-02;
1.036211179570077e+00 2.578476288661827e-01;
5.727688197110133e-01 1.584671013844115e-02;
2.772202685294906e-01 -5.189688052928466e-01;

-4.885644084493023e-01 4.665724848871354e-01;
1.084524560681679e+00 1.122563033255362e-01;
-2.608962139450783e-01 -1.921955205840863e-01;
1.146480676489463e+00 3.174750212118111e-01;
5.727688197110133e-01 1.584671013844115e-02;
2.772202685294906e-01 -5.189688052928466e-01;

8.645594396091708e-01 1.632312410496586e+00;
-3.702913239376577e-01 1.304997044860032e+00;
1.740434810592847e-01 7.047565394657878e-01;
-1.983026080188710e+00 -6.589827923503088e-01;
5.727688197110133e-01 1.584671013844115e-02;
2.772202685294906e-01 -5.189688052928466e-01;

-2.887920985954980e-02 8.831413660123877e-01;
-3.305790767423428e-01 8.017025270387017e-01;
8.713805712248504e-02 -1.151997243893144e-01;
-3.306338021895139e-01 -6.669744291734119e-01;
5.727688197110133e-01 1.584671013844115e-02;
2.772202685294906e-01 -5.189688052928466e-01;

-6.767427768318438e-02 1.902635806139053e-01;
-9.598815554140444e-02 6.139354804411219e-01;
4.075774190158717e-01 -4.868973089812865e-01;
3.458838102869246e-01 4.686133350081292e-02;
5.727688197110133e-01 1.584671013844115e-02;
2.772202685294906e-01 -5.189688052928466e-01;

8.093168866322739e-02 2.126118793840473e-01;
-1.610017128782431e-01 -4.544150142142169e-01;
6.951276439079209e-01 -9.975794842485888e-02;
9.926325241367755e-01 -1.406478715404201e-01;
5.727688197110133e-01 1.584671013844115e-02;
2.772202685294906e-01 -5.189688052928466e-01;

-1.823857240522781e-01 3.598188602516848e-01;
1.433740383786948e+00 6.718547839750687e-01;
-2.024568011698760e-01 -1.909588433161055e-01;
6.008665249808842e-01 9.868175395233691e-01;
5.727688197110133e-01 1.584671013844115e-02;
2.772202685294906e-01 -5.189688052928466e-01;

-9.113726358545413e-02 1.482577309787153e-01;
-5.623098048550484e-02 7.298869036256792e-01;
3.840521209207214e-01 -5.526281644273955e-01;
3.146215108937235e-01 1.213251964865936e-01;
5.727688197110133e-01 1.584671013844115e-02;
2.772202685294906e-01 -5.189688052928466e-01;

-1.876727164346170e-01 -1.026874714229499e+00;
1.732959171741857e+00 1.076914303515726e+00;
1.245958032876745e+00 6.192015056151728e-01;
4.743925570063671e-01 8.060604218922414e-01;
5.727688197110133e-01 1.584671013844115e-02;
2.772202685294906e-01 -5.189688052928466e-01;

-6.188324084477697e-01 -7.977981422820281e-01;
1.836623329488652e+00 7.880907356479288e-01;
1.033867342712416e+00 8.681534197707858e-02;
7.717988073780109e-01 8.605177198676477e-01;
5.727688197110133e-01 1.584671013844115e-02;
2.772202685294906e-01 -5.189688052928466e-01;

-1.123833553266165e+00 3.910698376259429e-01;
1.568839630276396e+00 2.168745585817295e-02;
-2.886271718876933e-01 -6.545811927526438e-01;
1.473915019852971e+00 4.772782884727073e-01;
5.727688197110133e-01 1.584671013844115e-02;
2.772202685294906e-01 -5.189688052928466e-01;

2.440916641107228e-01 3.778375726759870e+00;
-1.695432164350949e-01 1.191257721824029e+00;
-1.009991593445526e-01 7.846366206378386e-01;
-4.002950571804327e+00 -1.832177733235862e+00;
5.727688197110133e-01 1.584671013844115e-02;
2.772202685294906e-01 -5.189688052928466e-01;

-3.978906669952710e+00 -2.138346320779974e+00;
3.411050199660346e+00 5.640166480152334e-01;
3.898924381895431e+00 -2.350906484419629e+00;
5.808736160028053e-01 1.000714504287534e+00;
5.727688197110133e-01 1.584671013844115e-02;
2.772202685294906e-01 -5.189688052928466e-01;

-8.495533327784772e+00 -6.683463633858228e+00;
6.436378654510807e+00 -4.918265812279151e-01;
6.931602625770257e+00 -5.648437992568302e+00;
4.971948438145659e+00 2.811836711135210e+00;
5.727688197110133e-01 1.584671013844115e-02;
2.772202685294906e-01 -5.189688052928466e-01;

-2.058640096720300e+00 2.306054349916991e-01;
1.258277638165294e+00 3.234289330355513e-01;
8.752866615750001e-01 1.047383529581164e-01;
5.480228584575786e-01 -1.621014764941490e+00;
5.727688197110133e-01 1.584671013844115e-02;
2.772202685294906e-01 -5.189688052928466e-01;

-2.070107641655050e-01 2.666941751008972e-01;
1.446692853664966e+00 4.723339765138050e-01;
-1.448723631132936e-01 -5.180279393526980e-02;
8.452064336884267e-01 8.745340378794733e-01;
5.727688197110133e-01 1.584671013844115e-02;
2.772202685294906e-01 -5.189688052928466e-01;

-3.083364720595547e-01 1.027654223757472e-02;
1.456331982526050e+00 4.379055110597196e-01;
-1.078185624782117e-01 9.731516123133142e-02;
1.170945318185266e+00 6.904681139548663e-01;
5.727688197110133e-01 1.584671013844115e-02;
2.772202685294906e-01 -5.189688052928466e-01;

3.869208114350655e-01 8.738271944754621e-01;
7.544848133314572e-02 -7.834347570545667e-01;
7.624980147823593e-01 -7.418176836981689e-02;
3.534955864077186e-01 2.630115081031241e-01;
5.727688197110133e-01 1.584671013844115e-02;
2.772202685294906e-01 -5.189688052928466e-01;

5.298215007959017e-01 2.581571972667088e-01;
5.310875093743787e-01 6.425919096601262e-01;
-1.805665346049729e-01 7.607013887641236e-01;
6.098812463871305e-01 1.230299011241490e-01;
5.727688197110133e-01 1.584671013844115e-02;
2.772202685294906e-01 -5.189688052928466e-01;

5.489823259415478e-01 3.826461475610417e-01;
3.411726417160595e-01 4.125089460283416e-01;
-6.792472965705275e-02 5.363925626301577e-01;
5.728148857488322e-01 1.679168254937685e-01;
5.727688197110133e-01 1.584671013844115e-02;
2.772202685294906e-01 -5.189688052928466e-01;

6.863086579601543e-01 6.105385953039869e-02;
-4.705461302176332e-01 1.433931855644494e+00;
3.320608716968014e-01 5.777409369784386e-01;
-3.438575949660232e-01 -4.417067054393067e-01;
5.727688197110133e-01 1.584671013844115e-02;
2.772202685294906e-01 -5.189688052928466e-01;

5.302134895357121e-01 -1.129701775051902e-02;
-2.056390926831047e-01 1.587023816638238e+00;
6.353750078737541e-01 6.450188212535749e-01;
-6.645670947372226e-01 -4.411861644058929e-01;
5.727688197110133e-01 1.584671013844115e-02;
2.772202685294906e-01 -5.189688052928466e-01;

7.223215225094544e-01 3.532150419127330e-01;
-4.876382663064492e-01 9.107112899724275e-01;
1.555885509334681e-01 7.630607797984255e-02;
-5.317099228952827e-02 2.370609686907202e-02;
5.727688197110133e-01 1.584671013844115e-02;
2.772202685294906e-01 -5.189688052928466e-01;

4.418228824799277e-01 1.004885902168884e+00;
-1.068463424785035e-01 -1.110714911958629e+00;
7.413113529104998e-01 -2.005749513142906e-01;
5.160026672668689e-01 2.696808699426250e-01;
5.727688197110133e-01 1.584671013844115e-02;
2.772202685294906e-01 -5.189688052928466e-01;

1.922858669476249e-01 4.124121023712066e-01;
2.136451230122196e+00 1.022466991226074e+00;
-7.939706213569943e-01 -1.942819828587732e-01;
6.354858566348233e-01 2.042446108894707e+00;
5.727688197110133e-01 1.584671013844115e-02;
2.772202685294906e-01 -5.189688052928466e-01;

3.756481849785899e-01 -1.650609693216385e+00;
5.304662452814042e+00 1.047895768865118e+01;
-5.173975992147549e+00 -2.492280306595011e+00;
-1.698526173924942e+00 7.269242037628702e+00;
5.727688197110133e-01 1.584671013844115e-02;
2.772202685294906e-01 -5.189688052928466e-01;

5.227422052234985e-01 9.151389649261884e-01;
-1.009747090848961e-01 -7.587599381116727e-01;
7.020758520163951e-01 -7.297108973916516e-02;
3.164082834329076e-01 2.486357445239999e-01;
5.727688197110133e-01 1.584671013844115e-02;
2.772202685294906e-01 -5.189688052928466e-01;

6.342660019633668e-01 6.193019953131556e-01;
2.804412505445991e-01 4.493110917719231e-01;
-5.149547080768032e-01 7.475522513406677e-01;
6.687951092151336e-01 -4.909560913230984e-02;
5.727688197110133e-01 1.584671013844115e-02;
2.772202685294906e-01 -5.189688052928466e-01;

6.073035416136183e-01 6.733706623520722e-01;
2.314574825218264e-01 2.122215648421744e-01;
-2.676108045227404e-01 6.152658897626689e-01;
5.960061838236822e-01 6.426603932291844e-04;
5.727688197110133e-01 1.584671013844115e-02;
2.772202685294906e-01 -5.189688052928466e-01;

-7.699730158112881e-01 -6.640035514592014e-01;
-4.153103137109851e-01 1.592613699890220e+00;
3.107940840679984e-01 3.702625080878553e-01;
7.606721878795687e-01 -1.735364003158445e+00;
5.727688197110133e-01 1.584671013844115e-02;
2.772202685294906e-01 -5.189688052928466e-01;

-5.353774103521102e-01 8.490091141169901e-01;
-2.571295614268169e-02 5.703556627976651e-01;
2.852299947746690e-01 -5.204649956861838e-01;
-1.589948953387063e-01 -5.765476145332551e-01;
5.727688197110133e-01 1.584671013844115e-02;
2.772202685294906e-01 -5.189688052928466e-01;

2.114108859411765e-02 7.721670562477319e-01;
-3.983793916836054e-01 4.211886144320547e-01;
-4.171244734336568e-02 -5.165172674429844e-01;
2.605394776774548e-01 -2.320780401569623e-01;
5.727688197110133e-01 1.584671013844115e-02;
2.772202685294906e-01 -5.189688052928466e-01;

1.196227447260551e+00 9.102458252709793e-01;
-6.398688872641409e-01 -1.326683028348207e+00;
6.692869385376202e-01 -2.653162496477345e-01;
7.340118772696621e-01 7.738193228771503e-01;
5.727688197110133e-01 1.584671013844115e-02;
2.772202685294906e-01 -5.189688052928466e-01;

-9.316443327523805e-01 5.246620319783525e-01;
-1.496042520359121e-01 5.021357457065212e-01;
9.241030681155105e-01 -6.026969174127071e-01;
-2.109980295964080e-01 -9.950072411854695e-01;
5.727688197110133e-01 1.584671013844115e-02;
2.772202685294906e-01 -5.189688052928466e-01;

-1.132241291357733e-01 3.101491725789799e-01;
-6.254151744545065e-01 -6.561894499715432e-02;
8.894153455412881e-01 -4.409599564412575e-01;
4.162092611472736e-01 -5.236040003904904e-01;
5.727688197110133e-01 1.584671013844115e-02;
2.772202685294906e-01 -5.189688052928466e-01;

9.236834553453143e-01 3.069594683700033e-01;
-1.263851146738037e-01 -1.654863777879922e-01;
1.124075172857575e+00 3.460444152971781e-01;
-1.036060094421564e-02 4.144634823765060e-01;
9.607355015304471e-01 -1.982542120294799e+00;
1.517584587806267e+00 1.076893084064242e+00;

7.798755832604353e-03 5.841418682217755e-02;
5.568737041255439e-01 3.049715187239009e-01;
3.968947487979971e-01 -3.289513207090405e-01;
7.315758631922431e-01 6.390132364463537e-01;
9.607355015304471e-01 -1.982542120294799e+00;
1.517584587806267e+00 1.076893084064242e+00;

1.913272069457801e+00 1.875736155224037e-02;
-1.026013609708353e+00 -2.146680369693814e-01;
2.180217666500024e+00 5.599293413614149e-01;
-8.251435177135099e-01 6.264183514903093e-01;
9.607355015304471e-01 -1.982542120294799e+00;
1.517584587806267e+00 1.076893084064242e+00;

-7.548651580647181e-02 1.482144977968969e-01;
-8.312269059952300e-02 6.006156773818289e-01;
4.242462548212710e-01 -5.121344039920713e-01;
3.928428515234733e-01 8.518382293320390e-02;
9.607355015304471e-01 -1.982542120294799e+00;
1.517584587806267e+00 1.076893084064242e+00;

6.081046669802818e-01 4.539570106608750e-01;
-1.918753967235724e-02 9.184971668921886e-01;
6.220584436985523e-01 -2.089710297968634e-02;
-6.264877874056453e-01 3.805700195724528e-01;
9.607355015304471e-01 -1.982542120294799e+00;
1.517584587806267e+00 1.076893084064242e+00;

3.289371069513884e-01 -1.020856110939189e-01;
1.067556392249835e-01 6.803445153625642e-01;
7.529742796351546e-01 -4.409669791291979e-01;
1.846809544207272e-01 7.262741093722124e-01;
9.607355015304471e-01 -1.982542120294799e+00;
1.517584587806267e+00 1.076893084064242e+00;

-7.096206311699534e-02 1.538980347318628e-01;
-7.963899340235495e-02 5.963470387905568e-01;
4.237949332923221e-01 -5.041958767918492e-01;
3.891107435601570e-01 8.497429091074506e-02;
9.607355015304471e-01 -1.982542120294799e+00;
1.517584587806267e+00 1.076893084064242e+00;

-4.578386379119535e-02 2.407666449233186e-01;
3.572208152421317e-01 2.067728724880249e-01;
3.364236096762885e-01 -2.482062780616567e-01;
6.919050988390006e-01 2.756873218520317e-01;
9.607355015304471e-01 -1.982542120294799e+00;
1.517584587806267e+00 1.076893084064242e+00;

-1.250015190830290e-01 2.490998153880586e-01;
6.270831666980944e-01 6.460025296333568e-01;
1.280776860709540e-01 -3.637131522285809e-01;
4.795406181240738e-01 5.085556477954188e-01;
9.607355015304471e-01 -1.982542120294799e+00;
1.517584587806267e+00 1.076893084064242e+00;

-3.539863095717136e-01 1.720251439319797e+00;
6.488522256324966e-01 -2.709791055650480e-01;
-1.938017428790208e+00 7.351654893158106e-02;
1.610888528767026e+00 -4.640279203788618e-01;
9.607355015304471e-01 -1.982542120294799e+00;
1.517584587806267e+00 1.076893084064242e+00;

-9.309802108915691e-02 -1.074615109781528e+00;
1.709160360951145e+00 1.139101514749528e+00;
1.289554415038026e+00 7.356592276513727e-01;
4.101202489446331e-01 7.928976183184470e-01;
9.607355015304471e-01 -1.982542120294799e+00;
1.517584587806267e+00 1.076893084064242e+00;

-2.192480579430873e-01 1.095139617446726e+00;
8.504808255014042e-01 7.670103317957870e-02;
-1.225902492745064e+00 3.107400960891887e-01;
1.305226121040251e+00 -2.122544189030788e-01;
9.607355015304471e-01 -1.982542120294799e+00;
1.517584587806267e+00 1.076893084064242e+00;

4.565297897738823e-02 5.853950218854024e-01;
1.313506508187906e+00 1.791187816973387e+00;
2.122951664845289e+00 5.456989850760441e-01;
-2.951380996317044e+00 2.934145580825915e-01;
9.607355015304471e-01 -1.982542120294799e+00;
1.517584587806267e+00 1.076893084064242e+00;

7.132604238296038e-01 -8.887543502830989e-01;
1.834273990115077e+00 2.410615933688343e+00;
3.173572627954572e+00 9.656765321402242e-01;
-2.984843987005721e+00 1.492556119254768e+00;
9.607355015304471e-01 -1.982542120294799e+00;
1.517584587806267e+00 1.076893084064242e+00;

-7.532549814587471e-01 -2.945233773462356e-01;
1.882898223608068e+00 1.620832462935375e+00;
2.712439608496097e+00 -3.996081035231339e-02;
-2.152888017135203e+00 6.656975338767038e-01;
9.607355015304471e-01 -1.982542120294799e+00;
1.517584587806267e+00 1.076893084064242e+00;

-3.938557089021056e-01 1.119987640951968e+00;
1.360491884367172e+00 5.458163952782081e-01;
2.129162337000354e-02 -5.093688639812327e-01;
-3.366051385331449e-01 7.826982791937640e-01;
9.607355015304471e-01 -1.982542120294799e+00;
1.517584587806267e+00 1.076893084064242e+00;

-6.534048756647221e-01 -1.126976199274774e+00;
1.509858427267358e+00 2.933896280695369e-01;
-1.108361297563058e-03 7.509800137290829e-01;
2.635126192696790e+00 1.433477656726796e-02;
9.607355015304471e-01 -1.982542120294799e+00;
1.517584587806267e+00 1.076893084064242e+00;

-5.588889617775923e-01 6.807336702477311e-01;
1.377886351724832e+00 4.875087427919780e-01;
8.004787275470431e-02 -2.545538479758785e-01;
2.229937207230770e-01 4.788670479677083e-01;
9.607355015304471e-01 -1.982542120294799e+00;
1.517584587806267e+00 1.076893084064242e+00;

5.150257182295933e-01 6.455442553800361e-01;
9.153993809485103e-02 -1.636097284007884e-01;
2.908207278976961e-01 1.486346670337590e-01;
4.716562022964895e-01 2.370294314651949e-01;
9.607355015304471e-01 -1.982542120294799e+00;
1.517584587806267e+00 1.076893084064242e+00;

9.922108706638222e-01 3.675020255938572e-01;
-5.423584080574747e-01 9.806791390811401e-01;
-8.052581052054782e-01 4.914434662233307e-02;
7.143146967750228e-01 3.162058834386464e-01;
9.607355015304471e-01 -1.982542120294799e+00;
1.517584587806267e+00 1.076893084064242e+00;

5.602515948816222e-01 5.625310926295920e-01;
1.001555439744900e-01 6.013754344220491e-02;
1.215054205373883e-01 2.312286618474454e-01;
5.142066646373941e-01 2.271125277384343e-01;
9.607355015304471e-01 -1.982542120294799e+00;
1.517584587806267e+00 1.076893084064242e+00;

3.247919311474589e-02 3.489204046423371e-01;
7.334985788445463e-01 1.028566780178019e+00;
1.374094943880428e+00 -1.828066819562607e-01;
-1.222358364103305e+00 5.591069883149823e-01;
9.607355015304471e-01 -1.982542120294799e+00;
1.517584587806267e+00 1.076893084064242e+00;

4.634914332110816e-01 5.392982779387571e-01;
5.313965866431577e-04 6.224931684125582e-01;
5.402129206427130e-01 -3.519970299536491e-01;
-3.442038337087349e-01 5.417866719078643e-01;
9.607355015304471e-01 -1.982542120294799e+00;
1.517584587806267e+00 1.076893084064242e+00;

-2.400807656761812e+00 1.797194409070292e-01;
5.016204893619345e+00 1.717131478454006e+00;
5.731698757844870e+00 -8.250368326071928e-01;
-5.467627220310225e+00 2.187288038480050e+00;
9.607355015304471e-01 -1.982542120294799e+00;
1.517584587806267e+00 1.076893084064242e+00;

3.817474842060293e-01 8.002658640274105e-01;
5.527194484912096e-01 -3.236575830834562e-01;
2.350418188223746e-01 -2.559573920065842e-01;
4.890404889031724e-01 8.584617227329679e-01;
9.607355015304471e-01 -1.982542120294799e+00;
1.517584587806267e+00 1.076893084064242e+00;

5.899315192897242e-01 7.120412506134873e-01;
-1.957951264395151e-01 4.669863177216778e-01;
2.316355422217077e-01 -7.959238747292122e-01;
-1.343628686350208e-01 9.018624723751657e-01;
9.607355015304471e-01 -1.982542120294799e+00;
1.517584587806267e+00 1.076893084064242e+00;

4.035788444340321e-01 8.040540172805788e-01;
4.490864289916159e-01 -2.982840677507875e-01;
2.634335165329310e-01 -3.006114392524987e-01;
4.353906349697528e-01 8.289335810682705e-01;
9.607355015304471e-01 -1.982542120294799e+00;
1.517584587806267e+00 1.076893084064242e+00;

5.646787555298360e-01 7.763841660889146e-01;
1.105859035316407e-01 -2.178306561460284e-01;
1.705259525652356e-01 3.397357836726114e-01;
4.684703499054018e-01 1.016213085411139e-01;
9.607355015304471e-01 -1.982542120294799e+00;
1.517584587806267e+00 1.076893084064242e+00;

8.614276067433634e-01 7.743641997808515e-01;
-8.191414296026654e-01 5.234956664008422e-01;
-9.584854775878803e-01 -4.498320318293008e-01;
8.480654729444026e-01 3.099627107863835e-01;
9.607355015304471e-01 -1.982542120294799e+00;
1.517584587806267e+00 1.076893084064242e+00;

5.774394297389085e-01 7.363650629454851e-01;
1.695070995121211e-01 -6.016973727815959e-02;
1.469865822329154e-02 4.569791737888468e-01;
5.131755592868612e-01 5.969300264978251e-02;
9.607355015304471e-01 -1.982542120294799e+00;
1.517584587806267e+00 1.076893084064242e+00;

-1.965976239248014e-01 1.508586473132237e-01;
-4.829982786085541e-01 8.839188601872168e-01;
3.888960558418838e-02 -1.419274860239616e-01;
5.585676999011039e-01 -7.940782146562466e-01;
9.607355015304471e-01 -1.982542120294799e+00;
1.517584587806267e+00 1.076893084064242e+00;

4.337174122596680e-01 9.625899913369613e-01;
-5.871415800855433e-01 1.570250616036285e-01;
-2.661220039948881e-01 -6.564455762306174e-01;
3.960305343352973e-01 1.855547417683890e-01;
9.607355015304471e-01 -1.982542120294799e+00;
1.517584587806267e+00 1.076893084064242e+00;

1.169695078639878e+00 -4.125363852764414e-01;
-1.530487259659273e+00 7.503408388124309e-01;
-7.909981360422422e-01 8.415883184979012e-02;
1.854447208973195e+00 -1.941687186954889e-01;
9.607355015304471e-01 -1.982542120294799e+00;
1.517584587806267e+00 1.076893084064242e+00;

1.342247219593003e+00 -8.092465130757401e-01;
-2.055804038631254e+00 -7.994312266789422e-01;
9.565083742783163e-01 -8.829867573986591e-02;
2.068029972916652e+00 -1.101763283867048e-01;
9.607355015304471e-01 -1.982542120294799e+00;
1.517584587806267e+00 1.076893084064242e+00;

-2.535420731326371e-01 9.615732247123628e-01;
-5.721470873504045e-02 -1.980719332598584e-01;
7.880931436543200e-01 -5.228566759767959e-01;
-1.381242685380671e-01 -2.504925720306408e-01;
9.607355015304471e-01 -1.982542120294799e+00;
1.517584587806267e+00 1.076893084064242e+00;

1.578367208721160e+00 1.526998592775493e+00;
-2.944465993599092e-01 -1.859809924137763e+00;
5.279729672448029e-01 -2.529769761435079e-01;
5.057300380303523e-01 1.406751357034038e+00;
9.607355015304471e-01 -1.982542120294799e+00;
1.517584587806267e+00 1.076893084064242e+00;

5.428243799149076e-01 4.911199474545769e-01;
7.144307952864887e-02 8.712876087082412e-02;
6.789025506516847e-01 2.186432205966495e-01;
4.938370489713430e-02 2.051423440918741e-01;
6.160997843479640e-01 -7.132316857337725e-01;
7.939226118434418e-01 -1.016326171036512e-02;

1.855390787063197e-01 1.010139598842110e+00;
-5.764236870535494e-01 3.200701082632643e-01;
3.087501888822609e-01 1.773115844438499e-01;
-2.874574632777505e-01 -9.191392510084481e-01;
6.160997843479640e-01 -7.132316857337725e-01;
7.939226118434418e-01 -1.016326171036512e-02;

6.253527160029005e-01 4.564633151895020e-01;
1.667749435534453e-01 1.089655638775143e-01;
7.199918757653968e-01 2.519750258278649e-01;
3.430452204761960e-03 3.654082924938800e-01;
6.160997843479640e-01 -7.132316857337725e-01;
7.939226118434418e-01 -1.016326171036512e-02;

-1.440243661059000e-01 6.979262957618857e-01;
3.353349711714452e-01 5.628814307137224e-01;
-3.255201361541893e-02 -1.134025360030667e-01;
2.052444053483656e-01 -1.294278159078446e-01;
6.160997843479640e-01 -7.132316857337725e-01;
7.939226118434418e-01 -1.016326171036512e-02;

-3.523840702309294e-01 9.885392563686156e-01;
-4.441590140142122e-01 -2.961205103258546e-01;
4.524712818675319e-02 6.679066199892289e-02;
6.834489224267781e-01 -1.278419112298263e+00;
6.160997843479640e-01 -7.132316857337725e-01;
7.939226118434418e-01 -1.016326171036512e-02;

-2.079120793358215e-01 5.515698929283124e-01;
8.430531806823165e-01 4.601066958133972e-01;
-1.194680901151696e-01 -1.247310432506030e-01;
5.368106776572893e-01 3.166244709976853e-01;
6.160997843479640e-01 -7.132316857337725e-01;
7.939226118434418e-01 -1.016326171036512e-02;

-8.696940141812311e-02 1.989330756300507e-01;
-4.368322870188789e-02 6.009579989439454e-01;
3.778888824686386e-01 -4.791080332085283e-01;
3.773015186415527e-01 6.340186536084577e-02;
6.160997843479640e-01 -7.132316857337725e-01;
7.939226118434418e-01 -1.016326171036512e-02;

-1.323464636789553e-01 4.183553738389144e-01;
1.696444616535036e-01 7.148205296603406e-02;
2.604351162275887e-01 -1.759476798124688e-01;
7.143028158579495e-01 -1.035602129959148e-01;
6.160997843479640e-01 -7.132316857337725e-01;
7.939226118434418e-01 -1.016326171036512e-02;

-4.372573547753998e-01 1.519658147831466e-01;
8.131370076402700e-01 8.776580891385118e-01;
-1.121757413136393e-01 -6.301572114936136e-01;
6.775159457367604e-01 5.750472101272133e-01;
6.160997843479640e-01 -7.132316857337725e-01;
7.939226118434418e-01 -1.016326171036512e-02;

-7.532994985906049e-03 1.010301156000914e+00;
9.264312194667254e-01 1.124242505041397e+00;
6.748917100253250e-01 6.885204359763172e-01;
-1.421943711681631e+00 -3.149588227864080e-01;
6.160997843479640e-01 -7.132316857337725e-01;
7.939226118434418e-01 -1.016326171036512e-02;

-9.668240858521975e-02 -1.115188677120320e+00;
1.766768656742030e+00 1.113875725425347e+00;
1.271620166294149e+00 6.439722882354345e-01;
4.945858556605185e-01 9.411432549771976e-01;
6.160997843479640e-01 -7.132316857337725e-01;
7.939226118434418e-01 -1.016326171036512e-02;

-3.346545293132742e-01 3.076316116294794e-01;
1.207717856240379e+00 1.003281986004525e+00;
8.694365721579612e-01 5.901140398459234e-01;
-6.015243423377125e-01 -1.602526075075099e-01;
6.160997843479640e-01 -7.132316857337725e-01;
7.939226118434418e-01 -1.016326171036512e-02;

-5.827286911883659e-01 1.381512378985268e+00;
1.346020051610683e+00 -3.492613537296143e-02;
-9.872217188204730e-01 -9.388973660454806e-01;
8.941147752737907e-01 9.340438344955528e-01;
6.160997843479640e-01 -7.132316857337725e-01;
7.939226118434418e-01 -1.016326171036512e-02;

-1.679946065316265e-01 -1.117217642423200e+00;
1.734619857773495e+00 1.008521661746047e+00;
1.108467833266213e+00 6.564952170412689e-01;
7.696798571828704e-01 8.244022429322593e-01;
6.160997843479640e-01 -7.132316857337725e-01;
7.939226118434418e-01 -1.016326171036512e-02;

-7.128850985690046e-01 9.695213094596699e-01;
1.485789958659450e+00 9.367722394741146e-02;
-5.452165374018588e-01 -8.583742773238850e-01;
8.667168893073531e-01 9.269952468640311e-01;
6.160997843479640e-01 -7.132316857337725e-01;
7.939226118434418e-01 -1.016326171036512e-02;

-4.105063763780106e-01 1.538039387576074e+00;
9.285297850655903e-01 -7.146909074086771e-02;
-1.376617494246619e+00 -2.506181863219478e-01;
1.102039325280898e+00 6.399575810468441e-02;
6.160997843479640e-01 -7.132316857337725e-01;
7.939226118434418e-01 -1.016326171036512e-02;

-2.300031370347453e-01 -1.245599081667807e+00;
1.891950903739521e+00 8.545595163858154e-01;
9.361487587975236e-01 3.785683817308496e-01;
1.229879666171985e+00 1.205042534123566e+00;
6.160997843479640e-01 -7.132316857337725e-01;
7.939226118434418e-01 -1.016326171036512e-02;

-4.231456997893485e-01 1.050914562508472e+00;
1.110787144136248e+00 7.438910633952812e-02;
-9.643113485753925e-01 -1.777502461792553e-01;
1.142332793328277e+00 2.604807902971913e-01;
6.160997843479640e-01 -7.132316857337725e-01;
7.939226118434418e-01 -1.016326171036512e-02;

4.435933745084040e-01 4.812242534205628e-01;
4.213216151062175e-02 2.618458940201981e-01;
6.317973530316774e-01 2.588544833654893e-01;
-2.602323877500416e-02 1.377607811203723e-02;
6.160997843479640e-01 -7.132316857337725e-01;
7.939226118434418e-01 -1.016326171036512e-02;

4.410037853762558e-01 1.998271337706355e-01;
1.314656174373691e-01 9.983724297752434e-01;
5.760575497394894e-01 5.064655181863819e-01;
-3.190066672770413e-01 -1.200670671192455e-01;
6.160997843479640e-01 -7.132316857337725e-01;
7.939226118434418e-01 -1.016326171036512e-02;

2.621243832723150e-01 3.816263874183919e-01;
5.468147848438429e-01 4.695670668374565e-01;
7.706005364560639e-01 3.837172388936763e-01;
-2.173221042105824e-01 1.535839416790834e-01;
6.160997843479640e-01 -7.132316857337725e-01;
7.939226118434418e-01 -1.016326171036512e-02;

8.428297085692876e-01 -5.810355376666153e-02;
-1.430330987686199e+00 8.981237254540934e-01;
9.126714002168359e-01 1.571161923599021e+00;
-2.336503813566136e-01 -2.018415660779870e+00;
6.160997843479640e-01 -7.132316857337725e-01;
7.939226118434418e-01 -1.016326171036512e-02;

5.477741579397006e-01 1.018468127797838e-01;
4.151533694372776e-02 1.142083896364906e+00;
3.004490460095678e-01 7.472570990336836e-01;
-9.243292980872593e-02 -2.881615326280682e-01;
6.160997843479640e-01 -7.132316857337725e-01;
7.939226118434418e-01 -1.016326171036512e-02;

6.411331729411395e-01 1.403858012389721e-01;
-1.809024671500890e-01 7.520720534419626e-01;
2.242646537211117e-01 1.046616495796343e+00;
2.848071716809353e-01 -6.495765478854789e-01;
6.160997843479640e-01 -7.132316857337725e-01;
7.939226118434418e-01 -1.016326171036512e-02;

6.360146420807032e-01 4.979379716706537e-01;
-3.356934391358404e-01 -3.532757704292343e-03;
3.521833546378060e-01 5.253800901101530e-01;
4.412106867246638e-01 -3.431926425875368e-01;
6.160997843479640e-01 -7.132316857337725e-01;
7.939226118434418e-01 -1.016326171036512e-02;

6.685854541182792e-01 3.298914394845483e-01;
-1.656609149975628e-01 9.224545676792312e-01;
9.492633242948795e-03 1.640550685367306e-01;
9.531138305300833e-02 1.778522122648095e-01;
6.160997843479640e-01 -7.132316857337725e-01;
7.939226118434418e-01 -1.016326171036512e-02;

5.995367065157574e-01 4.296066403762729e-01;
-1.188949187971540e-02 2.733248075032354e-01;
1.287402345520469e-01 4.961533886064622e-01;
4.682649090360450e-01 -6.148374623680363e-02;
6.160997843479640e-01 -7.132316857337725e-01;
7.939226118434418e-01 -1.016326171036512e-02;

5.342679777388657e-01 -9.420950663870727e-02;
-9.670916980515727e-01 3.286576958580358e-02;
4.129302790854129e-01 -2.922301385203337e-02;
1.115084277399020e+00 -3.624338733991951e-01;
6.160997843479640e-01 -7.132316857337725e-01;
7.939226118434418e-01 -1.016326171036512e-02;

-2.007831907286580e-01 5.147253820714902e-01;
1.335338197251247e-01 1.734576832884325e-01;
6.213055283195957e-01 1.525728484961965e-01;
1.859289317312990e-01 -5.647989489069872e-01;
6.160997843479640e-01 -7.132316857337725e-01;
7.939226118434418e-01 -1.016326171036512e-02;

1.985740928640221e+00 2.258448889928303e+00;
-1.220709038063390e-01 -3.067460684119097e+00;
1.017988180674054e+00 -5.539030730222563e-01;
1.617155296409367e-01 2.221295189504839e+00;
6.160997843479640e-01 -7.132316857337725e-01;
7.939226118434418e-01 -1.016326171036512e-02;

1.366116394115015e-02 6.714703651992107e-01;
1.145018942649439e-01 4.946026398681921e-01;
-2.663139387693525e-02 1.349633027242959e-01;
2.691745111548655e-01 -3.705187911614759e-01;
6.160997843479640e-01 -7.132316857337725e-01;
7.939226118434418e-01 -1.016326171036512e-02;

-2.109250909774222e-02 3.349895322949528e-01;
8.818867749945720e-02 4.049577009711252e-01;
3.110907144321448e-01 3.938077742530576e-01;
4.395878194075866e-01 -5.908604884542855e-01;
6.160997843479640e-01 -7.132316857337725e-01;
7.939226118434418e-01 -1.016326171036512e-02;

3.594129659933099e-01 4.829218539430793e-01;
1.989521680636224e-01 4.260539963023230e-01;
-1.528412879495649e-01 6.139995334368419e-01;
5.824039609456229e-01 -2.865274295433782e-01;
6.160997843479640e-01 -7.132316857337725e-01;
7.939226118434418e-01 -1.016326171036512e-02;

3.239134465098433e-01 5.597568325152724e-01;
-1.005707169258746e-01 1.352084843580063e-01;
1.343987538779206e-01 1.796292108055070e-01;
5.112573315004918e-01 -1.911766537690370e-01;
6.160997843479640e-01 -7.132316857337725e-01;
7.939226118434418e-01 -1.016326171036512e-02;

1.854092091513380e-01 6.557876136571549e-01;
-2.369982137348624e-01 2.647766676393506e-01;
5.589897862255457e-02 -1.380394704623276e-01;
3.971111933380899e-01 -2.104458854953312e-01;
6.160997843479640e-01 -7.132316857337725e-01;
7.939226118434418e-01 -1.016326171036512e-02;

5.176108616970165e-01 6.018513704226123e-01;
1.203060594158966e-01 1.486145695980570e-01;
-7.585621438486598e-02 5.019663914067432e-01;
5.862471669519264e-01 -7.754358308366872e-02;
6.160997843479640e-01 -7.132316857337725e-01;
7.939226118434418e-01 -1.016326171036512e-02;

