7.914294184526333338e-18,1.547207294694014079e+00,4.822681858905665253e-01,-1.029475480584580049e+00,-1.295192145040144054e-16,2.058950961169160987e+00,-3.566207675037762037e+00,1.423788587714960974e+00
-1.069964607547038938e-17,1.537794366410150992e+00,5.109501740665216563e-01,-1.048744540476673093e+00,-1.702751935776945907e-16,2.097489080953347074e+00,-3.632957656532146196e+00,1.305605409581547915e+00
6.573580332700058349e-18,1.537794366410152103e+00,5.109501740665216563e-01,-1.048744540476673981e+00,-1.806926431908244038e-16,2.097489080953347074e+00,-3.632957656532147972e+00,1.305605409581549026e+00
4.457028233257698179e-17,1.537794366410152103e+00,5.109501740665216563e-01,-1.048744540476673981e+00,-2.002181393851877117e-16,2.097489080953347074e+00,-3.632957656532147084e+00,1.305605409581549026e+00
-1.721057081688957054e-16,1.517048024370089010e+00,5.566014038768382077e-01,-1.073649428246927107e+00,6.867192876567563002e-16,2.147298856493852881e+00,-3.719230718481905118e+00,1.105972226582480955e+00
3.632966503464131854e-17,1.172826172309715975e+00,8.247635421783084952e-01,-9.975897144880250256e-01,-1.472734330767062046e-16,1.995179428976048941e+00,-3.455752141202779182e+00,-5.114123739471813090e-01
3.926576456008694198e-16,-3.872914300167061175e+00,1.866690238123021039e+00,3.006224062044041023e+00,-7.409152540977106428e-16,-6.012448124088072277e+00,-1.041386562879272937e+01,-1.279423931490285993e+00
-4.487375495631275789e-17,-3.872914300167062951e+00,1.866690238123041023e+00,3.006224062044020151e+00,4.270054600904929851e-16,-6.012448124088041190e+00,-1.041386562879267075e+01,-1.279423931490214938e+00
-4.086489810105913699e-17,-3.872914300167057178e+00,1.866690238123039913e+00,3.006224062044017931e+00,6.025645975404515389e-16,-6.012448124088034973e+00,-1.041386562879267075e+01,-1.279423931490214050e+00
-1.350459741548538991e-16,-3.872914300167059842e+00,1.866690238123039913e+00,3.006224062044018819e+00,3.133885908349532174e-16,-6.012448124088039414e+00,-1.041386562879267075e+01,-1.279423931490212940e+00
-5.348800185749609827e-17,-3.872914300167059842e+00,1.866690238123041023e+00,3.006224062044017931e+00,3.161644936061854046e-16,-6.012448124088036749e+00,-1.041386562879267075e+01,-1.279423931490212940e+00
-3.272262032899908871e-16,-5.260422562639550215e+00,2.301521655058468063e+00,3.958900907581083040e+00,3.430383429670444003e-15,-7.917801815162167856e+00,-1.371403502812196074e+01,-2.548140242716545156e+00
-1.555947387031400004e-16,-5.260422562639545774e+00,2.301521655058475169e+00,3.958900907581071049e+00,6.215582213438209150e-16,-7.917801815162142987e+00,-1.371403502812191988e+01,-2.548140242716509185e+00
-4.946467806829057298e-17,-5.260422562639546662e+00,2.301521655058475169e+00,3.958900907581071049e+00,6.048726067906427938e-16,-7.917801815162142987e+00,-1.371403502812190922e+01,-2.548140242716511850e+00
-1.291703717292027983e-17,-5.260422562639665678e+00,2.301521655058499150e+00,3.958900907581166972e+00,4.141138309046206015e-15,-7.917801815162333057e+00,-1.371403502812223962e+01,-2.548140242716665949e+00
-4.443251910276099957e-17,-5.260422562639943678e+00,2.301521655058579974e+00,3.958900907581362816e+00,6.905759093157648279e-15,-7.917801815162723855e+00,-1.371403502812291997e+01,-2.548140242716938175e+00
-1.364792505205348115e-16,-5.909704901608535899e+00,2.507530092765938079e+00,4.402174808842596931e+00,7.121148677889481730e-16,-8.804349617685195639e+00,-1.524958086543037972e+01,-3.133070758860061034e+00
-5.513763181116259188e-17,-5.909704901608668237e+00,2.507530092765969165e+00,4.402174808842699072e+00,4.604974785214168921e-15,-8.804349617685396368e+00,-1.524958086543072966e+01,-3.133070758860220018e+00
4.729311991946708900e-16,-5.909704901608923144e+00,2.507530092766041996e+00,4.402174808842879372e+00,2.588393434855074037e-15,-8.804349617685749863e+00,-1.524958086543134961e+01,-3.133070758860470040e+00
-1.045700756274884024e-16,-6.350351568445302242e+00,2.647888397027842178e+00,4.702463171417461396e+00,4.986033312300401902e-16,-9.404926342834922792e+00,-1.628981026723304026e+01,-3.528148664041938165e+00
-1.697424722125062909e-15,2.041356707514073998e-01,2.660272501734926021e+00,-1.864408172486331949e+00,1.449009407743631960e-15,-7.457632689945326021e+00,-2.037837732121844153e-15,-8.165426830056327079e-01
-1.580152649376897916e-16,-7.087225723273017586e+00,2.883329555533998168e+00,5.203896167739021195e+00,8.950882976275322108e-16,-1.040779233547804949e+01,-1.802682511967391932e+01,-4.186304876246291329e+00
9.515498822758837016e-19,-7.087225723273115285e+00,2.883329555534020816e+00,5.203896167739096690e+00,2.467961235155023935e-15,-1.040779233547818983e+01,-1.802682511967417867e+01,-4.186304876246405904e+00
-4.336273767166469083e-17,-7.087225723273165912e+00,2.883329555534035027e+00,5.203896167739130441e+00,4.465987827086949883e-15,-1.040779233547826088e+01,-1.802682511967429946e+01,-4.186304876246452977e+00
-1.992602019505941944e-16,-7.743301857030812307e+00,3.093533685194065797e+00,5.649768171836745623e+00,6.846854387285667692e-16,-1.129953634367348947e+01,-1.957137104921356041e+01,-4.770288678697809814e+00
-7.696926315113666860e-17,-7.743301857030814972e+00,3.093533685194067129e+00,5.649768171836747399e+00,9.565691790116872810e-16,-1.129953634367350013e+01,-1.957137104921356041e+01,-4.770288678697811591e+00
-1.442039229368440917e-16,-7.743301857030951751e+00,3.093533685194103988e+00,5.649768171836847763e+00,3.179326685094127020e-15,-1.129953634367370086e+01,-1.957137104921390858e+01,-4.770288678697957252e+00
-6.755226916605305006e-17,-7.743301857031259949e+00,3.093533685194199023e+00,5.649768171837059150e+00,5.641046296909740255e-15,-1.129953634367412008e+01,-1.957137104921465109e+01,-4.770288678698245910e+00
-1.533376989535427023e-15,-5.297633547857694830e-02,3.592256425172177803e+00,-2.539280089693598974e+00,2.083204178822937927e-15,-1.015712035877439945e+01,-7.778803207356544776e-16,2.119053419143067107e-01
-7.864487548097012226e-01,-2.440334381625822946e+00,4.226783136433102328e+00,2.428098820087419833e-12,7.691649104761899792e-13,2.367129284838011039e-12,-4.096867165601942310e-12,9.761337526503277573e+00
-2.781271885028666994e-16,-4.063826511513545237e-01,4.672975974632223028e+00,-3.266593323480868172e+00,-2.511869089746098915e-17,-1.306637329392346913e+01,-8.461353113079126806e-16,1.625530604605416984e+00
-2.721633916115380094e-16,-4.063826511513550788e-01,4.672975974632223917e+00,-3.266593323480869060e+00,-8.680805468982817969e-17,-1.306637329392346913e+01,-8.713885713978520642e-16,1.625530604605418983e+00
-1.024145305409006057e-16,-4.063826511513546902e-01,4.672975974632223028e+00,-3.266593323480868172e+00,3.106626381226562293e-17,-1.306637329392346913e+01,-3.151827214497713860e-17,1.625530604605418983e+00
-1.308362502939357075e+00,-3.153281820151470960e+00,5.461644323085605990e+00,5.217548495335322599e-12,2.084360701239844194e-12,4.960465921320186714e-12,-8.700481045602573266e-12,1.261312728060588029e+01
-1.308362502939212968e+00,-3.153281820154278048e+00,5.461644323090473208e+00,3.020633843880702031e-12,1.213091065898419082e-12,2.753588112101506047e-12,-5.111623778939696611e-12,1.261312728061711042e+01
-1.308362502959226070e+00,-3.153281820174715033e+00,5.461644323125851130e+00,8.080799833605602542e-12,3.197311641851781825e-12,7.604408957086408352e-12,-1.352418273193476943e-11,1.261312728069884059e+01
1.065666981601612039e-15,-3.424614325676973881e+00,5.661413413164276598e+00,-1.236799087487304050e+00,8.182812779484204115e-16,2.473598174974615205e+00,4.284397716565673697e+00,1.276248269715097017e+01
-2.618361688780917927e-15,-9.130667224785586900e-01,6.021258965335512414e+00,-4.108192242856950394e+00,1.565777816896122020e-15,-1.643276897142780157e+01,-6.342864577927263091e-15,3.652266889914224102e+00
-3.940901368189258787e-16,-9.130667224785731229e-01,6.021258965335546165e+00,-4.108192242856972598e+00,2.229455799918030003e-17,-1.643276897142789039e+01,-1.523024625397482951e-15,3.652266889914289827e+00
-1.865003938631391966e-16,-9.130667224785737890e-01,6.021258965335547053e+00,-4.108192242856974374e+00,5.653841446093556577e-17,-1.643276897142789039e+01,-8.719735517335842567e-16,3.652266889914292936e+00
-2.241247210105958212e-16,-9.130667224785740110e-01,6.021258965335547941e+00,-4.108192242856972598e+00,1.114298085138566112e-16,-1.643276897142790105e+01,-1.146830828587211047e-15,3.652266889914293824e+00
-1.750865510182431983e-15,-9.130667224786299663e-01,6.021258965335769986e+00,-4.108192242857138687e+00,2.755694372984603188e-15,-1.643276897142855830e+01,-9.686830296433165826e-16,3.652266889914518089e+00
-2.228879609563743859e-15,-9.130667224786666036e-01,6.021258965335899660e+00,-4.108192242857232834e+00,3.718920953023022982e-15,-1.643276897142893134e+01,-4.873779039471168417e-16,3.652266889914665970e+00
-3.541355143966701972e-15,-9.130667224787275549e-01,6.021258965336103941e+00,-4.108192242857372278e+00,5.309176178392712391e-15,-1.643276897142948911e+01,-3.265073421637267988e-15,3.652266889914904890e+00
-4.348095755299100326e-15,-3.252323062086647010e+00,6.399488897701573364e+00,-2.147165835614921026e+00,2.287792620677485941e-15,-8.588663342459696537e+00,-7.463068278550301158e-15,1.300929224834657916e+01
-6.876201979496012969e-15,-3.252323062086743821e+00,6.399488897701763435e+00,-2.147165835615013840e+00,3.965305320564193114e-15,-8.588663342460067796e+00,-9.138186566265541269e-15,1.300929224834696996e+01
7.392225911337493513e-16,-3.975831276317622009e+00,6.520442644684941946e+00,-1.544611368367319937e+00,5.656110587887019511e-16,3.089222736734646979e+00,5.350690735921374674e+00,1.463581334423096081e+01
3.814588592817692118e-16,-3.975831276317622009e+00,6.520442644684943723e+00,-1.544611368367321047e+00,3.588809267981749138e-16,3.089222736734643870e+00,5.350690735921374674e+00,1.463581334423096081e+01
-3.664232821456939188e-16,-3.756282631305304154e+00,7.805090132784312296e+00,-3.048807501479009918e+00,7.872723362639762927e-17,-1.219523000591603967e+01,-2.475509433447821082e-15,1.502513052522120951e+01
-3.967805148584990774e-16,-3.756282631305305042e+00,7.805090132784311407e+00,-3.048807501479008142e+00,8.244697474176834595e-17,-1.219523000591603079e+01,-2.090297707385171123e-15,1.502513052522120951e+01
-2.871083617303997197e-16,-3.756282631305304154e+00,7.805090132784311407e+00,-3.048807501479009030e+00,-3.100774615815873305e-17,-1.219523000591603079e+01,-7.479832984868693072e-16,1.502513052522120951e+01
-3.631211346683267008e-16,-3.756282631305305042e+00,7.805090132784313184e+00,-3.048807501479009030e+00,9.572214779804450670e-17,-1.219523000591603967e+01,1.172775770012733073e-15,1.502513052522122017e+01
-5.312838862514311093e-16,-3.756282631305305930e+00,7.805090132784314072e+00,-3.048807501479008142e+00,-1.015762819994556956e-16,-1.219523000591603079e+01,-2.085069953214127956e-15,1.502513052522122017e+01
-3.007302361524405015e-16,-3.756282631305305042e+00,7.805090132784314072e+00,-3.048807501479008142e+00,-2.264710020632747903e-17,-1.219523000591603079e+01,-9.487473958237961625e-16,1.502513052522122017e+01
9.253285444794581568e-16,-3.975831276317625118e+00,6.520442644684947275e+00,-1.544611368367321935e+00,6.793792042470070742e-16,3.089222736734646979e+00,5.350690735921380892e+00,1.463581334423096969e+01
-6.182435304039881132e-16,-3.756282631305305042e+00,7.805090132784313184e+00,-3.048807501479005921e+00,-1.003578364718163963e-16,-1.219523000591602013e+01,-4.973510251586429835e-16,1.502513052522122017e+01
-1.405864803709955028e-14,-3.252323062086745153e+00,6.399488897701755441e+00,-2.147165835614996965e+00,4.503485488467242632e-15,-8.588663342460053585e+00,-3.881141246438794930e-14,1.300929224834696996e+01
-7.483335698327375972e-17,-3.083657155833190000e+00,1.625915195771749033e+00,2.457741960061440967e+00,1.758377197183541052e-16,-4.915483920122881045e+00,-8.513867893440668411e+00,-5.349788559164447843e-01
-1.539612347367931970e-16,-5.909704901608540339e+00,2.507530092765939855e+00,4.402174808842599596e+00,4.705650287358582681e-16,-8.804349617685199192e+00,-1.524958086543039038e+01,-3.133070758860061034e+00
-3.213921236952217101e-15,-9.130667224786862546e-01,6.021258965335971602e+00,-4.108192242857282572e+00,4.597998832594832108e-15,-1.643276897142913029e+01,-3.650174842520515338e-15,3.652266889914740133e+00
-2.030002968219331948e-16,-4.063826511513545792e-01,4.672975974632223028e+00,-3.266593323480866840e+00,-6.869792588376507868e-17,-1.306637329392346913e+01,-6.333506278609788180e-16,1.625530604605416984e+00
3.206639246362040869e-17,1.537794366410152103e+00,5.109501740665214342e-01,-1.048744540476673093e+00,-1.432426637397122924e-16,2.097489080953347074e+00,-3.632957656532144863e+00,1.305605409581549026e+00
-7.741476699264360508e-17,-3.872914300167061175e+00,1.866690238123041023e+00,3.006224062044018819e+00,2.158547519000337902e-16,-6.012448124088039414e+00,-1.041386562879267075e+01,-1.279423931490214938e+00
-3.174925013007040950e-15,2.041356707514045132e-01,2.660272501734953110e+00,-1.864408172486353932e+00,2.760831476941423831e-15,-7.457632689945412174e+00,-4.408429177211426277e-15,-8.165426830056250473e-01
5.338560665163508773e-16,-3.975831276317622009e+00,6.520442644684943723e+00,-1.544611368367321047e+00,4.367516224561893779e-16,3.089222736734646091e+00,5.350690735921377339e+00,1.463581334423096081e+01
6.040843502547763873e-16,-3.424614325676976989e+00,5.661413413164281039e+00,-1.236799087487304938e+00,4.582967552391615883e-16,2.473598174974613872e+00,4.284397716565678138e+00,1.276248269715098083e+01
-1.156303511465869059e-15,-3.252323062086674099e+00,6.399488897701615997e+00,-2.147165835614942786e+00,2.489978419074491990e-15,-8.588663342459753380e+00,9.877404165337429698e-15,1.300929224834668929e+01
-8.273316962188482928e-17,-3.083657155833190000e+00,1.625915195771749922e+00,2.457741960061440967e+00,4.084950137823505862e-16,-4.915483920122881933e+00,-8.513867893440670187e+00,-5.349788559164448953e-01
4.714291408573179293e-17,1.537794366410152103e+00,5.109501740665217673e-01,-1.048744540476673981e+00,-1.894650867073370043e-16,2.097489080953347074e+00,-3.632957656532148860e+00,1.305605409581549026e+00
-3.861371701609225324e-15,-4.063826511513795037e-01,4.672975974632376683e+00,-3.266593323480992073e+00,4.197447262151597706e-15,-1.306637329392397007e+01,-4.848883435818112054e-15,1.625530604605510021e+00
5.175290852148404668e-16,-3.424614325676976989e+00,5.661413413164281927e+00,-1.236799087487304050e+00,4.074033694235470999e-16,2.473598174974612096e+00,4.284397716565674585e+00,1.276248269715098083e+01
-7.848315989151364768e-17,2.393631144156377122e+00,-3.159185983012613885e+00,1.765554838856236985e+00,-1.487934549675766996e-16,-3.531109677712477968e+00,-6.116061368896169803e+00,-6.156478977961797661e+00
-1.467591088631119107e-16,2.393631144156375790e+00,-3.159185983012612997e+00,1.765554838856236985e+00,-2.574565663032297933e-16,-3.531109677712476191e+00,-6.116061368896169803e+00,-6.156478977961797661e+00
1.696952092838351033e-15,2.393631144156418866e+00,-3.159185983012701815e+00,1.765554838856280950e+00,-2.575734056199338964e-15,-3.531109677712550798e+00,-6.116061368896312800e+00,-6.156478977962018817e+00
2.778288437829302016e+00,2.429187181333745116e+00,-4.207475619165080616e+00,2.030953879534807843e-12,1.707876328698887034e-12,1.567197374101460041e-12,-2.638030173542289978e-12,-9.716748725334973358e+00
2.778288437828723811e+00,2.429187181334595103e+00,-4.207475619166546110e+00,3.226877670856340049e-12,2.693654342573563196e-12,2.513924692972927165e-12,-4.279971029142877324e-12,-9.716748725338369752e+00
2.778288437832002966e+00,2.429187181335672907e+00,-4.207475619168429049e+00,7.559307334606815956e-13,5.920185018252682085e-13,6.145059364367363167e-13,-1.027763063630253052e-12,-9.716748725342707615e+00
-2.368934646069815167e-16,2.834753050229194216e+00,-3.852861664326209912e+00,2.018108614097016140e+00,-4.428250615311793042e-16,-4.036217228194032280e+00,-6.990933309616888636e+00,-7.677198213836373242e+00
5.200902645150880773e-16,2.834753050229414928e+00,-3.852861664326582947e+00,2.018108614097165798e+00,-9.659701765471455658e-15,-4.036217228194327156e+00,-6.990933309617403779e+00,-7.677198213837220564e+00
-4.121538755233214934e-16,3.089401173857981853e+00,-4.251480211434667922e+00,2.162079037576686957e+00,-6.388955037443258115e-15,-4.324158075153383685e+00,-7.489661486124894907e+00,-8.548757119441075858e+00
-7.753060778069529313e+00,3.203842605634731111e+00,5.549218172413209693e+00,2.158366128953715892e-11,-2.118884069026030009e-11,8.701410162938117212e-12,1.517195783139429946e-11,-1.281537042253892977e+01
-7.753060778055553826e+00,3.203842605635506047e+00,5.549218172414563277e+00,5.482714986972276361e-12,-5.380828913916621098e-12,2.182302197328735079e-12,3.875928983479351960e-12,-1.281537042254202952e+01
-7.753060778056880764e+00,3.203842605636292973e+00,5.549218172415915973e+00,4.672066209552047990e-12,-4.588495087059583352e-12,1.867309549856731944e-12,3.307622003369564997e-12,-1.281537042254512926e+01
-7.753060778056782176e+00,3.203842605638052010e+00,5.549218172418938444e+00,-2.082006254579057036e-13,2.097198182687842055e-13,-9.657716954156555947e-14,-1.288246966976602927e-13,-1.281537042255209080e+01
-7.753060778071814596e+00,3.203842605639081853e+00,5.549218172420751216e+00,1.197460135015318054e-11,-1.175062142491968016e-11,4.836600110064050308e-12,8.425705330997891649e-12,-1.281537042255627945e+01
-7.753060778041951373e+00,3.203842605639651175e+00,5.549218172421732653e+00,-1.941864557631028976e-11,1.907041456186597084e-11,-7.906460696618282715e-12,-1.360377043340739079e-11,-1.281537042255856917e+01
-7.753060778045902879e+00,3.203842605653754116e+00,5.549218172446147790e+00,-5.399795013961871714e-11,5.304007551652591202e-11,-2.197529473390922155e-11,-3.794973928404262314e-11,-1.281537042261500936e+01
3.491235876352686951e+00,3.403091493925725075e+00,-5.894327370284844214e+00,6.436976174330501616e-12,5.226669639176690836e-12,5.095834030047001722e-12,-8.832395986519357102e-12,-1.361236597570291984e+01
3.491235876364395807e+00,3.403091493929180977e+00,-5.894327370290829649e+00,-2.747605449837415026e-12,-2.234334796791768055e-12,-2.174349471493480025e-12,3.761751346620781983e-12,-1.361236597571675055e+01
-2.152791448257784920e-16,3.637964653714838015e+00,-5.107263852509886348e+00,2.469299198795049222e+00,-3.616132841500780788e-16,-4.938598397590098443e+00,-8.553903342804291654e+00,-1.041615165298449952e+01
-3.827855211203210014e-16,3.637964653714841123e+00,-5.107263852509889013e+00,2.469299198795050110e+00,-6.515596559927713359e-16,-4.938598397590103772e+00,-8.553903342804298759e+00,-1.041615165298449952e+01
-8.793016108192726920e-16,3.637964653714972130e+00,-5.107263852510103952e+00,2.469299198795134043e+00,-8.601455865709848499e-15,-4.938598397590278744e+00,-8.553903342804597187e+00,-1.041615165298497914e+01
1.529948512769088948e-15,3.821940117662188996e+00,-5.393618035934050425e+00,2.571677918271859209e+00,-2.259807393355314951e-15,-5.143355836543700654e+00,-8.908553630299632431e+00,-1.104016071439088975e+01
-9.742603961239977295e+00,3.932065952610860116e+00,6.810538008633690410e+00,-4.575628360330880227e-12,4.472566128121014631e-12,-1.820782039225790984e-12,-3.101231515149470982e-12,-1.572826381044336053e+01
-9.742603961290544845e+00,3.932065952615043880e+00,6.810538008640959262e+00,3.455192769613643733e-11,-3.376071592367205889e-11,1.358625579468115950e-11,2.359882433415057918e-11,-1.572826381046017019e+01
-9.742603961238060606e+00,3.932065952615419135e+00,6.810538008641639607e+00,-1.900191485210902070e-11,1.857767805741021123e-11,-7.528178861889935403e-12,-1.296309885181123000e-11,-1.572826381046172983e+01
-9.742603961226897979e+00,3.932065952616945914e+00,6.810538008644262398e+00,-3.430533450612252005e-11,3.353614475483867098e-11,-1.356383398703378018e-11,-2.342739773305261903e-11,-1.572826381046774991e+01
-9.742603961260112300e+00,3.932065952618276850e+00,6.810538008646570773e+00,-4.736984418179034344e-12,4.631737971145014678e-12,-1.909428044192334181e-12,-3.209547325951537869e-12,-1.572826381047313049e+01
-9.742603961258499368e+00,3.932065952620888094e+00,6.810538008651078279e+00,-1.345999615188635045e-11,1.316185176130986028e-11,-5.347820593665569685e-12,-9.178431099199503967e-12,-1.572826381048350086e+01
-9.742603961296612880e+00,3.932065952622020077e+00,6.810538008653072239e+00,2.151896201175085888e-11,-2.102353861041144075e-11,8.429178269222020687e-12,1.469493553623060031e-11,-1.572826381048814071e+01
-9.742603961253019307e+00,3.932065952629935968e+00,6.810538008666758181e+00,-4.365859359633572249e-11,4.268155999662605038e-11,-1.726313571116301020e-11,-2.981933505443723835e-11,-1.572826381051974920e+01
9.174416491835337683e-16,4.079843016781643072e+00,-5.794622061353133624e+00,2.714779044571489219e+00,-2.173680207496216834e-15,-5.429558089142969557e+00,-9.404270473042217304e+00,-1.191347360828297042e+01
4.013149624500240265e+00,4.116038932449719745e+00,-7.129188556934484389e+00,-1.547707740298639084e-11,-1.221755683479034987e-11,-1.247200804924012068e-11,2.166504158856508920e-11,-1.646415572979883990e+01
4.013149624486803013e+00,4.116038932452820376e+00,-7.129188556939842769e+00,2.172853920801555105e-13,1.575249827971801121e-13,2.037286600427251057e-13,-2.824060555795205863e-13,-1.646415572981124953e+01
4.013149624483654421e+00,4.116038932454794796e+00,-7.129188556943271138e+00,4.804833043990060673e-12,3.752578489612437617e-12,3.920665029597304701e-12,-6.729468508523774654e-12,-1.646415572981917919e+01
4.013149624495241596e+00,4.116038932455040822e+00,-7.129188556943693911e+00,-6.572635835090956597e-12,-5.203012554543348805e-12,-5.270604170212537679e-12,9.208209016696121887e-12,-1.646415572982018105e+01
4.013149624490832679e+00,4.116038932455652777e+00,-7.129188556944756172e+00,-1.733470405116412096e-12,-1.403775860932948069e-12,-1.360619313071739040e-12,2.411642468003280092e-12,-1.646415572982257913e+01
4.013149624498039358e+00,4.116038932471231426e+00,-7.129188556971723045e+00,2.451781257851182153e-12,1.896672212842636850e-12,2.019538984205457070e-12,-3.439983446791231121e-12,-1.646415572988493992e+01
-8.889406106584437513e-16,4.186961909944272975e+00,-5.961053534105834828e+00,2.774091624161560965e+00,-5.496363728617852739e-15,-5.548183248323129924e+00,-9.609735275798190202e+00,-1.227577135553008958e+01
-2.744701347922067172e-16,4.186961909944280080e+00,-5.961053534105839269e+00,2.774091624161560077e+00,-4.465372730993588181e-16,-5.548183248323120154e+00,-9.609735275798175991e+00,-1.227577135553010024e+01
-5.288436023075572568e-16,4.186961909944376004e+00,-5.961053534105997365e+00,2.774091624161623137e+00,-5.444123386199329672e-15,-5.548183248323248939e+00,-9.609735275798398035e+00,-1.227577135553046084e+01
-9.210691379588653545e-16,4.186961909944464821e+00,-5.961053534106138585e+00,2.774091624161675096e+00,-7.733455146209772756e-15,-5.548183248323356409e+00,-9.609735275798577447e+00,-1.227577135553075927e+01
-1.002640762307010055e-16,4.634371069618261174e+00,-6.655550587332414558e+00,3.021179517714153828e+00,-1.748934558058130943e-16,-6.042359035428310321e+00,-1.046567284693471045e+01,-1.378676139997273076e+01
-8.309055224329329627e-16,4.634371069618518746e+00,-6.655550587332827561e+00,3.021179517714310148e+00,-6.971761782255928393e-15,-6.042359035428621183e+00,-1.046567284693525046e+01,-1.378676139997364025e+01
-5.257958527885742720e-17,4.634371069618547168e+00,-6.655550587332876411e+00,3.021179517714327023e+00,-5.154969212388664875e-15,-6.042359035428651381e+00,-1.046567284693530020e+01,-1.378676139997375039e+01
-5.305358665912220739e-16,5.188045031506158367e+00,-7.513867087681379786e+00,3.325822056175223196e+00,-7.882987057686880030e-16,-6.651644112350448168e+00,-1.152098555645735978e+01,-1.565270905135517054e+01
-6.305918209193021375e-16,5.741351166565575426e+00,-8.370704295906888248e+00,3.629353129341314155e+00,-8.191399666939708589e-16,-7.258706258682631862e+00,-1.257244803725651039e+01,-1.751426793816045091e+01
-7.713910181439520003e-16,5.741351166565573649e+00,-8.370704295906882919e+00,3.629353129341314155e+00,-1.190715723349752024e-15,-7.258706258682630974e+00,-1.257244803725651039e+01,-1.751426793816044025e+01
-4.510287748097105564e-16,5.741351166565682895e+00,-8.370704295907064107e+00,3.629353129341381212e+00,-2.846930459203070046e-15,-7.258706258682762424e+00,-1.257244803725673954e+01,-1.751426793816084171e+01
-4.655213277811662740e-16,5.741351166565874742e+00,-8.370704295907360759e+00,3.629353129341489126e+00,-4.385005450155421242e-15,-7.258706258682980916e+00,-1.257244803725711080e+01,-1.751426793816148120e+01
3.491235876355851975e+00,3.403091493926821087e+00,-5.894327370286726264e+00,4.040563256637109180e-12,3.217792733078674924e-12,3.265372688794940935e-12,-5.567489133240061897e-12,-1.361236597570725948e+01
-9.742603961268144985e+00,3.932065952616409010e+00,6.810538008643328922e+00,8.420687192858438577e-12,-8.227188816798939156e-12,3.280732708356709915e-12,5.777474125315440133e-12,-1.572826381046560051e+01
-9.742603961267919388e+00,3.932065952618990945e+00,6.810538008647808894e+00,1.118452465547916960e-12,-1.087315133397591972e-12,3.984695407129058174e-13,7.797320255006719758e-13,-1.572826381047596023e+01
-9.742603961235552390e+00,3.932065952624645089e+00,6.810538008657612608e+00,-4.669239435481319274e-11,4.564622666102389737e-11,-1.844905491582736960e-11,-3.188021363421943239e-11,-1.572826381049858036e+01
5.922007517511462755e-16,3.089401173858174143e+00,-4.251480211434985890e+00,2.162079037576810858e+00,-6.000435563611876319e-15,-4.324158075153614611e+00,-7.489661486125310574e+00,-8.548757119441788177e+00
4.013149624486696432e+00,4.116038932452262600e+00,-7.129188556938893306e+00,-6.532933990422156062e-14,-9.302029751083351293e-14,-6.847181287894307716e-15,7.681088078781309191e-14,-1.646415572980910014e+01
2.778288437839044001e+00,2.429187181337745915e+00,-4.207475619172019066e+00,-4.775174014504873388e-12,-4.161018028648813685e-12,-3.572606124921651138e-12,6.175956372067479330e-12,-9.716748725351028071e+00
-9.742603961247912281e+00,3.932065952612557869e+00,6.810538008636671137e+00,-1.324873072828242902e-12,1.296853025239827046e-12,-5.471787411058145607e-13,-8.903748297141026443e-13,-1.572826381045019062e+01
2.778288437829012025e+00,2.429187181334559131e+00,-4.207475619166483050e+00,2.915285166786667862e-12,2.465291630858808822e-12,2.241537294049182919e-12,-3.810384032179200367e-12,-9.716748725338218762e+00
9.086634892369355399e+00,-2.959913801730221117e+00,-5.126721090621081167e+00,-1.805141567662428118e-11,1.651001983037233842e-11,-5.337566946577779021e-12,-9.328257118577780664e-12,1.183965520692088980e+01
9.086634892325710311e+00,-2.959913801721619997e+00,-5.126721090606194409e+00,2.105208120723696964e-12,-1.921346306204523015e-12,6.318426050659621921e-13,1.065864777955025992e-12,1.183965520688646933e+01
9.086634892315867518e+00,-2.959913801719406212e+00,-5.126721090602350372e+00,5.901907869226806638e-12,-5.404342079623149156e-12,1.785696483206401039e-12,3.028269595819823136e-12,1.183965520687761952e+01
9.086634892330273772e+00,-2.959913801718817794e+00,-5.126721090601349395e+00,-1.011381224664031040e-11,9.250887742354105337e-12,-2.987215436396642905e-12,-5.234133760874159325e-12,1.183965520687526052e+01
9.086634892314574330e+00,-2.959913801718553117e+00,-5.126721090600883102e+00,4.860029953445264820e-12,-4.442465595897620003e-12,1.464121010250633992e-12,2.476648280472085880e-12,1.183965520687418937e+01
9.086634892313488976e+00,-2.959913801718176085e+00,-5.126721090600253383e+00,4.933456488147267067e-12,-4.521660429720210628e-12,1.507632657707621918e-12,2.525643490582514123e-12,1.183965520687278961e+01
9.086634892323132817e+00,-2.959913801717494852e+00,-5.126721090599063224e+00,-6.581932571326687878e-12,6.017005689041873911e-12,-1.949567706020851008e-12,-3.406114503647230047e-12,1.183965520687002915e+01
9.086634892315395007e+00,-2.959913801717215964e+00,-5.126721090598565844e+00,3.804477804846571877e-13,-3.471707334319974852e-13,1.346699554276495090e-13,1.806998933689443033e-13,1.183965520686886919e+01
9.086634892319812806e+00,-2.959913801716262949e+00,-5.126721090596912944e+00,-6.628718652460890675e-12,6.063246447368899635e-12,-1.952936139956436168e-12,-3.443907796806472907e-12,1.183965520686509088e+01
9.086634892303996125e+00,-2.959913801709304071e+00,-5.126721090584869245e+00,-9.812510617804829740e-12,8.976274897704754020e-12,-2.893408053065650068e-12,-5.089010044476419035e-12,1.183965520683723938e+01
9.086634892256517659e+00,-2.959913801703918157e+00,-5.126721090575535378e+00,2.294923139326794974e-11,-2.098076207943614008e-11,6.869715760381650139e-12,1.181323812828038988e-11,1.183965520681569039e+01
7.097091709115582070e+00,-2.231690454745378194e+00,-3.865401254385491203e+00,1.527278018105224060e-11,-1.377783533235449990e-11,4.366760781640352621e-12,7.495267432078602088e-12,8.926761818981573171e+00
7.097091709082277156e+00,-2.231690454734533091e+00,-3.865401254366716000e+00,1.897204326048070982e-11,-1.709619445166623884e-11,5.405206584826542361e-12,9.281988091811210645e-12,8.926761818938150128e+00
7.097091709121367664e+00,-2.231690454732726980e+00,-3.865401254363582950e+00,-2.505633966868695076e-11,2.256833484635854031e-11,-7.027881565649720638e-12,-1.229667596943680988e-11,8.926761818931099768e+00
7.097091709139936810e+00,-2.231690454730793860e+00,-3.865401254360195882e+00,-4.894794026255719753e-11,4.411014298639732685e-11,-1.386949069046104012e-11,-2.403205631862409869e-11,8.926761818923134584e+00
-2.011363488723467030e-15,5.973250856375438289e+00,-1.416628315895400947e+00,-3.556622540480034900e+00,-1.210045682364020021e-14,7.113245080960075128e+00,1.232050188691223980e+01,7.039157275607746733e+00
-1.499563728024889088e-15,5.973250856375354800e+00,-1.416628315895374080e+00,-3.556622540479979833e+00,-5.779037414477822793e-15,7.113245080959959665e+00,1.232050188691204973e+01,7.039157275607667685e+00
-1.310764029891728927e-15,5.973250856375246443e+00,-1.416628315895342105e+00,-3.556622540479903005e+00,-5.391566969127769827e-15,7.113245080959809563e+00,1.232050188691177972e+01,7.039157275607567321e+00
-2.264845628939492189e-15,5.325387683603636901e+00,-1.210682220562278921e+00,-3.114705463041357092e+00,-7.766282005317331216e-15,6.229410926082714184e+00,1.078965622519996082e+01,6.456849131538923814e+00
-3.886647044179042609e-15,3.949526654792526070e+00,-7.778633714055247506e-01,-2.171663283386997989e+00,-1.276289240988087940e-14,4.343326566773998643e+00,7.522862287516272950e+00,5.204455548342684423e+00
-3.012810482217721166e-15,3.949526654792446134e+00,-7.778633714055024351e-01,-2.171663283386942034e+00,-9.395019692049773241e-15,4.343326566773884956e+00,7.522862287516078439e+00,5.204455548342600046e+00
-2.458884742850198002e-15,3.949526654792371971e+00,-7.778633714054821180e-01,-2.171663283386886967e+00,-9.296974435814858675e-15,4.343326566773776598e+00,7.522862287515894586e+00,5.204455548342525439e+00
-8.652202637150913643e-16,3.949526654792364866e+00,-7.778633714054798975e-01,-2.171663283386883858e+00,-1.310612093916375921e-15,4.343326566773768604e+00,7.522862287515868829e+00,5.204455548342504123e+00
-4.948534006563965804e+00,5.948534006552560705e+00,-8.144630912489075272e-15,1.141670004918270925e-11,1.119553726322286963e-11,-1.352355615442071005e-11,3.616737919950885259e-14,1.189706801310511075e+01
-4.948534006574221600e+00,5.948534006562608667e+00,-8.291062183460636425e-15,1.161763624638861024e-11,1.138947298226322985e-11,-1.376204285472591975e-11,4.444462580403962863e-14,1.189706801312519069e+01
-4.948534006542332442e+00,5.948534006551985165e+00,-5.673008186883149613e-15,-9.648818585716681468e-12,-9.520837672119181475e-12,1.137980583345035008e-11,4.348637754129939124e-14,1.189706801310394013e+01
-4.948534006533845009e+00,5.948534006556491782e+00,-5.203161001851854666e-15,-2.263713495257736971e-11,-2.228786515329871071e-11,2.675125580577920969e-11,4.704498759577713184e-14,1.189706801311299067e+01
-4.948534006574599076e+00,5.948534006584183409e+00,-4.541844682593924151e-15,-9.578908827135318438e-12,-9.451405859479472897e-12,1.129934645614036998e-11,4.751716255279582752e-14,1.189706801316837925e+01
-4.948534006553065190e+00,5.948534006556076115e+00,-4.126674069014658019e-15,-3.009346795103279864e-12,-2.988630492331962864e-12,3.544266327198667981e-12,4.217492439580213211e-14,1.189706801311216999e+01
-4.948534006590188383e+00,5.948534006575630251e+00,-4.440123237559304063e-15,1.456782373480393945e-11,1.428352667617737924e-11,-1.727474340789776893e-11,4.187497485977608305e-14,1.189706801315123919e+01
5.848461202489371402e+00,-2.702542535222244075e-15,-2.161935827508422810e-15,-4.848461202489367849e+00,8.752245684687014915e+00,2.531686514512867901e-15,-4.011030741707465649e-15,1.055740516089228009e+01
-4.948534006552863573e+00,5.948534006555505016e+00,-2.175876514109544858e-15,-2.638646954938366128e-12,-2.620510968114010859e-12,3.116491118229924146e-12,4.431463796156190097e-14,1.189706801311099937e+01
-4.948534006529374807e+00,5.948534006563047427e+00,-1.944609402409316069e-15,-3.366560330523749129e-11,-3.314103127245571818e-11,3.973791021823277844e-11,4.472418118925550218e-14,1.189706801312610018e+01
-4.059246059152557429e+00,-8.965958746176574288e-16,-2.948101957195229076e-16,5.059246059152559205e+00,1.116124236219322086e+01,5.131179860418261263e-16,2.699053719766143829e-15,8.955134528793482929e+00
-4.059246059152582298e+00,-5.948503111474755303e-16,-5.354762461575201217e-16,5.059246059152584962e+00,1.116124236219327059e+01,8.487741611489773138e-16,1.446481970672433938e-15,8.955134528793523785e+00
-4.059246059152651576e+00,-1.408080376833657996e-15,5.353629340094575848e-16,5.059246059152654240e+00,1.116124236219340915e+01,1.964800946510780923e-16,6.602213784782637029e-16,8.955134528793696091e+00
-4.059246059152666675e+00,-8.932267179099190666e-16,7.932789188173739887e-16,5.059246059152667563e+00,1.116124236219343047e+01,-3.261166858564815861e-16,-1.303706488350460962e-15,8.955134528793722737e+00
-4.059246059152735953e+00,-2.182801274020889961e-15,1.480190571055214114e-16,5.059246059152736841e+00,1.116124236219357968e+01,-6.998084088036469952e-16,4.207896592183276117e-15,8.955134528793873727e+00
5.848461202489144029e+00,-1.177826552016511964e-15,-3.172636842075331911e-16,-4.848461202489144029e+00,8.752245684686588589e+00,-9.787525743349615704e-16,-4.517991984138503065e-16,1.055740516089180048e+01
5.848461202489144917e+00,-9.265647484487396859e-16,-2.063444249401425986e-16,-4.848461202489143140e+00,8.752245684686588589e+00,-7.597202792250033214e-16,-3.425920368408988147e-16,1.055740516089180048e+01
-4.948534006538997332e+00,5.948534006533097163e+00,4.174979489008557981e-16,5.884601570801826845e-12,5.759385733204404350e-12,-6.978948069521549647e-12,4.001958392205406940e-14,1.189706801306621919e+01
-4.948534006528734430e+00,5.948534006559023979e+00,-3.853192885984124860e-16,-3.029438682084661094e-11,-2.980387010782438983e-11,3.580474991443014683e-11,3.335066846593323184e-14,1.189706801311803019e+01
-4.948534006572774757e+00,5.948534006566154275e+00,-4.155814243851578958e-16,6.622900291106470864e-12,6.489970320279162152e-12,-7.834497417691816795e-12,3.517133702550234805e-14,1.189706801313231033e+01
-4.059246059152684438e+00,-1.153408644926112909e-15,1.103965462322633992e-15,5.059246059152684438e+00,1.116124236219346955e+01,4.036568517917273110e-16,-2.532156300001277941e-15,8.955134528793763593e+00
-4.059246059152705755e+00,-5.773324639449352269e-16,2.264704752093067908e-15,5.059246059152703978e+00,1.116124236219349974e+01,4.864741465589808790e-16,-7.030620769283509691e-15,8.955134528793809778e+00
-4.059246059152718189e+00,-1.180552794024117050e-15,1.190859598389690997e-15,5.059246059152718189e+00,1.116124236219352994e+01,-2.203794973772610927e-16,-1.337530605962552055e-15,8.955134528793834647e+00
-4.059246059152895825e+00,-1.525052991968647014e-15,2.101980645510483106e-15,5.059246059152897601e+00,1.116124236219389054e+01,-1.462695766974288949e-15,-1.897477011591789928e-15,8.955134528794209459e+00
9.086634892318750545e+00,-2.959913801717770188e+00,-5.126721090599504649e+00,-1.467544737690403945e-12,1.349216628889339072e-12,-4.150042574795978030e-13,-7.797541283033142145e-13,1.183965520687105943e+01
5.848461202489144917e+00,-1.367907449921430086e-15,-9.783278621543553228e-16,-4.848461202489142252e+00,8.752245684686585037e+00,-1.199774290093820002e-15,-1.483032164587975943e-15,1.055740516089180048e+01
-1.833089101655765927e-15,5.973250856375417861e+00,-1.416628315895394064e+00,-3.556622540480022021e+00,-8.380871656683865947e-15,7.113245080960046707e+00,1.232050188691219006e+01,7.039157275607726305e+00
-2.927409941863270116e-15,4.578687042436730081e+00,-9.747815214738128065e-01,-2.603905520962913833e+00,-1.461706970061349944e-14,5.207811041925832996e+00,9.020193320833765682e+00,5.780631841929598558e+00
7.097091709107768764e+00,-2.231690454736642959e+00,-3.865401254370368189e+00,-7.490857047438092562e-13,6.723895646372164728e-13,-1.676301563890017121e-13,-3.835577627912134222e-13,8.926761818946630456e+00
7.097091709120083358e+00,-2.231690454736539042e+00,-3.865401254370187889e+00,-1.335329500013754947e-11,1.202741754604174999e-11,-3.706503849184296326e-12,-6.569456390180190892e-12,8.926761818946278737e+00
-2.066088773594816108e-15,5.325387683603607591e+00,-1.210682220562270039e+00,-3.114705463041333999e+00,-9.203728505934468498e-15,6.229410926082672439e+00,1.078965622519988976e+01,6.456849131538895392e+00
5.848461202489305677e+00,-2.049386581529373099e-15,-3.093171803821102006e-16,-4.848461202489302124e+00,8.752245684686888794e+00,7.230628563859716526e-16,-1.813916696059810075e-15,1.055740516089213976e+01
-4.059246059152663122e+00,-2.425586294919827192e-15,-5.056087549324020881e-16,5.059246059152666675e+00,1.116124236219343935e+01,-8.768780607827319649e-16,7.115401973217828372e-15,8.955134528793720960e+00
-4.059246059152608055e+00,-2.566349758748809041e-15,-1.031965685242619961e-15,5.059246059152611608e+00,1.116124236219332921e+01,-5.749247536407052090e-16,8.718001116220330605e-15,8.955134528793605497e+00
-1.683837367242834938e-15,5.325387683603516997e+00,-1.210682220562242950e+00,-3.114705463041273159e+00,-6.655080558655413366e-15,6.229410926082547206e+00,1.078965622519966949e+01,6.456849131538808351e+00
-4.948534006551522424e+00,5.948534006560228349e+00,1.615961639305918005e-15,-8.716671420913143204e-12,-8.593084348695211098e-12,1.030206341882057044e-11,4.587012316030351048e-14,1.189706801312044959e+01
-4.059246059152740393e+00,2.316403001257386088e-16,3.380499827914165029e-15,5.059246059152735953e+00,1.116124236219356014e+01,4.736243578781253851e-16,-1.110585809827793925e-14,8.955134528793879056e+00
-4.059246059152878949e+00,-1.971908290623699110e-15,1.439583842671990919e-15,5.059246059152879837e+00,1.116124236219386034e+01,-1.032931686802387913e-15,-4.126879372922096823e-16,8.955134528794173931e+00
9.086634892295089472e+00,-2.959913801716564041e+00,-5.126721090597452957e+00,1.891855394877932846e-11,-1.729232599532862129e-11,5.661549368746054012e-12,9.717122279708822773e-12,1.183965520686627038e+01
5.898507930154824555e-17,4.578687042436619947e+00,-9.747815214737819423e-01,-2.603905520962837894e+00,-5.184810550467168391e-16,5.207811041925676676e+00,9.020193320833486794e+00,5.780631841929473325e+00
9.288312235224630062e-17,5.325387683603400646e+00,-1.210682220562210976e+00,-3.114705463041190114e+00,-6.129758169402308264e-16,6.229410926082380229e+00,1.078965622519937995e+01,6.456849131538681341e+00
-2.163537682235945054e-15,3.949526654792356872e+00,-7.778633714054784543e-01,-2.171663283386875865e+00,-8.171712868059011579e-15,4.343326566773756170e+00,7.522862287515859059e+00,5.204455548342505899e+00
-4.059246059152798125e+00,-7.982400040232852109e-16,2.229234729210071838e-15,5.059246059152796349e+00,1.116124236219368981e+01,-7.166083346536919627e-16,-4.765141284393102213e-15,8.955134528793999849e+00
-2.758389847419315177e-15,3.949526654792292923e+00,-7.778633714054600246e-01,-2.171663283386831012e+00,-1.408736037156664950e-14,4.343326566773667352e+00,7.522862287515709845e+00,5.204455548342449056e+00
8.384799326750670190e+00,-7.384799326800772334e+00,3.117168162032383826e-15,5.009741549637456212e-11,4.971276855548067174e-11,-4.375439188855206873e-11,-2.866533000686844221e-14,-1.476959865360153046e+01
8.384799326779972972e+00,-7.384799326786493090e+00,-3.439173463419997986e-15,6.525593515451409782e-12,6.498462288866848781e-12,-5.701772427044530399e-12,-2.351818281937865151e-14,-1.476959865357298973e+01
8.384799326739281966e+00,-7.384799326785591589e+00,7.584660123252668803e-15,4.630480456659708229e-11,4.594427588588143074e-11,-4.040246326114118192e-11,-2.242750039888394878e-14,-1.476959865357116009e+01
8.384799326768678895e+00,-7.384799326784578177e+00,8.617249101703805761e-16,1.590006682125194156e-11,1.578478312375067970e-11,-1.387735807356491984e-11,-2.003318941399943894e-14,-1.476959865356920965e+01
8.384799326731528168e+00,-7.384799326783276108e+00,2.915626476347306043e-16,5.174659754509261314e-11,5.134380853921895793e-11,-4.517473603346459126e-11,-2.282909989584965147e-14,-1.476959865356656998e+01
8.384799326792711227e+00,-7.384799326780910000e+00,1.959197271048062912e-14,-1.182370559909265011e-11,-1.169976059781830928e-11,1.034162162249224025e-11,-2.762480405075243881e-14,-1.476959865356183954e+01
8.384799326745692838e+00,-7.384799326780847828e+00,-5.135721349045790212e-15,3.514975718177004261e-11,3.487754942756377828e-11,-3.067142648777716760e-11,-1.585945833360880144e-14,-1.476959865356170987e+01
8.384799326767787164e+00,-7.384799326776578354e+00,-1.718856495536561029e-15,8.796315525645665830e-12,8.737793651069413424e-12,-7.685685182981723600e-12,-2.346938370849307893e-14,-1.476959865355316026e+01
8.384799326807053532e+00,-7.384799326776144035e+00,-1.623431852357371085e-15,-3.091269815752150957e-11,-3.065377229186219256e-11,2.704955693407879023e-11,-2.084546139571264891e-14,-1.476959865355230050e+01
8.384799326776738226e+00,-7.384799326774699857e+00,4.460779239241190770e-16,-2.043546204053266123e-12,-2.008369315310932045e-12,1.800008527939129911e-12,-2.543498092875211003e-14,-1.476959865354941037e+01
8.384799326813020315e+00,-7.384799326767131689e+00,-5.770467939451619836e-15,-4.587885085117901169e-11,-4.549494484388694704e-11,4.013847789510782771e-11,-2.946355988450104892e-14,-1.476959865353422963e+01
8.384799326816056109e+00,-7.384799326766872340e+00,1.020301008398019069e-14,-4.918031405489766250e-11,-4.876731523191342079e-11,4.301828449854818061e-11,-2.968446003401253741e-14,-1.476959865353375001e+01
8.384799326780736806e+00,-7.384799326753556770e+00,-1.714710052249648090e-15,-2.717034775070425094e-11,-2.694393184472492962e-11,2.374600373357944110e-11,-1.208209272939026985e-14,-1.476959865350710999e+01
-6.177876997272331749e+00,5.679923158015646849e-16,1.672021475792156058e-16,7.177876997272329973e+00,-1.538755605137498961e+01,5.632019502542901064e-16,3.464970986540606000e-16,-1.324380852585701085e+01
-4.195741683684864221e+00,6.077610126727381092e-16,2.775761669819846908e-16,5.195741683684861556e+00,-1.143333067131113978e+01,1.011420901869397027e-15,7.175721808431270854e-16,-9.232811213769034353e+00
-4.195741683684864221e+00,7.186455236107287468e-16,4.465477762310745708e-16,5.195741683684863332e+00,-1.143333067131113978e+01,1.005123734084632991e-15,1.179873804183248016e-15,-9.232811213769036129e+00
-2.072412528123018127e+00,3.469801106818555223e-16,2.342687004063346061e-16,3.072412528123016795e+00,-7.204367257361014687e+00,6.299311841622055067e-16,8.380852145095935253e-16,-4.859510506707719557e+00
-2.072412528123016795e+00,2.539811353376720880e-16,1.988669352726400908e-16,3.072412528123016795e+00,-7.204367257361012911e+00,4.629680241046625623e-16,6.823480908346512072e-16,-4.859510506707719557e+00
-2.072412528123015907e+00,3.619933377002364963e-16,2.159994072722669920e-16,3.072412528123015019e+00,-7.204367257361012022e+00,7.418800930087895674e-16,7.908636288170634655e-16,-4.859510506707717781e+00
-2.072412528123015907e+00,2.429919657713527995e-16,1.728079556575554908e-16,3.072412528123015907e+00,-7.204367257361009358e+00,4.583148969166510199e-16,5.687631116097692144e-16,-4.859510506707717781e+00
-2.072412528123018127e+00,2.632870533523351907e-16,3.523954185806505985e-16,3.072412528123016795e+00,-7.204367257361012911e+00,3.119715063328928076e-16,1.165682543260400950e-15,-4.859510506707718669e+00
-2.072412528123015019e+00,3.988393047907281838e-16,2.199016366624213968e-16,3.072412528123014130e+00,-7.204367257361004917e+00,7.117486775030835786e-16,7.594174654867245015e-16,-4.859510506707713340e+00
7.971473208679256572e+00,1.483168580292322918e-15,1.489587171528030998e-15,-6.971473208679260125e+00,-1.298083310267469948e+01,-1.232988055262860976e-15,-2.338098982285119866e-15,-1.484282592888451013e+01
7.971473208679254796e+00,1.454406475358383991e-15,1.444683764632483067e-15,-6.971473208679256572e+00,-1.298083310267469948e+01,-1.149547274955317943e-15,-2.313306875085997953e-15,-1.484282592888451013e+01
-6.177876997272928605e+00,1.979945359357889907e-15,-1.606440973918939050e-15,7.177876997272926829e+00,-1.538755605137617977e+01,-1.568460910119140957e-15,-5.354209710624825896e-16,-1.324380852585827029e+01
-6.177876997272911730e+00,2.573382851062704007e-15,-4.677050272351730529e-16,7.177876997272910842e+00,-1.538755605137614069e+01,-1.369192755884390941e-15,2.892717535882113974e-15,-1.324380852585822943e+01
-6.177876997272906401e+00,2.163091928208938901e-15,-1.235643072651210965e-15,7.177876997272904624e+00,-1.538755605137613003e+01,-1.604473955669165951e-15,5.153145048361402416e-16,-1.324380852585822055e+01
-6.177876997272849557e+00,1.620766355319563975e-15,-8.989313049786336600e-16,7.177876997272847781e+00,-1.538755605137601989e+01,-2.300952359911399103e-15,1.114829730330444034e-15,-1.324380852585811041e+01
-6.177876997272831794e+00,1.803742626859100922e-15,-1.670182266096599924e-15,7.177876997272831794e+00,-1.538755605137598970e+01,-7.971715812940910193e-16,-1.577137223707337941e-15,-1.324380852585806956e+01
-6.177876997272382376e+00,1.832539146975114978e-15,6.148051984093283493e-16,7.177876997272380599e+00,-1.538755605137509086e+01,-7.152031542752123394e-16,4.080206867584454130e-15,-1.324380852585714052e+01
-6.177876997272335302e+00,1.040526664020164919e-15,4.350168305160791105e-16,7.177876997272332638e+00,-1.538755605137500027e+01,1.539702102441066932e-15,1.041450547504977014e-15,-1.324380852585701973e+01
-6.177876997272335302e+00,1.082890708093026976e-15,6.853104111978278084e-16,7.177876997272334414e+00,-1.538755605137500027e+01,1.585102935585543963e-15,1.710343848988201084e-15,-1.324380852585701973e+01
-6.177876997272336190e+00,1.014150477599826043e-15,1.021519070277902928e-15,7.177876997272334414e+00,-1.538755605137500027e+01,1.301284996481858056e-15,2.518193424488300027e-15,-1.324380852585701973e+01
-4.195741683685218604e+00,1.116491183975539976e-15,-3.098950045158241937e-15,5.195741683685221268e+00,-1.143333067131185921e+01,-2.084361835570868933e-15,-8.028487997187561769e-15,-9.232811213769826608e+00
-4.195741683684796719e+00,2.192253079806439875e-15,9.767094573560523579e-16,5.195741683684792278e+00,-1.143333067131101011e+01,1.312053654978828969e-15,6.874191062028916713e-15,-9.232811213768915337e+00
7.971473208680121658e+00,3.360603838789129195e-15,2.496353903856532820e-15,-6.971473208680126987e+00,-1.298083310267641011e+01,4.243669877422821213e-15,-8.394674282758536550e-15,-1.484282592888630070e+01
7.971473208680074585e+00,4.354784859554440362e-15,1.429865351645302094e-15,-6.971473208680079026e+00,-1.298083310267631951e+01,2.295114144715429845e-15,-6.693191744390585114e-15,-1.484282592888619945e+01
7.971473208679936917e+00,4.026292210462345648e-15,3.052555711291502987e-15,-6.971473208679942246e+00,-1.298083310267604951e+01,3.326269050286932855e-15,-8.490883216385963771e-15,-1.484282592888592056e+01
7.971473208679825007e+00,3.379598025457256807e-15,2.575802241196147973e-15,-6.971473208679832112e+00,-1.298083310267582036e+01,3.852547471748105824e-15,-7.199152453308138492e-15,-1.484282592888568963e+01
7.971473208679738853e+00,3.006878342822319064e-15,2.519611068527937173e-15,-6.971473208679745071e+00,-1.298083310267564983e+01,2.859526366681274011e-15,-7.008777174336522998e-15,-1.484282592888552088e+01
7.971473208679645595e+00,3.561223441385560110e-15,2.264423132620838947e-15,-6.971473208679653588e+00,-1.298083310267547041e+01,1.866735749268395816e-15,-6.379455829183063231e-15,-1.484282592888533081e+01
7.971473208679536349e+00,2.911309878581013955e-15,7.461866919817487625e-16,-6.971473208679540789e+00,-1.298083310267525015e+01,4.816618783081423208e-16,-4.082078536588417707e-15,-1.484282592888508923e+01
7.971473208679505262e+00,4.277688065581245978e-15,5.394665094094438021e-15,-6.971473208679514144e+00,-1.298083310267520041e+01,3.244528196284266163e-15,-1.020421690376750004e-14,-1.484282592888503949e+01
7.971473208679500821e+00,3.972961935298815995e-15,2.863100205925698180e-15,-6.971473208679504374e+00,-1.298083310267518087e+01,3.304296531456698226e-16,-6.882767491131781971e-15,-1.484282592888503061e+01
-6.177876997272904624e+00,3.055644096124390015e-15,1.607442978022567053e-16,7.177876997272901072e+00,-1.538755605137611937e+01,-2.467086261408658963e-15,6.042250136570240149e-15,-1.324380852585822055e+01
-6.177876997272864656e+00,3.312675331829489996e-15,1.312436027921118957e-16,7.177876997272861992e+00,-1.538755605137605009e+01,-1.220304270892891098e-15,5.370866603242275379e-15,-1.324380852585814061e+01
-6.177876997272803372e+00,2.762850674479467958e-15,9.534080457613235479e-17,7.177876997272800708e+00,-1.538755605137592042e+01,-1.873194013350130195e-15,4.978224213586888112e-15,-1.324380852585800916e+01
-6.177876997272628401e+00,3.684524815407696811e-15,1.581005108465726006e-15,7.177876997272624848e+00,-1.538755605137557048e+01,-1.480765782447317078e-15,9.644245945535823136e-15,-1.324380852585765922e+01
-4.195741683685245249e+00,3.687900125106552832e-15,-1.940845296101840022e-16,5.195741683685240808e+00,-1.143333067131190006e+01,-3.324619231513660107e-15,6.060986018644385755e-15,-9.232811213769887004e+00
-4.195741683684977019e+00,3.030900193945544981e-15,3.748899621932484991e-16,5.195741683684972578e+00,-1.143333067131136005e+01,-1.188948294606182920e-15,5.589975136723394696e-15,-9.232811213769311465e+00
7.971473208679928035e+00,4.721761280409001699e-15,4.829109739898159772e-15,-6.971473208679939582e+00,-1.298083310267604062e+01,3.871402754004858331e-15,-1.123994295472579001e-14,-1.484282592888590990e+01
7.971473208679888067e+00,4.953119686313949174e-15,5.008442283321318363e-15,-6.971473208679897837e+00,-1.298083310267596069e+01,3.977537527078128619e-15,-1.120490371528174051e-14,-1.484282592888582997e+01
-6.177876997272914394e+00,2.980401182841210994e-15,-4.920136665764129054e-16,7.177876997272912618e+00,-1.538755605137614957e+01,-1.366884780721719932e-15,3.360817812361947813e-15,-1.324380852585824009e+01
8.384799326749101667e+00,-7.384799326783873852e+00,-4.349545519452789143e-15,3.476948959864963015e-11,3.450116450187618836e-11,-3.034646397247487830e-11,-2.191298864870372934e-14,-1.476959865356769974e+01
8.384799326780310480e+00,-7.384799326764180272e+00,4.642969851605054082e-16,-1.614163523056574124e-11,-1.599682264626302983e-11,1.412947329489217937e-11,-1.791187736782397843e-14,-1.476959865352836943e+01
8.384799326825207899e+00,-7.384799326789818430e+00,2.166482439855178950e-15,-3.539641899140160230e-11,-3.509559709132084777e-11,3.092381793849615711e-11,-2.937971508123250146e-14,-1.476959865357962087e+01
8.384799326759997840e+00,-7.384799326760020932e+00,-2.683564382448879502e-26,-4.971432295781967698e-20,-4.963877656413445638e-20,4.364817736818122068e-20,-3.654181166303909398e-28,-1.476959865352004186e+01
8.384799326750000503e+00,-7.384799326779471151e+00,8.397535611912037491e-15,2.945665956382594262e-11,2.923607216020767036e-11,-2.570386388981385895e-11,-1.938537976714363909e-14,-1.476959865355894941e+01
-4.195741683685202617e+00,2.501105160680569051e-15,-1.306239093514659981e-15,5.195741683685200840e+00,-1.143333067131182013e+01,-2.117115748917980191e-15,-1.026181373796593001e-16,-9.232811213769791081e+00
8.384799326739702963e+00,-7.384799326792341745e+00,-7.422298509123306733e-15,5.265927980835142230e-11,5.224423988332571935e-11,-4.598545179385685830e-11,-1.432907126635932065e-14,-1.476959865358466928e+01
