-1.497229121456928937e-17,1.545005347255721029e+00,4.897792299946077121e-01,-1.034784577250327908e+00,-1.291062951152790968e-16,2.069569154500657149e+00,-3.584598925372501022e+00,1.393365672826194057e+00
7.300629665234789538e-18,1.545005347255719919e+00,4.897792299946078787e-01,-1.034784577250329018e+00,-1.422951822374841938e-16,2.069569154500657149e+00,-3.584598925372501910e+00,1.393365672826194057e+00
3.871263037631005182e-17,1.545005347255721029e+00,4.897792299946077121e-01,-1.034784577250329018e+00,-1.345319092320321894e-16,2.069569154500657149e+00,-3.584598925372501910e+00,1.393365672826194945e+00
1.015074937265858041e-15,1.184278225924854988e+00,8.206467404670565458e-01,-1.004924966391913088e+00,-1.601925461593611055e-15,2.009849932783823956e+00,-3.481162199170479088e+00,-4.742472472597549227e-01
-4.030319235798640757e-17,-3.488359031848962122e+00,1.748452198377328903e+00,2.739906833471632996e+00,3.206148779119478059e-16,-5.479813666943266881e+00,-9.491315687156060221e+00,-9.199019793078607732e-01
-6.859713587017925709e-17,-3.488359031848960790e+00,1.748452198377328015e+00,2.739906833471632996e+00,6.882225703887397085e-16,-5.479813666943265105e+00,-9.491315687156054892e+00,-9.199019793078597740e-01
-6.774832796146846549e-17,-3.488359031848959901e+00,1.748452198377328015e+00,2.739906833471632996e+00,4.176837490986488907e-16,-5.479813666943263328e+00,-9.491315687156051339e+00,-9.199019793078595519e-01
-2.744900304555839792e-16,-4.875202988922579195e+00,2.179894438520837863e+00,3.695308550401740888e+00,3.328246059413399003e-15,-7.390617100803480000e+00,-1.280092431787901930e+01,-2.199030132535311211e+00
-7.059400784791726371e-17,-4.875202988922569425e+00,2.179894438520847189e+00,3.695308550401720016e+00,2.908529930364189927e-16,-7.390617100803440920e+00,-1.280092431787896068e+01,-2.199030132535261028e+00
-6.655623791760367587e-17,-4.875202988922569425e+00,2.179894438520848077e+00,3.695308550401720904e+00,6.106581077472647948e-16,-7.390617100803442696e+00,-1.280092431787896068e+01,-2.199030132535260140e+00
-8.610140320029565434e-17,-4.875202988922570313e+00,2.179894438520848077e+00,3.695308550401721792e+00,1.011855564694633963e-15,-7.390617100803443584e+00,-1.280092431787896068e+01,-2.199030132535260140e+00
-7.884420028744767415e-17,-4.875202988922569425e+00,2.179894438520848965e+00,3.695308550401720904e+00,9.392450359600121024e-16,-7.390617100803443584e+00,-1.280092431787896068e+01,-2.199030132535260140e+00
-1.714168191876525002e-16,-5.521412100449797578e+00,2.384196610512362202e+00,4.137215489937436708e+00,3.111735944509470013e-15,-8.274430979874873415e+00,-1.433173486086520931e+01,-2.783724871617764052e+00
-4.073874458294100970e-16,-5.521412100449884619e+00,2.384196610512387959e+00,4.137215489937497992e+00,6.296048847443123949e-15,-8.274430979874995984e+00,-1.433173486086542958e+01,-2.783724871617847985e+00
3.085528096018330993e-16,-5.521412100450129756e+00,2.384196610512458125e+00,4.137215489937673851e+00,4.327858720149132888e-15,-8.274430979875340597e+00,-1.433173486086602999e+01,-2.783724871618094010e+00
1.386780694234469999e-16,-5.965742352207946020e+00,2.525358046031791037e+00,4.440384306176155427e+00,-6.967033231809522810e-17,-8.880768612352303748e+00,-1.538194244685715084e+01,-3.183387818356040011e+00
-2.549054802490445907e-15,2.288082214374252132e-01,2.558461266777816157e+00,-1.787269488215238900e+00,2.602616486641314962e-15,-7.149077952860949381e+00,-2.045099688675772032e-15,-9.152328857497034065e-01
-9.710290588867315551e-17,-6.703663333825225834e+00,2.760676670412927081e+00,4.942986663412298753e+00,7.593557477372713681e-16,-9.885973326824597507e+00,-1.712300808433093025e+01,-3.844062154799912978e+00
-8.397604443789411304e-17,-6.703663333825597981e+00,2.760676670413034106e+00,4.942986663412563431e+00,5.615094421474635330e-15,-9.885973326825128638e+00,-1.712300808433185040e+01,-3.844062154800285125e+00
-2.862507578555703053e-16,-6.703663333825597981e+00,2.760676670413034994e+00,4.942986663412563431e+00,8.092814924466801572e-15,-9.885973326825126861e+00,-1.712300808433185040e+01,-3.844062154800282904e+00
-1.632975347953652027e-16,-7.357850858131310012e+00,2.969979946015892214e+00,5.387870912115419131e+00,5.116121297454842406e-16,-1.077574182423082938e+01,-1.866413232881274098e+01,-4.427389388342223953e+00
-2.846104587632117145e-16,-7.357850858131582683e+00,2.969979946015970818e+00,5.387870912115612754e+00,6.376394507846726296e-15,-1.077574182423123084e+01,-1.866413232881343021e+01,-4.427389388342502841e+00
4.337339575498115143e-16,-7.357850858131769201e+00,2.969979946016024108e+00,5.387870912115743316e+00,2.127349890878685111e-15,-1.077574182423147953e+01,-1.866413232881387074e+01,-4.427389388342679588e+00
-1.466418779355090921e-15,-2.639767135216597102e-02,3.503620572825421053e+00,-2.477222901473254080e+00,1.345874602179580947e-15,-9.908891605893016319e+00,-2.070418969495693070e-15,1.055906854086605950e-01
-9.028271580229021431e-01,-2.599310236866782198e+00,4.502137394887158806e+00,2.524872647620742033e-12,8.690761190928861040e-13,2.386294369461340007e-12,-4.295333545853187750e-12,1.039724094746710925e+01
4.381145347889303109e-16,-3.682519356152634260e-01,4.563358614875152597e+00,-3.195106679259890115e+00,2.081881915928958134e-15,-1.278042671703956046e+01,8.126933954785672588e-15,1.473007742461067027e+00
-4.938008038335260821e-16,-3.682519356152815226e-01,4.563358614875212993e+00,-3.195106679259930971e+00,2.524845232465322135e-15,-1.278042671703972033e+01,5.579548772915801817e-15,1.473007742461136083e+00
-3.360150029001474042e-15,-3.682519356153042822e-01,4.563358614875308028e+00,-3.195106679259999805e+00,4.420820985692237019e-15,-1.278042671703999922e+01,-2.780448398382009937e-15,1.473007742461212910e+00
-1.424740906151088948e+00,-3.312257675395830159e+00,5.736998581545554643e+00,1.369448455984175033e-12,5.882082127459446188e-13,1.231465447920339098e-12,-2.318197652365802199e-12,1.324903070158329044e+01
-1.424740906155050002e+00,-3.312257675397888068e+00,5.736998581549142884e+00,3.806111952920537797e-12,1.624107349622215061e-12,3.515585087620673008e-12,-6.361543122689624126e-12,1.324903070159157004e+01
-1.424740906154104980e+00,-3.312257675400866130e+00,5.736998581554283660e+00,6.864168199563080205e-13,3.311816000004784896e-13,5.955583639982007968e-13,-1.159738129804733914e-12,1.324903070160345031e+01
-2.791681282571913942e-16,-8.847248649360738293e-01,5.950312259493894196e+00,-4.065587394557820033e+00,-1.750500883134030963e-17,-1.626234957823128013e+01,-9.620287964503126836e-16,3.538899459744293985e+00
-4.511096690450163359e-16,-8.847248649360749395e-01,5.950312259493895084e+00,-4.065587394557820033e+00,-1.359515634921896901e-16,-1.626234957823128013e+01,-1.113645823664764983e-15,3.538899459744297982e+00
-2.793364472313099996e-16,-8.847248649360750505e-01,5.950312259493895084e+00,-4.065587394557820922e+00,9.069132711161099730e-17,-1.626234957823128013e+01,-8.595042597562849591e-16,3.538899459744297982e+00
-3.050047399934283061e-16,-8.847248649360749395e-01,5.950312259493895084e+00,-4.065587394557818257e+00,8.753803998405089297e-17,-1.626234957823128013e+01,-1.420230094119083946e-15,3.538899459744300202e+00
-5.127587290525401930e-16,-8.847248649361137973e-01,5.950312259494062062e+00,-4.065587394557948819e+00,2.087779811742692161e-15,-1.626234957823179172e+01,3.495703318611109184e-15,3.538899459744460962e+00
-2.618461001201418070e-16,-8.847248649361223460e-01,5.950312259494112688e+00,-4.065587394557988787e+00,2.432906791439898060e-15,-1.626234957823195160e+01,5.294248926233953375e-15,3.538899459744496934e+00
6.031999862413121985e-16,-3.684527038249846953e+00,6.066834151933310437e+00,-1.382307113683465039e+00,5.091495572784393241e-16,2.764614227366931853e+00,4.788452305127298914e+00,1.364707590798538028e+01
-6.150803344299470875e-16,-3.221633508060520068e+00,6.320153365846103988e+00,-2.098519857785584808e+00,1.376721271659331969e-16,-8.394079431142341008e+00,-1.294241994902440920e-15,1.288653403224208027e+01
-6.555737995480679251e-16,-3.221633508060519180e+00,6.320153365846104876e+00,-2.098519857785583920e+00,1.091044278209719021e-16,-8.394079431142339232e+00,-2.629980167102871012e-15,1.288653403224208027e+01
-7.774460498653764321e-15,-3.221633508060736784e+00,6.320153365846533866e+00,-2.098519857785789977e+00,4.680137934901818309e-15,-8.394079431143177672e+00,-8.725434753125581488e-15,1.288653403224294003e+01
9.571587660223820568e-16,-4.235924528497881703e+00,6.924898071783625042e+00,-1.688973543285742895e+00,8.359916143318545419e-16,3.377947086571492008e+00,5.850775979221083389e+00,1.551670153813421038e+01
1.340302127243078966e-15,-4.235924528497882591e+00,6.924898071783626818e+00,-1.688973543285742895e+00,1.252065719102443954e-15,3.377947086571500890e+00,5.850775979221087830e+00,1.551670153813421038e+01
5.879900312418698118e-16,-4.235924528497884367e+00,6.924898071783626818e+00,-1.688973543285744006e+00,5.416193910322347740e-16,3.377947086571492008e+00,5.850775979221083389e+00,1.551670153813421926e+01
-7.161571811622712719e-16,-3.716568192813801019e+00,7.685740139946629412e+00,-2.969171947132827061e+00,7.912814350486871386e-17,-1.187668778853131002e+01,-2.944526511215696957e-15,1.486627277125520052e+01
-7.111289484118450823e-16,-3.716568192813802796e+00,7.685740139946629412e+00,-2.969171947132827061e+00,-9.747969667917443964e-17,-1.187668778853132068e+01,-4.899961886029244676e-15,1.486627277125520941e+01
-6.203322632718527202e-16,-3.716568192813804128e+00,7.685740139946631189e+00,-2.969171947132827061e+00,9.408643999764831097e-18,-1.187668778853131002e+01,-2.218626730315712902e-15,1.486627277125520941e+01
-2.250985015592567196e-16,-3.716568192813801907e+00,7.685740139946631189e+00,-2.969171947132827949e+00,1.052945882931447956e-16,-1.187668778853131002e+01,-1.651758105278832934e-15,1.486627277125520941e+01
-2.464365396798943936e-16,-3.716568192813802796e+00,7.685740139946633853e+00,-2.969171947132830169e+00,-3.407742622258197914e-17,-1.187668778853132068e+01,-1.491445104812566946e-15,1.486627277125520941e+01
-1.068760003849778909e-15,-3.716568192813944904e+00,7.685740139946910077e+00,-2.969171947132963840e+00,1.944146434685132972e-15,-1.187668778853183937e+01,1.017821150892134069e-14,1.486627277125577962e+01
-7.526021098189465385e-15,-3.716568192814032834e+00,7.685740139947101923e+00,-2.969171947133060208e+00,3.486659841062787105e-15,-1.187668778853226925e+01,-1.484782445930195111e-14,1.486627277125612068e+01
3.329410728817338193e-17,1.524731976440109937e+00,5.414680547891026485e-01,-1.066200031229213030e+00,-1.273743449957428072e-16,2.132400062458425172e+00,-3.693425250241042068e+00,1.173763589739790003e+00
-2.044499923750592982e-16,-8.847248649360756056e-01,5.950312259493895972e+00,-4.065587394557820033e+00,7.995582433306685026e-17,-1.626234957823128013e+01,-7.454198117210674278e-16,3.538899459744301979e+00
-1.160735609491818029e-17,-3.488359031848959901e+00,1.748452198377328015e+00,2.739906833471632996e+00,4.672774751732208714e-16,-5.479813666943265993e+00,-9.491315687156053116e+00,-9.199019793078595519e-01
-9.028271580254247919e-01,-2.599310236870305157e+00,4.502137394893246380e+00,2.487280723314162992e-12,7.454474175883629054e-13,2.244692192767141870e-12,-4.333403585105792910e-12,1.039724094748116912e+01
-1.439326871686392115e-16,-5.521412100449755833e+00,2.384196610512360870e+00,4.137215489937396740e+00,9.723569962476847285e-16,-8.274430979874793479e+00,-1.433173486086507076e+01,-2.783724871617684116e+00
6.497447676844042361e-16,-4.235924528497885255e+00,6.924898071783627707e+00,-1.688973543285744006e+00,5.559124102001012293e-16,3.377947086571492896e+00,5.850775979221085166e+00,1.551670153813421926e+01
-3.681814950087419655e-15,-8.847248649361880712e-01,5.950312259494330291e+00,-4.065587394558139778e+00,4.909323946684636077e-15,-1.626234957823255911e+01,-4.207310407405375001e-15,3.538899459744746068e+00
1.018989135535593981e-16,-3.682519356152906265e-01,4.563358614875266284e+00,-3.195106679259975824e+00,3.144661382138787151e-15,-1.278042671703989974e+01,9.954163500411205755e-15,1.473007742461178049e+00
7.453115934902366801e-18,1.545005347255721029e+00,4.897792299946078232e-01,-1.034784577250329018e+00,-1.440244572687249965e-16,2.069569154500657149e+00,-3.584598925372501910e+00,1.393365672826194945e+00
-9.028271580297040355e-01,-2.599310236876847036e+00,4.502137394904576873e+00,1.969931433425720974e-12,7.047067920881675934e-13,1.962032829830445876e-12,-3.292980708063022154e-12,1.039724094750735084e+01
-6.303471455577180273e-17,-3.488359031848956793e+00,1.748452198377326905e+00,2.739906833471631220e+00,3.205123899945383898e-16,-5.479813666943259776e+00,-9.491315687156047787e+00,-9.199019793078572205e-01
-1.038241174859096027e-16,2.288082214374277945e-01,2.558461266777772192e+00,-1.787269488215200042e+00,-3.415107291053938247e-17,-7.149077952860800167e+00,-3.367143701069122030e-16,-9.152328857497115111e-01
9.565446429330157211e-16,-3.684527038249846065e+00,6.066834151933307773e+00,-1.382307113683463928e+00,7.212783584235051220e-16,2.764614227366934962e+00,4.788452305127297137e+00,1.364707590798536962e+01
-2.752391128654547767e-16,-3.221633508060520956e+00,6.320153365846105764e+00,-2.098519857785584808e+00,-2.511126003982576875e-16,-8.394079431142344561e+00,-2.157494398832921978e-15,1.288653403224208027e+01
1.154455755802284954e-15,-3.684527038249845177e+00,6.066834151933308661e+00,-1.382307113683463928e+00,9.360345089999757459e-16,2.764614227366931853e+00,4.788452305127298914e+00,1.364707590798536962e+01
-2.034472646188986905e-16,-3.682519356152679779e-01,4.563358614875110852e+00,-3.195106679259843041e+00,-2.686990119100792031e-17,-1.278042671703937039e+01,-6.899857484824988176e-16,1.473007742461071023e+00
3.940742150986758050e-17,1.545005347255721029e+00,4.897792299946079897e-01,-1.034784577250329018e+00,-1.398624049617668994e-16,2.069569154500658037e+00,-3.584598925372504130e+00,1.393365672826194945e+00
2.661910034635452948e+00,2.270211326116740036e+00,-3.932121360752494965e+00,2.905136229985575092e-13,1.939221360342365025e-13,2.776322722472881223e-13,-3.650735615137236014e-13,-9.080845304466885537e+00
2.661910034630988964e+00,2.270211326116951867e+00,-3.932121360752903971e+00,4.957625086482946845e-12,4.239504215232347874e-12,3.751531073243235677e-12,-6.483146229154176301e-12,-9.080845304467841217e+00
2.661910034637260836e+00,2.270211326118133144e+00,-3.932121360754917916e+00,-4.730633756307186893e-13,-4.688182027390998357e-13,-2.955976128345656869e-13,6.084623240985844143e-13,-9.080845304472507706e+00
2.661910034636763012e+00,2.270211326121291062e+00,-3.932121360760366890e+00,2.304554897259514190e-12,1.984523354188706130e-12,1.752172165384949938e-12,-2.889669482629036146e-12,-9.080845304485082536e+00
2.661910034639987988e+00,2.270211326121945206e+00,-3.932121360761521967e+00,-4.094629425577123836e-13,-3.585461786211518949e-13,-3.073752633677349197e-13,5.267426831056350770e-13,-9.080845304487773717e+00
-1.735297574617545943e-16,2.831728273099659798e+00,-3.848120061704014105e+00,2.016391788604353863e+00,-3.263349813925479150e-16,-4.032783577208708614e+00,-6.984986051654849426e+00,-7.666822374793550665e+00
-7.428296501992045719e+00,3.084970630354178844e+00,5.343325871631209978e+00,6.662177289836083906e-12,-6.545028628598693326e-12,2.664386722454742079e-12,4.729526691418045630e-12,-1.233988252141669939e+01
-7.428296502003366442e+00,3.084970630358907950e+00,5.343325871639409641e+00,5.034634875589455359e-12,-4.942994609367600267e-12,2.023120605567967081e-12,3.580161347623440161e-12,-1.233988252143561937e+01
-7.428296502000817370e+00,3.084970630359093136e+00,5.343325871639723168e+00,2.001609813544216855e-12,-1.961966534149931030e-12,7.834652003359384725e-13,1.455181429282883001e-12,-1.233988252143634945e+01
-7.428296502008553404e+00,3.084970630359662902e+00,5.343325871640736580e+00,8.150795471369614331e-12,-8.010181743734444421e-12,3.316560553225201918e-12,5.807440703152893963e-12,-1.233988252143861075e+01
-7.428296502024854142e+00,3.084970630361087984e+00,5.343325871643182623e+00,2.058273319415340919e-11,-2.022147976414281932e-11,8.342813332852855273e-12,1.456339617988708902e-11,-1.233988252144433950e+01
-7.428296502002085688e+00,3.084970630368670808e+00,5.343325871656302795e+00,-2.288437973279320148e-11,2.250158019551866911e-11,-9.366297021215233173e-12,-1.615044519791468956e-11,-1.233988252147461928e+01
-7.428296502001268564e+00,3.084970630370051037e+00,5.343325871658720416e+00,-2.750350288009645901e-11,2.704132313685564844e-11,-1.126880597432051962e-11,-1.941499098940541864e-11,-1.233988252148020059e+01
3.374857473164361021e+00,3.244115638711071892e+00,-5.618973111876319315e+00,8.869894769906998494e-13,6.889323621405442062e-13,7.492723949585064984e-13,-1.197904800928248027e-12,-1.297646255484425915e+01
3.374857473175620015e+00,3.244115638711074112e+00,-5.618973111876326421e+00,-1.037388520164203994e-11,-8.533144042281271595e-12,-8.115781198425360996e-12,1.414900914560752961e-11,-1.297646255484426980e+01
3.374857473167134803e+00,3.244115638715033167e+00,-5.618973111883210692e+00,1.039730076153957038e-12,8.157837976577663594e-13,8.509541142970029027e-13,-1.415732200628484927e-12,-1.297646255486016997e+01
3.991140490857404848e-16,3.379516348254123947e+00,-4.704487007055482728e+00,2.324970658801357892e+00,-4.337360761609657069e-15,-4.649941317602713120e+00,-8.053934614301670791e+00,-9.537788343027228777e+00
-1.914937982628857155e-15,3.379516348254166136e+00,-4.704487007055543124e+00,2.324970658801379209e+00,-1.331865636199357065e-14,-4.649941317602776181e+00,-8.053934614301761385e+00,-9.537788343027354898e+00
-1.520597746367847052e-15,3.379516348254250069e+00,-4.704487007055679015e+00,2.324970658801432055e+00,-1.307442946327865012e-14,-4.649941317602872104e+00,-8.053934614301933692e+00,-9.537788343027656879e+00
8.716763390762444366e-16,3.559376611146728209e+00,-4.984856344555787189e+00,2.425479733409058092e+00,1.491276730939149009e-15,-4.850959466818107302e+00,-8.402108261986201754e+00,-1.014929569211193083e+01
-9.417839685233303726e+00,3.813193977337265839e+00,6.604645707863786797e+00,3.225088784030177795e-11,-3.153984418570166838e-11,1.274188676234553946e-11,2.212104533477643015e-11,-1.525277590934904026e+01
-9.417839685213360568e+00,3.813193977338572793e+00,6.604645707866048987e+00,8.745088031206390582e-12,-8.548955748469420544e-12,3.440056779317503075e-12,6.011639379168761744e-12,-1.525277590935425920e+01
-9.417839685225892765e+00,3.813193977340580076e+00,6.604645707869510218e+00,1.580039993936024031e-11,-1.544880200814344986e-11,6.227364763877969967e-12,1.084835670152446938e-11,-1.525277590936227945e+01
-9.417839685239291825e+00,3.813193977341712060e+00,6.604645707871494409e+00,2.609111503325147917e-11,-2.551638227719375010e-11,1.028921501772185994e-11,1.789733630676661008e-11,-1.525277590936680028e+01
-9.417839685202569200e+00,3.813193977342849816e+00,6.604645707873468830e+00,-1.375423509630595978e-11,1.345970485019214063e-11,-5.501416605015439053e-12,-9.430124449320066375e-12,-1.525277590937140992e+01
-9.417839685176453202e+00,3.813193977347841823e+00,6.604645707882069061e+00,-5.346508525107332704e-11,5.229101802182083142e-11,-2.116716393411094844e-11,-3.662164997277843072e-11,-1.525277590939126071e+01
-9.417839685209759892e+00,3.813193977350441077e+00,6.604645707886584560e+00,-2.726123144327953858e-11,2.666720117425738000e-11,-1.083591240765207073e-11,-1.868146236823096982e-11,-1.525277590940170924e+01
-9.417839685238618586e+00,3.813193977352491881e+00,6.604645707890160367e+00,-4.024683581355844403e-12,3.935974887383510345e-12,-1.604704963256723096e-12,-2.729522916433106014e-12,-1.525277590940991068e+01
-9.417839685205992240e+00,3.813193977354079056e+00,6.604645707892912831e+00,-4.100559444115858037e-11,4.011359022470811980e-11,-1.628612765175505921e-11,-2.810212161078161946e-11,-1.525277590941633932e+01
-9.417839685267459515e+00,3.813193977369513821e+00,6.604645707919652331e+00,-2.171775517937308841e-11,2.124332142672468088e-11,-8.627139416494556552e-12,-1.486919326029617945e-11,-1.525277590947808015e+01
-5.356781066700029616e-16,3.817629383275499055e+00,-5.386911493990148792e+00,2.569282110714651068e+00,-6.689390480175479280e-15,-5.138564221429306578e+00,-8.900254309471163694e+00,-1.102555004038440956e+01
-5.100143900987261166e-16,3.927757588723018056e+00,-5.558204267299237777e+00,2.630446678576220165e+00,-8.842583518593003826e-16,-5.260893357152445660e+00,-9.112134587789631368e+00,-1.139866920217082047e+01
-1.246623518615177053e-15,3.927757588723108206e+00,-5.558204267299387880e+00,2.630446678576281005e+00,-8.645275869988381548e-15,-5.260893357152573557e+00,-9.112134587789844531e+00,-1.139866920217115087e+01
-4.222860049207062994e-16,3.927757588723185922e+00,-5.558204267299513113e+00,2.630446678576328079e+00,-6.464561454995254219e-15,-5.260893357152654382e+00,-9.112134587789999074e+00,-1.139866920217144042e+01
3.896771221303620969e+00,3.957063077243224036e+00,-6.853834298540126824e+00,-6.714551223857425881e-12,-5.371830953869353284e-12,-5.359611465249674832e-12,9.337582270605492715e-12,-1.582825230897292990e+01
3.896771221306754018e+00,3.957063077244717952e+00,-6.853834298542692771e+00,-8.795856152345800452e-12,-6.994529304187834177e-12,-7.052489024604980681e-12,1.227713528353832956e-11,-1.582825230897882918e+01
3.896771221296340126e+00,3.957063077249144190e+00,-6.853834298550355975e+00,4.874068813390044897e-12,3.865821966072973640e-12,3.947363224764515754e-12,-6.739230535549283205e-12,-1.582825230899653057e+01
3.896771221317337108e+00,3.957063077254864947e+00,-6.853834298560279592e+00,-1.193368525154209963e-11,-9.503599525289151872e-12,-9.565459849101291116e-12,1.661834939755790133e-11,-1.582825230901944025e+01
-7.778022911639144876e-16,4.372504097199042761e+00,-6.249181893513020114e+00,2.876677796313976909e+00,-1.252897822491570926e-15,-5.753355592627960036e+00,-9.965104200442169713e+00,-1.290279289620998071e+01
-2.572686971994818854e-16,4.372504097199366058e+00,-6.249181893513537034e+00,2.876677796314174085e+00,-6.412127617855678017e-15,-5.753355592628343729e+00,-9.965104200442841176e+00,-1.290279289621113001e+01
-3.852053239079645207e-16,4.926249289359088124e+00,-7.108158405002521718e+00,3.181909115643434927e+00,-5.332840295741987619e-15,-6.363818231286871629e+00,-1.102245650672196930e+01,-1.477088443270607065e+01
3.354995348927078798e-16,4.926249289359176942e+00,-7.108158405002665603e+00,3.181909115643488217e+00,-4.095314872307144207e-15,-6.363818231286968441e+00,-1.102245650672215049e+01,-1.477088443270639040e+01
-1.361270177207470948e-15,4.926249289359252437e+00,-7.108158405002779290e+00,3.181909115643529073e+00,-8.654014964542066516e-15,-6.363818231287059923e+00,-1.102245650672229083e+01,-1.477088443270663021e+01
-5.617692051524867148e-16,5.479511492879823642e+00,-7.965321053032376142e+00,3.485809560152552056e+00,-7.932499618437848024e-16,-6.971619120305112105e+00,-1.207519852738709076e+01,-1.663365853914057979e+01
-1.600100598503907937e-15,5.479511492880035917e+00,-7.965321053032711873e+00,3.485809560152678177e+00,-7.036930302203938221e-15,-6.971619120305364348e+00,-1.207519852738752064e+01,-1.663365853914131165e+01
-6.089281705714340277e-16,5.479511492880071444e+00,-7.965321053032768717e+00,3.485809560152696829e+00,-4.840767944406839258e-15,-6.971619120305398098e+00,-1.207519852738760058e+01,-1.663365853914143955e+01
-6.568379802318267044e-16,5.479511492880204671e+00,-7.965321053032980103e+00,3.485809560152774100e+00,-5.395641424706972873e-15,-6.971619120305549089e+00,-1.207519852738784927e+01,-1.663365853914190140e+01
-3.882270968268096998e-16,4.372504097199045425e+00,-6.249181893513023667e+00,2.876677796313979130e+00,-6.584044556047031967e-16,-5.753355592627961812e+00,-9.965104200442173266e+00,-1.290279289620998959e+01
-1.785948466149790940e-16,3.927757588723323146e+00,-5.558204267299729828e+00,2.630446678576408015e+00,-7.529888189178603414e-15,-5.260893357152815142e+00,-9.112134587790274409e+00,-1.139866920217190938e+01
-9.417839685224651092e+00,3.813193977342546948e+00,6.604645707872948357e+00,9.151959338516782014e-12,-8.954102398121167641e-12,3.589467785414146134e-12,6.300805206859638117e-12,-1.525277590937023042e+01
3.896771221305398214e+00,3.957063077244153959e+00,-6.853834298541726433e+00,-7.823738014186706094e-12,-6.249290366560656818e-12,-6.254639211444004634e-12,1.088416937571691932e-11,-1.582825230897661051e+01
3.896771221309458966e+00,3.957063077244924010e+00,-6.853834298543072912e+00,-1.132248933504457955e-11,-9.000716345091923386e-12,-9.080996873119799477e-12,1.579074283990197159e-11,-1.582825230897969071e+01
2.661910034633882205e+00,2.270211326113066974e+00,-3.932121360746145822e+00,-7.991600820181535675e-13,-7.191794382016301552e-13,-5.779320272578222984e-13,1.070759008714061998e-12,-9.080845304452239475e+00
-9.417839685221725432e+00,3.813193977338904084e+00,6.604645707866618309e+00,1.620620578909367075e-11,-1.585084701906144981e-11,6.383618280535933340e-12,1.114035762116859012e-11,-1.525277590935560923e+01
3.896771221280737052e+00,3.957063077249238781e+00,-6.853834298550532722e+00,2.055929978777927981e-11,1.630954745933677072e-11,1.655380507162958848e-11,-2.860473229200921066e-11,-1.582825230899691960e+01
2.065791773359966918e-15,2.831728273099639814e+00,-3.848120061704000783e+00,2.016391788604357860e+00,2.951932170114407146e-15,-4.032783577208700621e+00,-6.984986051654850314e+00,-7.666822374793547112e+00
2.661910034629622945e+00,2.270211326116248873e+00,-3.932121360751663186e+00,5.785630794742688740e-12,4.969997346382323281e-12,4.390409278311910867e-12,-7.503789892469700124e-12,-9.080845304464997270e+00
9.411399168451794139e+00,-3.078785777031201931e+00,-5.332613391438457917e+00,1.786894045693759878e-11,-1.637253636417942943e-11,5.383102534721370878e-12,9.256329955393826641e-12,1.231514310812480062e+01
9.411399168438871143e+00,-3.078785777027904125e+00,-5.332613391432765582e+00,2.181528288690890995e-11,-1.999813086128854090e-11,6.574409767761069349e-12,1.131454534585858075e-11,1.231514310811166979e+01
9.411399168455471198e+00,-3.078785777025656145e+00,-5.332613391428832728e+00,-9.750770677901163179e-13,8.920156605642838615e-13,-2.481492844287223099e-13,-5.100116845552627976e-13,1.231514310810261037e+01
9.411399168437329266e+00,-3.078785777024406922e+00,-5.332613391426699323e+00,1.377201374487308988e-11,-1.262247173075016079e-11,4.167136936714292117e-12,7.143697803455618384e-12,1.231514310809762947e+01
9.411399168449065655e+00,-3.078785777023799852e+00,-5.332613391425637062e+00,3.922276943309392005e-13,-3.564884825043175769e-13,1.381188064480723091e-13,1.647951456527035119e-13,1.231514310809519053e+01
9.411399168449040786e+00,-3.078785777023445913e+00,-5.332613391425010008e+00,-5.899098171691523859e-13,5.294215770280401479e-13,-1.346917680616368094e-13,-3.057413330165996770e-13,1.231514310809379076e+01
9.411399168458808973e+00,-3.078785777021888048e+00,-5.332613391422319715e+00,-1.460057018386694032e-11,1.337798574009638988e-11,-4.344778768683227670e-12,-7.582921055437693864e-12,1.231514310808753976e+01
9.411399168424257056e+00,-3.078785777016296965e+00,-5.332613391412646564e+00,4.683232039536774328e-12,-4.294471401709580355e-12,1.427139414951581965e-12,2.418666605648817098e-12,1.231514310806515056e+01
7.421855985218355656e+00,-2.350562430043178885e+00,-4.071293555197357250e+00,2.218078146794941050e-11,-2.006251090008373105e-11,6.393093342595533631e-12,1.099249636464602012e-11,9.402249720172768832e+00
7.421855985246073928e+00,-2.350562430038928063e+00,-4.071293555189996027e+00,-1.713210677951262117e-11,1.548905813640418842e-11,-4.872576134618071662e-12,-8.520637969368710268e-12,9.402249720155731794e+00
7.421855985229907304e+00,-2.350562430038773076e+00,-4.071293555189729574e+00,-1.401188266240786003e-12,1.265027727515131926e-12,-3.554859458895670900e-13,-7.202178018235546752e-13,9.402249720155147372e+00
7.421855985238845044e+00,-2.350562430038102057e+00,-4.071293555188567836e+00,-1.217093855425624069e-11,1.098532956204808045e-11,-3.437634733034598823e-12,-6.030271133988935926e-12,9.402249720152429546e+00
7.421855985199387717e+00,-2.350562430033610983e+00,-4.071293555180787394e+00,1.500404689434641105e-11,-1.356034899033386049e-11,4.299421378270353323e-12,7.432071967633745190e-12,9.402249720134440381e+00
-1.742218396136574059e-15,6.359356792270412839e+00,-1.539769071555012081e+00,-3.819587720715397872e+00,-8.341858251413656637e-15,7.639175441430798408e+00,1.323143999249055014e+01,7.384797056827948403e+00
-1.389405798917290968e-15,6.359356792270237868e+00,-1.539769071554961011e+00,-3.819587720715277968e+00,-1.117515527383371017e-14,7.639175441430560376e+00,1.323143999249015046e+01,7.384797056827786754e+00
3.884098474121408877e-17,6.359356792270085990e+00,-1.539769071554913937e+00,-3.819587720715170054e+00,-7.861460021892200567e-16,7.639175441430339220e+00,1.323143999248975966e+01,7.384797056827627770e+00
-2.548140367642687148e-15,5.708631028683263331e+00,-1.332395387410922005e+00,-3.376235641272339993e+00,-8.107279318577804084e-15,6.752471282544679099e+00,1.169562333801716925e+01,6.801709043834258672e+00
-2.503879381056723049e-15,4.964732051930269563e+00,-1.096506544418365037e+00,-2.868225507511902084e+00,-1.040356662958709933e-14,5.736451015023806832e+00,9.935824613151297058e+00,6.131054012331768277e+00
-4.024828636404946891e-15,4.329191699587195075e+00,-8.964435717276425519e-01,-2.432748127859547971e+00,-1.071660080778515989e-14,4.865496255719094165e+00,8.427286718941612520e+00,5.553011774472805584e+00
-3.287955583168783942e-15,4.329191699587058295e+00,-8.964435717276008075e-01,-2.432748127859453824e+00,-5.781325000033984645e-15,4.865496255718904095e+00,8.427286718941282118e+00,5.553011774472674134e+00
-1.150263525519861935e-15,4.329191699586843356e+00,-8.964435717275442972e-01,-2.432748127859297949e+00,-4.488689591126233886e-15,4.865496255718597673e+00,8.427286718940754540e+00,5.553011774472446760e+00
-2.187167411940182958e-15,4.329191699586806052e+00,-8.964435717275319737e-01,-2.432748127859272191e+00,-1.091586836648340946e-14,4.865496255718548824e+00,8.427286718940674604e+00,5.553011774472421891e+00
-5.220593340632998292e+00,6.220593340632028401e+00,-2.048611473762471007e-14,9.871442504182373428e-13,9.283213693787291683e-13,-1.190584722192657915e-12,5.066581168697764204e-14,1.244118668126407989e+01
6.174957458489182649e+00,-4.215238321904407003e-15,-6.162684744830353213e-15,-5.174957458489172879e+00,9.401600778394129776e+00,3.579792905549473181e-15,-9.252573798413891509e-15,1.121835016306235033e+01
-5.220593340617178058e+00,6.220593340624622769e+00,-8.238549987031292903e-15,-7.437240666698308652e-12,-7.355185101142137995e-12,8.703423349962747793e-12,4.009031868990435263e-14,1.244118668124922067e+01
6.174957458489077844e+00,-3.525055925544219831e-15,-4.957612499291710244e-15,-5.174957458489068962e+00,9.401600778393925495e+00,2.637948522402490945e-15,-6.911747933060105763e-15,1.121835016306213006e+01
6.174957458489125806e+00,-3.202968075571341987e-15,-3.169094815089353002e-15,-5.174957458489119588e+00,9.401600778394030300e+00,1.697251543738067923e-15,-4.978766501144988297e-15,1.121835016306222954e+01
6.174957458489269690e+00,-3.515397721900901859e-15,-2.874580406149884861e-15,-5.174957458489264361e+00,9.401600778394312741e+00,1.958359450904288054e-15,-5.544578579703939042e-15,1.121835016306252975e+01
-5.220593340619638312e+00,6.220593340628266077e+00,-4.080055913385723385e-15,-8.620819647352348153e-12,-8.522758228946218706e-12,1.009264333259443002e-11,3.722494403075757729e-14,1.244118668125656058e+01
-5.220593340656832559e+00,6.220593340628541412e+00,-4.629728945820079866e-15,2.829090308864589063e-11,2.784568565735280057e-11,-3.315354998747477687e-11,3.657575702985774224e-14,1.244118668125712013e+01
-5.220593340636951574e+00,6.220593340629812396e+00,-1.839807774647534007e-15,7.143909021624042713e-12,7.010257826814039007e-12,-8.401877751810788485e-12,3.686030231042646236e-14,1.244118668125963012e+01
-5.220593340602697197e+00,6.220593340637511126e+00,-4.444547647779327798e-15,-3.481540416225747941e-11,-3.432302863905152086e-11,4.081144584298665726e-11,3.784156324306932105e-14,1.244118668127502936e+01
-4.384863508289111422e+00,-5.606671461723796548e-16,-6.363750499601995047e-16,5.384863508289113199e+00,1.181037682433225022e+01,6.663519808760793481e-16,1.685847154812741076e-15,9.617122193801293406e+00
-4.384863508289109646e+00,-8.040635578691764950e-16,-6.769885497643339643e-16,5.384863508289111422e+00,1.181037682433225022e+01,1.159736334856510004e-15,1.794003460615556971e-15,9.617122193801293406e+00
-4.384863508289109646e+00,-7.632786712233799800e-16,-6.084472625884540428e-16,5.384863508289112310e+00,1.181037682433225022e+01,1.276836268755439924e-15,1.645990374169632075e-15,9.617122193801295182e+00
-4.384863508289111422e+00,-6.523112100613606801e-16,-4.027589784628717857e-16,5.384863508289111422e+00,1.181037682433225022e+01,9.773142067868582348e-16,1.092089300155712949e-15,9.617122193801295182e+00
-4.384863508289109646e+00,-8.111643907191448784e-16,-6.777708633500530521e-16,5.384863508289111422e+00,1.181037682433225022e+01,1.125455484684781018e-15,1.796657200965015914e-15,9.617122193801296959e+00
-4.384863508289271294e+00,-1.317185887608415089e-15,9.027582706465888709e-16,5.384863508289271294e+00,1.181037682433256997e+01,4.139730919873048740e-17,-8.479744991989813972e-16,9.617122193801650454e+00
-4.384863508289308598e+00,-2.710249134606735059e-15,-3.969194130313676891e-16,5.384863508289311262e+00,1.181037682433264990e+01,-1.351544188911338920e-15,7.194542253470113868e-15,9.617122193801733943e+00
-4.384863508289315703e+00,-2.599164598416400954e-15,-7.201886534745599652e-17,5.384863508289318368e+00,1.181037682433266944e+01,-8.287526270975598749e-16,5.322465114794676839e-15,9.617122193801749930e+00
-4.384863508289367218e+00,-2.057705922027234089e-15,8.315837529222801123e-16,5.384863508289368994e+00,1.181037682433276004e+01,-4.668111127785704350e-18,7.723256219350510192e-16,9.617122193801856511e+00
6.174957458488973927e+00,-1.275603506351011095e-15,-2.437601852831563041e-16,-5.174957458488974815e+00,9.401600778393753188e+00,-1.259361398523858981e-15,-3.343911186561713970e-16,1.121835016306192045e+01
6.174957458488980144e+00,-1.822140506921282933e-15,-1.175340984965249005e-15,-5.174957458488976592e+00,9.401600778393756741e+00,-1.719192460619854938e-15,-1.775220102606223930e-15,1.121835016306192045e+01
6.174957458489108042e+00,-1.208936672492156046e-15,1.340119400355567004e-16,-5.174957458489108042e+00,9.401600778394007207e+00,6.941871380645540932e-16,-1.296954451165094003e-15,1.121835016306219934e+01
6.174957458489216400e+00,-1.738349565804126957e-15,4.165345838116789131e-16,-5.174957458489214623e+00,9.401600778394216817e+00,1.234443696389338990e-15,-1.228118148620475019e-15,1.121835016306241961e+01
-5.220593340616540345e+00,6.220593340634592572e+00,-3.828566324588375219e-16,-1.806122099874250839e-11,-1.782138510761995010e-11,2.116366482606239018e-11,4.169442342615055181e-14,1.244118668126916916e+01
-5.220593340642847302e+00,6.220593340638527202e+00,-4.477763831937635371e-18,4.319711704045382675e-12,4.228055785516145890e-12,-5.087525489646450136e-12,3.377554370512534280e-14,1.244118668127705973e+01
-5.220593340642930791e+00,6.220593340661687343e+00,4.811305248679816570e-16,-1.875987012933894055e-11,-1.849802796393050156e-11,2.199954491124116862e-11,3.727955004001768832e-14,1.244118668132336936e+01
-5.220593340645240943e+00,6.220593340639671176e+00,2.302627341765096187e-15,5.568191734988896269e-12,5.454684153062006856e-12,-6.553897744043447051e-12,4.055441626480267185e-14,1.244118668127934058e+01
-5.220593340639318569e+00,6.220593340640523827e+00,5.622231093219213214e-15,-1.205951596858080096e-12,-1.200650446611686049e-12,1.436828652514438096e-12,3.162685130201422273e-14,1.244118668128106009e+01
-5.220593340623877587e+00,6.220593340641322300e+00,-1.528285723496527958e-15,-1.744189344703548089e-11,-1.720732241410148105e-11,2.045128082223448939e-11,3.781204929298159179e-14,1.244118668128263927e+01
-4.384863508289106093e+00,-1.539265151834624963e-15,-5.580057390217717005e-16,5.384863508289107870e+00,1.181037682433223956e+01,8.195747364282138930e-16,3.134772683894167057e-15,9.617122193801302288e+00
7.421855985216287976e+00,-2.350562430045219031e+00,-4.071293555200890424e+00,2.982362386190255700e-11,-2.696182721118097897e-11,8.540306887319778234e-12,1.479692155049388984e-11,9.402249720180899217e+00
7.421855985246084586e+00,-2.350562430044169204e+00,-4.071293555199074987e+00,-2.840554807832042088e-12,2.565098398195072043e-12,-7.540835195049290977e-13,-1.435614194200224932e-12,9.402249720176733661e+00
-4.384863508289111422e+00,-5.897652665616394819e-16,-5.707661005288688338e-16,5.384863508289112310e+00,1.181037682433225022e+01,8.052276513404501998e-16,1.446094212153027051e-15,9.617122193801295182e+00
-4.384863508289300604e+00,-2.124699232593559034e-15,-3.816010554757666817e-16,5.384863508289305045e+00,1.181037682433263925e+01,-1.624042586818387087e-15,6.090797255220891299e-15,9.617122193801719732e+00
-1.650532053438163921e-15,5.708631028682974673e+00,-1.332395387410836074e+00,-3.376235641272137933e+00,-9.452825821475461156e-15,6.752471282544279418e+00,1.169562333801648002e+01,6.801709043833987778e+00
9.411399168444077645e+00,-3.078785777022079007e+00,-5.332613391422676763e+00,6.756202016149271840e-13,-6.179731745273549922e-13,2.340556186125423222e-13,3.320009556176073917e-13,1.231514310808834978e+01
-1.658057942104840978e-15,6.359356792270286718e+00,-1.539769071554975000e+00,-3.819587720715310830e+00,-1.100157357974106070e-14,7.639175441430626101e+00,1.323143999249026059e+01,7.384797056827827610e+00
-1.688899941650654074e-15,5.708631028682972897e+00,-1.332395387410834076e+00,-3.376235641272137045e+00,-7.426775729425962817e-15,6.752471282544276754e+00,1.169562333801646936e+01,6.801709043833981561e+00
6.174957458489251039e+00,-2.536092373301259949e-15,-1.195309298550981062e-15,-5.174957458489248374e+00,9.401600778394280766e+00,1.907407122520751076e-15,-3.397018684987864131e-15,1.121835016306249067e+01
-4.384863508289196687e+00,-1.653162436510850053e-15,2.154122846024816909e-16,5.384863508289196687e+00,1.181037682433242075e+01,-1.608808177542323066e-16,1.986906004391875121e-15,9.617122193801494134e+00
7.421855985251779586e+00,-2.350562430036117867e+00,-4.071293555185121704e+00,-3.053650731840844122e-11,2.759149877584885070e-11,-8.688054942868340727e-12,-1.514197996891931015e-11,9.402249720144565615e+00
-5.220593340624819056e+00,6.220593340637552870e+00,-1.170576476206356098e-15,-1.273848348871513968e-11,-1.256110715856370955e-11,1.495189764330568142e-11,3.586317561749588798e-14,1.244118668127510041e+01
-4.384863508289107870e+00,-4.174110591817176092e-16,-2.829594609724408832e-16,5.384863508289107870e+00,1.181037682433223956e+01,6.365975130001021028e-16,6.427401344691744545e-16,9.617122193801289853e+00
1.126336119739981077e-16,4.964732051930066170e+00,-1.096506544418307971e+00,-2.868225507511759975e+00,-1.893835872538759919e-16,5.736451015023520839e+00,9.935824613150799678e+00,6.131054012331558667e+00
7.421855985219553808e+00,-2.350562430041752915e+00,-4.071293555194881009e+00,1.707967039434155903e-11,-1.545721783511155901e-11,4.936990082594768076e-12,8.470035638422512402e-12,9.402249720167066727e+00
-2.250111749367927047e-15,5.708631028683097242e+00,-1.332395387410872933e+00,-3.376235641272220978e+00,-1.280350173355332965e-14,6.752471282544447284e+00,1.169562333801676957e+01,6.801709043834100576e+00
-7.154872678936215094e-18,4.329191699586854902e+00,-8.964435717275479609e-01,-2.432748127859306830e+00,-6.430490170175801461e-16,4.865496255718613661e+00,8.427286718940777632e+00,5.553011774472453865e+00
-4.384863508289270406e+00,-9.118913647775456262e-16,1.610224851616193055e-15,5.384863508289266854e+00,1.181037682433255931e+01,7.595548190746742503e-17,-3.300973128229674942e-15,9.617122193801648677e+00
-6.034096282884607018e-17,4.964732051930067058e+00,-1.096506544418307971e+00,-2.868225507511759975e+00,-7.632353531181333620e-16,5.736451015023520839e+00,9.935824613150796125e+00,6.131054012331555114e+00
-3.517243783782999082e-15,4.329191699587057407e+00,-8.964435717276051374e-01,-2.432748127859449827e+00,-1.491282188032779978e-14,4.865496255718902319e+00,8.427286718941285670e+00,5.553011774472672357e+00
8.112739992725201077e+00,-7.112739992767489028e+00,1.203087508812801933e-14,4.228381126155510212e-11,4.193459170459568171e-11,-3.670194341097747247e-11,-2.822905996224764027e-14,-1.422547998553496029e+01
8.112739992715701121e+00,-7.112739992767419750e+00,6.131174408028021076e-16,5.172832194351383223e-11,5.129775682581978113e-11,-4.490779089714535866e-11,-2.216469123065906156e-14,-1.422547998553480930e+01
8.112739992795470201e+00,-7.112739992765325425e+00,1.118940465395237960e-15,-3.015028013969253705e-11,-2.987677078759293845e-11,2.623039834472151014e-11,-2.296796009379514845e-14,-1.422547998553062953e+01
8.112739992750807261e+00,-7.112739992760329422e+00,-5.994484484831150156e-15,9.518860812834395192e-12,9.452184025527654110e-12,-8.255903605535185343e-12,-2.428705234896314850e-14,-1.422547998552066062e+01
8.112739992789689936e+00,-7.112739992759564700e+00,1.434288977776921010e-15,-3.012538750903946215e-11,-2.984795965132391123e-11,2.620607697612323092e-11,-2.400889276129693843e-14,-1.422547998551910986e+01
8.112739992712214132e+00,-7.112739992757263430e+00,-6.282133625237542902e-15,4.506574789365762850e-11,4.468991463102760172e-11,-3.912420559124353151e-11,-1.896768746212803121e-14,-1.422547998551453929e+01
8.112739992758154273e+00,-7.112739992756910823e+00,1.074122571736443976e-14,-1.249503919285545039e-12,-1.218305509154919085e-12,1.127890677651215988e-12,-2.331724289663611062e-14,-1.422547998551383053e+01
8.112739992827822988e+00,-7.112739992755447993e+00,2.045910862944478935e-15,-7.236722450363805834e-11,-7.172553538156292802e-11,6.296145744161591171e-11,-2.404139288128440068e-14,-1.422547998551091020e+01
8.112739992745366280e+00,-7.112739992755352070e+00,4.184432254264037370e-15,9.977701811988227254e-12,9.907068516926120735e-12,-8.668529410678977719e-12,-2.035927618355830115e-14,-1.422547998551072013e+01
8.112739992752633356e+00,-7.112739992753319029e+00,-2.704780313262440855e-15,6.800803364611248240e-13,6.929834283196709810e-13,-5.861330922066268001e-13,-1.800605207436812124e-14,-1.422547998550665938e+01
8.112739992803803091e+00,-7.112739992751892615e+00,1.422236332834994006e-15,-5.192265035671987968e-11,-5.145571177530204985e-11,4.519586647274665231e-11,-2.911150597510742031e-14,-1.422547998550374970e+01
8.112739992756383245e+00,-7.112739992748949192e+00,5.600798305412090015e-15,-7.441550684670238879e-12,-7.363022038610957915e-12,6.483836784366943701e-12,-2.424186819847138078e-14,-1.422547998549791082e+01
8.112739992756221596e+00,-7.112739992742553419e+00,-1.910852986348799872e-14,-1.364595927098640065e-11,-1.351906326856641076e-11,1.186369328358903007e-11,-2.158901853570888005e-14,-1.422547998548512993e+01
8.112739992716393900e+00,-7.112739992741878403e+00,4.956889591681535949e-15,2.546645936659218987e-11,2.526639063969556161e-11,-2.210412995291113071e-11,-2.356492634289615054e-14,-1.422547998548374970e+01
8.112739992743465578e+00,-7.112739992741434314e+00,4.701317710832029126e-18,-2.027926497551728173e-12,-2.010505614753674152e-12,1.762682797209709685e-12,4.680505106854937560e-19,-1.422547998548290415e+01
8.112739992796626609e+00,-7.112739992741045292e+00,-1.801588436023343143e-15,-5.556574020928199882e-11,-5.507457234235749879e-11,4.832610333690928898e-11,-2.210277069789894934e-14,-1.422547998548212078e+01
7.645144343668590636e+00,1.355637486139859964e-15,-1.394500809823798975e-15,-6.645144343668589748e+00,-1.233011370644661930e+01,1.007340385323547006e-15,-1.484521424673414988e-15,-1.418562098646452974e+01
7.645144343668282438e+00,1.291485347820463953e-15,9.437934228286324260e-16,-6.645144343668285991e+00,-1.233011370644602955e+01,-1.007210921438861074e-15,-1.565220238978541068e-15,-1.418562098646389025e+01
7.645144343668282438e+00,1.112746435008984966e-15,4.080706838627406160e-16,-6.645144343668284215e+00,-1.233011370644602067e+01,-1.000795579540141048e-15,-6.459963242069410889e-16,-1.418562098646389025e+01
7.645144343668276221e+00,1.685869405712894022e-15,1.068683624729158986e-15,-6.645144343668282438e+00,-1.233011370644602955e+01,-1.556646370870637012e-15,-1.737118140861639095e-15,-1.418562098646387959e+01
7.645144343668279774e+00,1.668363836239941093e-15,7.573225651644471073e-16,-6.645144343668283327e+00,-1.233011370644602955e+01,-1.652757065386159044e-15,-1.267117562917375077e-15,-1.418562098646387959e+01
-5.852043392537816580e+00,1.023754847086929982e-15,-2.153522652558058044e-15,6.852043392537820132e+00,-1.473721604320135015e+01,-1.050772934224650091e-15,-4.237777747850743352e-15,-1.258643923124325070e+01
-5.852043392537597200e+00,1.386063189894742982e-15,-1.264211942613636924e-15,6.852043392537597200e+00,-1.473721604320090961e+01,4.551132556336921815e-16,-2.724036321977239091e-15,-1.258643923124279951e+01
-5.852043392537462196e+00,1.135373401182968050e-15,4.181750475179281236e-16,6.852043392537460420e+00,-1.473721604320063960e+01,1.571479255976684924e-15,1.153590169697468929e-15,-1.258643923124249042e+01
-5.852043392537463085e+00,1.339248234490373907e-15,5.603376896649432339e-16,6.852043392537462196e+00,-1.473721604320063072e+01,1.892861174510804812e-15,1.390144826977061012e-15,-1.258643923124249042e+01
-5.852043392537463973e+00,8.154672477685430616e-16,7.290805452392289788e-16,6.852043392537463085e+00,-1.473721604320063960e+01,1.205832669961776953e-15,1.890011183605623173e-15,-1.258643923124249042e+01
-5.852043392537463973e+00,1.128174848174980022e-15,8.619022045393826980e-16,6.852043392537461308e+00,-1.473721604320063072e+01,1.719358369535617005e-15,2.164274650188839016e-15,-1.258643923124249042e+01
-5.852043392537463085e+00,9.704604527110908098e-16,1.022153629958398031e-15,6.852043392537461308e+00,-1.473721604320063072e+01,1.307380251321190072e-15,2.530434582672439022e-15,-1.258643923124249042e+01
-3.872300603828497945e+00,1.592970278112912065e-15,-2.113815629362688839e-15,4.872300603828498389e+00,-1.078864314554589932e+01,-2.002405373734655054e-15,-5.754386567032578060e-15,-8.574362044525940973e+00
-3.872300603828247922e+00,7.367217901028563602e-16,-1.132001957337533009e-15,4.872300603828248811e+00,-1.078864314554540016e+01,-1.115691974695379913e-16,-5.960855669572045703e-15,-8.574362044525408066e+00
-3.872300603828247034e+00,7.964724198640392915e-16,3.734783467088973081e-16,4.872300603828245258e+00,-1.078864314554540016e+01,1.284756210381834008e-15,1.091234839811731936e-15,-8.574362044525361881e+00
-3.872300603828244814e+00,4.300271793114755195e-16,3.665286044803835012e-16,4.872300603828242593e+00,-1.078864314554538950e+01,6.747412443045586336e-16,9.523170692410029982e-16,-8.574362044525356552e+00
-3.872300603828244814e+00,6.090909362426366068e-16,4.473726560929621746e-16,4.872300603828245258e+00,-1.078864314554538950e+01,7.851460266462253812e-16,1.260410462213442943e-15,-8.574362044525356552e+00
-1.713251113168136053e+00,2.391619782064450211e-16,1.178106540990704980e-16,2.713251113168135831e+00,-6.488890413588134898e+00,4.754560716444770510e-16,4.083210723291880969e-16,-4.097334990613901162e+00
-1.713251113168136053e+00,3.132384931608605941e-16,1.033257219831320987e-16,2.713251113168135831e+00,-6.488890413588135786e+00,5.832924453787560936e-16,3.595757955655168162e-16,-4.097334990613902939e+00
-1.713251113168134943e+00,2.699105653456585144e-16,2.799145904853240992e-16,2.713251113168134054e+00,-6.488890413588132233e+00,4.836426322971932538e-16,1.111311730331749923e-15,-4.097334990613899386e+00
-1.713251113168134943e+00,1.707926452828143037e-16,3.371331199424262296e-17,2.713251113168134943e+00,-6.488890413588134898e+00,2.326047733952160215e-16,1.744707149581953986e-16,-4.097334990613899386e+00
-1.713251113168136053e+00,1.114683119230634935e-16,1.378665747417479039e-16,2.713251113168135831e+00,-6.488890413588135786e+00,6.762984059109190416e-17,3.823601867072437791e-16,-4.097334990613899386e+00
-1.713251113168132944e+00,2.407430443097263821e-16,1.996653253254462940e-16,2.713251113168133166e+00,-6.488890413588129569e+00,4.972973537510030347e-16,7.341190816816924485e-16,-4.097334990613894945e+00
7.645144343669175058e+00,3.052942728167578044e-15,-3.606935064577211867e-16,-6.645144343669178610e+00,-1.233011370644777926e+01,2.964134515326957881e-15,-4.639619641086564694e-15,-1.418562098646573055e+01
7.645144343669082687e+00,4.594717786743547717e-15,4.447971941148030085e-15,-6.645144343669091569e+00,-1.233011370644761939e+01,5.152401682578973613e-15,-1.121672168231799072e-14,-1.418562098646554936e+01
7.645144343668831333e+00,4.059708957262812840e-15,3.433205218614601001e-15,-6.645144343668835774e+00,-1.233011370644710958e+01,3.002990106747354015e-15,-8.832560927369199293e-15,-1.418562098646503955e+01
7.645144343668818010e+00,3.982072880178239090e-15,4.085149951245367352e-15,-6.645144343668825115e+00,-1.233011370644709004e+01,4.081516691387462672e-15,-9.644627483292854073e-15,-1.418562098646500935e+01
7.645144343668770048e+00,3.827563941313518388e-15,3.445838929188297030e-15,-6.645144343668776266e+00,-1.233011370644699056e+01,2.989087295856982118e-15,-8.649144995632770429e-15,-1.418562098646490988e+01
7.645144343668749620e+00,3.490408679003443943e-15,8.685721071402666538e-16,-6.645144343668752285e+00,-1.233011370644694082e+01,1.320338017694089992e-15,-4.980400090478388342e-15,-1.418562098646486014e+01
7.645144343668279774e+00,1.841417175890132076e-15,1.419840859326202994e-15,-6.645144343668283327e+00,-1.233011370644602067e+01,-1.583657327309914961e-15,-2.291361045023932099e-15,-1.418562098646389025e+01
-5.852043392538108790e+00,2.950699314795035920e-15,-3.636594062704775818e-16,6.852043392538107014e+00,-1.473721604320192036e+01,-2.361476193877077960e-15,4.375647378842404695e-15,-1.258643923124384933e+01
-5.852043392537983557e+00,2.335219742873644911e-15,-9.686340030285669736e-16,6.852043392537983557e+00,-1.473721604320168055e+01,-1.781781749573875102e-15,1.576942952334026035e-15,-1.258643923124360064e+01
-5.852043392537951583e+00,3.740556531189010617e-15,1.414102668838734975e-15,6.852043392537945365e+00,-1.473721604320160061e+01,-2.473775050497715065e-15,1.028754377194572072e-14,-1.258643923124352959e+01
-5.852043392537907174e+00,2.256221970855592866e-15,-6.380573847578432061e-16,6.852043392537905397e+00,-1.473721604320152068e+01,-1.478160117197758910e-15,2.186600540260625023e-15,-1.258643923124344077e+01
-5.852043392537907174e+00,2.549417469055200997e-15,-3.684069978317032934e-16,6.852043392537905397e+00,-1.473721604320152068e+01,-8.997928676057746609e-16,2.703919199456106154e-15,-1.258643923124343011e+01
-5.852043392537869870e+00,2.927654802873808916e-15,-3.295201390173575853e-16,6.852043392537868982e+00,-1.473721604320144074e+01,-7.128152595601714699e-16,3.052618126098995095e-15,-1.258643923124336084e+01
-5.852043392537838784e+00,2.736200037432246869e-15,1.171206474958399911e-16,6.852043392537837896e+00,-1.473721604320138034e+01,-1.656134047584035986e-15,4.894087979739866198e-15,-1.258643923124330044e+01
-3.872300603828659149e+00,3.099473392873948896e-15,-1.370105247504765074e-15,4.872300603828655596e+00,-1.078864314554621018e+01,-3.141087688722780107e-15,1.370486734802992990e-16,-8.574362044526282034e+00
-5.852043392537748190e+00,1.801876736612515113e-15,-1.314950579304490028e-15,6.852043392537748190e+00,-1.473721604320120981e+01,-5.660667936123525792e-16,-1.102880483867182919e-15,-1.258643923124311037e+01
8.112739992805028777e+00,-7.112739992758844387e+00,6.560565515222033626e-15,-4.619789902545112759e-11,-4.577636803152435682e-11,4.020192495742962200e-11,-2.653238241273093883e-14,-1.422547998551766035e+01
8.112739992778774223e+00,-7.112739992792407762e+00,-8.976980213098985776e-15,1.363581727156238035e-11,1.353408843232902020e-11,-1.185913640886467070e-11,-2.714679234090756856e-14,-1.422547998558479065e+01
-3.872300603828247034e+00,6.093218453402740392e-16,3.663905882478870915e-16,4.872300603828246146e+00,-1.078864314554538950e+01,1.063368355021555093e-15,1.011596017745216068e-15,-8.574362044525358328e+00
8.112739992739250283e+00,-7.112739992754509188e+00,2.657956384605884070e-15,1.526061609883898842e-11,1.514155887458900888e-11,-1.325675980396826008e-11,-2.325723552720242869e-14,-1.422547998550903969e+01
