2.532600697727174222e+00,2.093571486959829198e+00,-3.626172184691922151e+00,4.906812817854909376e-12,4.338091523965189600e-12,3.603503656264123093e-12,-6.104480826553746828e-12,-8.374285947839235078e+00
2.532600697729889827e+00,2.093571486959993067e+00,-3.626172184692229017e+00,2.344460183988518937e-12,2.035364943213437006e-12,1.747972600340476061e-12,-2.989098068891752980e-12,-8.374285947839959832e+00
2.532600697731233197e+00,2.093571486960604133e+00,-3.626172184693285061e+00,1.454062653838718920e-12,1.252423416134952083e-12,1.090433336704913973e-12,-1.797192571018130055e-12,-8.374285947842395217e+00
2.532600697733661033e+00,2.093571486961697037e+00,-3.626172184695182210e+00,-1.810556976656445920e-13,-1.947313623031369951e-13,-1.105283846001839031e-13,2.470432185354166220e-13,-8.374285947846770384e+00
2.532600697732395822e+00,2.093571486962000794e+00,-3.626172184695696910e+00,1.298687132505658910e-12,1.113165851765852912e-12,9.858866624496892480e-13,-1.617685323537817988e-12,-8.374285947847969425e+00
-7.067447306274947216e+00,2.952890657794659202e+00,5.114556648495826252e+00,-1.554320403770520921e-11,1.530317649076483848e-11,-6.427505889040174750e-12,-1.104261846898614005e-11,-1.181156263117862970e+01
-7.067447306321403389e+00,2.952890657796777951e+00,5.114556648499506863e+00,2.511839255857133015e-11,-2.471580625797699109e-11,1.026924967220126944e-11,1.790370013754368044e-11,-1.181156263118715088e+01
-7.067447306289597719e+00,2.952890657800943952e+00,5.114556648506719760e+00,-1.806504809933753149e-11,1.778147102457661999e-11,-7.454182385042113806e-12,-1.282250779769213943e-11,-1.181156263120374028e+01
-7.067447306312222288e+00,2.952890657801730878e+00,5.114556648508092884e+00,2.392485340108019057e-12,-2.351365933835746986e-12,9.481617495071728908e-13,1.741474477198092940e-12,-1.181156263120693950e+01
-7.067447306326887890e+00,2.952890657807690999e+00,5.114556648518382431e+00,8.128873963400063930e-13,-7.930806268766143630e-13,2.760850817264888251e-13,5.932793494277456084e-13,-1.181156263123068939e+01
-7.067447306328771717e+00,2.952890657808655117e+00,5.114556648520098392e+00,1.307751555437093033e-14,-8.905326441792505503e-15,-4.663989309108784164e-14,4.220268624371452053e-14,-1.181156263123465067e+01
3.245548136256918070e+00,3.067475799553395888e+00,-5.313023935814441323e+00,4.128296706749379605e-12,3.420887699158432849e-12,3.241060069852921920e-12,-5.509958030324049211e-12,-1.226990319821354980e+01
3.245548136257122795e+00,3.067475799554356897e+00,-5.313023935816116428e+00,4.633990711600137894e-12,3.771536814356140869e-12,3.671987073701355837e-12,-6.303448422781468139e-12,-1.226990319821742936e+01
3.245548136272963902e+00,3.067475799557517924e+00,-5.313023935821581389e+00,-8.901169802640891652e-12,-7.412024249139189917e-12,-6.898454618535486374e-12,1.202325556412819928e-11,-1.226990319823005926e+01
3.245548136265543171e+00,3.067475799557534799e+00,-5.313023935821603594e+00,-1.477266835231184961e-12,-1.283230388668168046e-12,-1.085649298972037978e-12,1.972802447283168935e-12,-1.226990319823008058e+01
-1.554279928435060889e-16,3.093186232668594826e+00,-4.257397555147163004e+00,2.164211322478569066e+00,-8.844071073481562626e-15,-4.328422644957134580e+00,-7.497047937697423947e+00,-8.561685281731623576e+00
-3.169012727420975166e-16,3.093186232668593938e+00,-4.257397555147160340e+00,2.164211322478566846e+00,-9.529247871837813560e-15,-4.328422644957136356e+00,-7.497047937697420394e+00,-8.561685281731620023e+00
-3.024310967248638105e-16,3.526132928399924982e+00,-4.933059523262886437e+00,2.406926594862961011e+00,-5.020824486460375187e-16,-4.813853189725924686e+00,-8.337838304782801302e+00,-1.003635360530578957e+01
-3.456075313369900192e-16,3.526132928399928090e+00,-4.933059523262890878e+00,2.406926594862962787e+00,-5.958254618238196798e-16,-4.813853189725928239e+00,-8.337838304782804855e+00,-1.003635360530580023e+01
1.052512926486750059e-15,3.640405848982966930e+00,-5.111065345795940296e+00,2.470659496812971145e+00,7.264010500069296880e-16,-4.941318993625934297e+00,-8.558615553365239492e+00,-1.042443802148038934e+01
-1.971794136509710990e-16,3.640405848982990911e+00,-5.111065345795966941e+00,2.470659496812976030e+00,-3.575206019422814828e-16,-4.941318993625951173e+00,-8.558615553365262585e+00,-1.042443802148043019e+01
3.177663373334563791e-16,3.640405848983216064e+00,-5.111065345796333759e+00,2.470659496813119027e+00,-6.176263879369090340e-15,-4.941318993626230949e+00,-8.558615553365749307e+00,-1.042443802148125975e+01
-6.228979216494210867e-16,3.640405848983280901e+00,-5.111065345796437676e+00,2.470659496813155886e+00,-9.628411895626617710e-15,-4.941318993626314438e+00,-8.558615553365889639e+00,-1.042443802148148002e+01
-9.056990489531228761e+00,3.681114004769288073e+00,6.375876484713759673e+00,4.818258398130177688e-11,-4.717198709928175233e-11,1.915840557294189994e-11,3.325286686302872195e-11,-1.472445601907712032e+01
-9.056990489522629417e+00,3.681114004781285143e+00,6.375876484734522620e+00,6.824973644886919394e-12,-6.677331974493788197e-12,2.672314512090920140e-12,4.717054871024088901e-12,-1.472445601912509083e+01
-9.056990489537119160e+00,3.681114004782437110e+00,6.375876484736516581e+00,1.815200436261852906e-11,-1.776601222925904131e-11,7.187480325033441211e-12,1.252555752541565945e-11,-1.472445601912973956e+01
-9.056990489523890631e+00,3.681114004782993110e+00,6.375876484737466043e+00,3.419792503457027837e-12,-3.344887033827474998e-12,1.322418396187597075e-12,2.365476381197523170e-12,-1.472445601913199020e+01
-9.056990489521044907e+00,3.681114004785249971e+00,6.375876484741408667e+00,-5.599982384748884827e-12,5.483339850935069373e-12,-2.260922880646277979e-12,-3.841247072127880222e-12,-1.472445601914103008e+01
-9.056990489524967103e+00,3.681114004786134597e+00,6.375876484742929229e+00,-4.072909511244343850e-12,3.987040405378934765e-12,-1.620486683496183909e-12,-2.806764434576065355e-12,-1.472445601914448687e+01
-9.056990489501220765e+00,3.681114004787852778e+00,6.375876484745898409e+00,-3.253992253641892260e-11,3.185267566996354228e-11,-1.294179801524054924e-11,-2.241569476574544081e-11,-1.472445601915140045e+01
-9.056990489494316066e+00,3.681114004788272887e+00,6.375876484746648032e+00,-4.060946116557403699e-11,3.976588434719095873e-11,-1.620958707000905040e-11,-2.797572365679683157e-11,-1.472445601915311997e+01
-9.056990489528493171e+00,3.681114004788494043e+00,6.375876484747020179e+00,-7.030558395940488126e-12,6.886482509866616996e-12,-2.812869828553140800e-12,-4.822201988684842652e-12,-1.472445601915397084e+01
-9.056990489512484643e+00,3.681114004789546090e+00,6.375876484748847162e+00,-2.591254176237416916e-11,2.536907174381202104e-11,-1.034395044767298990e-11,-1.782370915369613066e-11,-1.472445601915818969e+01
-9.056990489528757848e+00,3.681114004791123939e+00,6.375876484751595186e+00,-1.395322815316204981e-11,1.366701063187042030e-11,-5.586575189538935041e-12,-9.592481834222257430e-12,-1.472445601916455082e+01
3.767461884393088045e+00,3.780423238086167093e+00,-6.547885122479280007e+00,2.628979007213361864e-14,-1.081652492918412928e-14,6.318892093748987173e-14,-3.256705281369448098e-14,-1.512169295234465061e+01
3.767461884389823989e+00,3.780423238086524140e+00,-6.547885122479905284e+00,3.569967690263874032e-12,2.782904750359918989e-12,2.930349709866370187e-12,-4.983957876750830038e-12,-1.512169295234608057e+01
3.767461884401992922e+00,3.780423238088758797e+00,-6.547885122483788400e+00,-6.966078029321991044e-12,-5.607440022254545743e-12,-5.535769412586319622e-12,9.648658767287129574e-12,-1.512169295235504940e+01
3.767461884387357962e+00,3.780423238091239924e+00,-6.547885122488080079e+00,9.483175998999522324e-12,7.575785211924454391e-12,7.620336146150618508e-12,-1.309767601141163964e-11,-1.512169295236492061e+01
3.767461884399388783e+00,3.780423238091418892e+00,-6.547885122488374954e+00,-2.434838497329565831e-12,-2.005227212873694932e-12,-1.893213601691469066e-12,3.350499686096062185e-12,-1.512169295236565070e+01
3.767461884404767147e+00,3.780423238091526805e+00,-6.547885122488586340e+00,-7.709400790893518457e-12,-6.190622406124731115e-12,-6.134867843023205366e-12,1.070167918019809024e-11,-1.512169295236610012e+01
3.767461884401031025e+00,3.780423238093418181e+00,-6.547885122491840626e+00,-2.600402376010045956e-12,-2.104817018441012910e-12,-2.029889887837040842e-12,3.632453731200049953e-12,-1.512169295237367983e+01
3.767461884417627971e+00,3.780423238093705063e+00,-6.547885122492341559e+00,-1.898660540422324068e-11,-1.519240281265844081e-11,-1.516473212999950846e-11,2.634219389593249069e-11,-1.512169295237479005e+01
-5.172369196399402780e-16,4.081587037656072781e+00,-5.797332304894164068e+00,2.715745267238094840e+00,-8.455288265359925179e-16,-5.431490534476193233e+00,-9.407617566542203491e+00,-1.191937412556202958e+01
-3.203957998089017063e-16,4.635475245666365041e+00,-6.657263426884804325e+00,3.021788181218438840e+00,-4.479937671867943348e-16,-6.043576362436882121e+00,-1.046778131916297916e+01,-1.379048649813642058e+01
-6.277389016627652771e-16,5.188703762329721414e+00,-7.514887665299442965e+00,3.326183902969722883e+00,-1.072558603641780978e-15,-6.652367805939445766e+00,-1.152223903052261988e+01,-1.565492697428314983e+01
-1.813723775397927006e-15,5.188703762329856417e+00,-7.514887665299656128e+00,3.326183902969804151e+00,-7.857496552001356103e-15,-6.652367805939617185e+00,-1.152223903052290055e+01,-1.565492697428362057e+01
-1.367667417388735969e-15,5.188703762330153957e+00,-7.514887665300124198e+00,3.326183902969972905e+00,-7.964616960026221924e-15,-6.652367805939949363e+00,-1.152223903052347964e+01,-1.565492697428465085e+01
3.767461884390220117e+00,3.780423238084539950e+00,-6.547885122476482245e+00,1.713084751391476040e-12,1.334762286646494978e-12,1.404415568581238044e-12,-2.382973774232348978e-12,-1.512169295233814914e+01
2.532600697734514128e+00,2.093571486961716133e+00,-3.626172184695211964e+00,-1.016315839601124054e-12,-9.458967586659057669e-13,-6.982420931038869804e-13,1.299567455875584078e-12,-8.374285947846855649e+00
2.532600697728883965e+00,2.093571486959981964e+00,-3.626172184692202816e+00,3.341539714222294799e-12,2.914084709761748165e-12,2.489581746588689969e-12,-4.239546411709568334e-12,-8.374285947839918975e+00
8.217684210053559199e-18,1.551268667022843939e+00,4.663308464021512223e-01,-1.017599513424995994e+00,-1.961368568972643093e-16,2.035199026849991988e+00,-3.525068118018921837e+00,1.487119895835439909e+00
3.459172319779720860e-17,1.095818712725862953e+00,8.477732238024768829e-01,-9.435919365283398363e-01,-1.540360468900576105e-16,1.887183873056679895e+00,-3.268698351358783949e+00,-7.451351683929753333e-01
7.295981410409216885e-16,-3.060088158984461959e+00,1.618856436758254969e+00,2.441231722226206990e+00,-4.159373715839254623e-15,-4.882463444452397106e+00,-8.456674751889314834e+00,-5.122931207185018598e-01
-4.832840507980996832e-17,-3.060088158984534790e+00,1.618856436758304929e+00,2.441231722226230083e+00,3.170559409433954138e-16,-4.882463444452458390e+00,-8.456674751889403652e+00,-5.122931207184731051e-01
-6.150476808248045180e-17,-4.447023500762285586e+00,2.045406734778620006e+00,3.401616765983666024e+00,3.470729816537339754e-16,-6.803233531967332937e+00,-1.178354613312368038e+01,-1.808550227964311086e+00
-4.172012538522551098e-17,-5.089092686510353403e+00,2.247362623614205024e+00,3.841730062896150155e+00,6.259110610644204272e-16,-7.683460125792299422e+00,-1.330814331580181964e+01,-2.393092878758519948e+00
-7.588429771297467311e-17,-5.089092686510353403e+00,2.247362623614204136e+00,3.841730062896147935e+00,5.691462887435814988e-16,-7.683460125792299422e+00,-1.330814331580181076e+01,-2.393092878758516839e+00
7.631709559066488427e-16,-5.089092686510507946e+00,2.247362623614230781e+00,3.841730062896274944e+00,-6.102257395884430179e-16,-7.683460125792538342e+00,-1.330814331580224064e+01,-2.393092878758729114e+00
-3.510330046393840779e-16,-5.089092686510510610e+00,2.247362623614237886e+00,3.841730062896274056e+00,6.557365071814123304e-15,-7.683460125792548112e+00,-1.330814331580224952e+01,-2.393092878758718900e+00
-2.530889134663173896e-15,2.561602286708103970e-01,2.441482993356748121e+00,-1.697643222027555909e+00,1.781236147239853032e-15,-6.790572888110225414e+00,-3.478952992678802140e-15,-1.024640914683246917e+00
-1.111462229176573096e-16,-6.277987902028021594e+00,2.624813272081886861e+00,4.653174629946134289e+00,7.901693291348822790e-16,-9.306349259892268577e+00,-1.611906975111443074e+01,-3.463355908802161931e+00
8.298816917848524798e-17,-6.277987902028086431e+00,2.624813272081897964e+00,4.653174629946187579e+00,2.978234695318483088e-15,-9.306349259892373382e+00,-1.611906975111460838e+01,-3.463355908802248972e+00
-1.164829912195985089e-16,-6.929687700997996025e+00,2.832929242494965028e+00,5.096758458503031441e+00,5.044827374922853007e-16,-1.019351691700605933e+01,-1.765568920806736841e+01,-4.045820637498206196e+00
-8.364608963530792951e-17,-6.929687700997995137e+00,2.832929242494965916e+00,5.096758458503031441e+00,7.208737270553941841e-16,-1.019351691700605933e+01,-1.765568920806736131e+01,-4.045820637498206196e+00
-4.512751944323113965e-17,-6.929687700997998689e+00,2.832929242494968136e+00,5.096758458503033218e+00,9.424870185396490577e-16,-1.019351691700605933e+01,-1.765568920806736841e+01,-4.045820637498207084e+00
-2.355243688781968898e-15,3.653460582853869203e-03,3.401725658264036056e+00,-2.405379118846887820e+00,2.154243491683380892e-15,-9.621516475387551282e+00,-3.309260637532271057e-15,-1.461384233142084925e-02
-1.673552089199356044e-15,-1.322064484828235909e-01,3.849135979687385856e+00,-2.716929531204562043e+00,3.796491854385560924e-15,-1.086771812481823929e+01,2.962066062550666907e-15,5.288257939312992484e-01
-1.032136494923554082e+00,-2.775950076014404022e+00,4.808086570931627612e+00,6.337722869125989151e-12,2.362459463396312904e-12,5.985731168679729078e-12,-1.067812134880369016e-11,1.110380030405761076e+01
-1.032136494923292069e+00,-2.775950076019409796e+00,4.808086570940305116e+00,2.397902287425425931e-12,9.381829630864474673e-13,2.317182493194767992e-12,-4.005249265794865258e-12,1.110380030407763030e+01
-5.448662512356738928e-16,-2.824283331406565178e+00,5.341933404237918737e+00,-1.517650072831352892e+00,1.390652946162520121e-17,-6.070600291325416009e+00,-3.214899565800982066e-15,1.129713332562626071e+01
-5.342830285300458811e-16,-2.824283331406566067e+00,5.341933404237919625e+00,-1.517650072831352892e+00,-8.066611652409726150e-18,-6.070600291325411568e+00,-6.281691197601433364e-17,1.129713332562626960e+01
-3.900860933594632242e-16,-8.517876423796710839e-01,5.867277755481223878e+00,-4.015490113101551906e+00,1.048115227014137961e-16,-1.606196045240621118e+01,-1.383645007610898088e-15,3.407150569518683003e+00
-9.429502639091562577e-16,-8.517876423796901797e-01,5.867277755481325130e+00,-4.015490113101635394e+00,1.726580640037596940e-15,-1.606196045240654158e+01,3.531206701735244856e-16,3.407150569518762051e+00
-8.295083271177965450e-16,-8.517876423797039465e-01,5.867277755481373980e+00,-4.015490113101670033e+00,2.019064489370739950e-15,-1.606196045240668013e+01,1.939060981054491098e-15,3.407150569518818894e+00
-5.369057880586167145e-16,-8.517876423797259289e-01,5.867277755481472568e+00,-4.015490113101744640e+00,2.914316204979590083e-15,-1.606196045240697856e+01,5.639042975150393647e-15,3.407150569518913041e+00
-1.554050243049011071e+00,-3.488897514537173006e+00,6.042947757579160140e+00,7.025751770027472250e-12,3.021630489665191902e-12,6.631368298924265016e-12,-1.162564494268917030e-11,1.395559005814872044e+01
-1.554050243052990110e+00,-3.488897514542848910e+00,6.042947757588978064e+00,6.860310260737099216e-12,2.939905979340264980e-12,6.449512990202741322e-12,-1.137412807869178081e-11,1.395559005817139031e+01
-1.554050243048588964e+00,-3.488897514544124778e+00,6.042947757591209168e+00,1.516568609353452081e-12,6.852532192883350127e-13,1.363304722766144995e-12,-2.545984505276992856e-12,1.395559005817649023e+01
-6.512146314049653544e-16,-3.188951925598153103e+00,6.236317215401140146e+00,-2.047365289802987043e+00,-6.389667255660278701e-17,-8.189461159211949948e+00,-2.312604722298078909e-15,1.275580770239261064e+01
-7.006964270596699507e-16,-3.188951925598153991e+00,6.236317215401139258e+00,-2.047365289802986155e+00,6.103919172143036392e-17,-8.189461159211944619e+00,-1.489608218545778985e-15,1.275580770239261952e+01
1.454173200774475964e-15,-3.973657558980160154e+00,6.517060402410549180e+00,-1.543402843430389026e+00,1.309500592545062073e-15,3.086805686860782050e+00,5.346504282735417668e+00,1.462844434798035920e+01
1.140306750012382925e-15,-4.525276413585734403e+00,7.374360195275626140e+00,-1.849083781689893957e+00,1.045098209805951941e-15,3.698167563379795908e+00,6.405414114676995396e+00,1.649498023589039875e+01
1.134599499815291008e-15,-4.525276413585735291e+00,7.374360195275628804e+00,-1.849083781689895067e+00,9.387370816834022306e-16,3.698167563379791911e+00,6.405414114676995396e+00,1.649498023589040940e+01
-6.521762037383140830e-16,-3.674214009851413998e+00,7.560410276721163392e+00,-2.886196266869747173e+00,-1.040159305460878944e-16,-1.154478506747899047e+01,-3.851971911532920630e-15,1.469685603940565954e+01
-4.136227356562323882e-16,-3.674214009851417106e+00,7.560410276721164280e+00,-2.886196266869748950e+00,1.038534481676870969e-16,-1.154478506747899935e+01,-1.668909802533138047e-15,1.469685603940567020e+01
-6.996932783407578333e-16,-3.674214009851416218e+00,7.560410276721163392e+00,-2.886196266869747173e+00,1.122476883918290920e-16,-1.154478506747899047e+01,-4.890056106068618531e-16,1.469685603940567020e+01
-4.984906587435653802e-16,-3.674214009851416218e+00,7.560410276721167833e+00,-2.886196266869751170e+00,7.939291718305143068e-18,-1.154478506747899935e+01,-2.004356132907211971e-15,1.469685603940565954e+01
-4.843208630689431412e-16,-3.674214009851417106e+00,7.560410276721166944e+00,-2.886196266869748062e+00,-3.145956997051776056e-17,-1.154478506747899047e+01,3.553317358889683211e-16,1.469685603940567020e+01
-9.459622503294063851e-15,-3.674214009851541896e+00,7.560410276721412970e+00,-2.886196266869859972e+00,2.936595563597804121e-15,-1.154478506747948963e+01,-2.693911525682152941e-14,1.469685603940614982e+01
-2.299681159380940237e-16,-8.517876423796711949e-01,5.867277755481225654e+00,-4.015490113101553682e+00,2.004817245932512965e-17,-1.606196045240621828e+01,-1.166071305466490919e-15,3.407150569518683003e+00
6.544405014056327398e-16,-4.525276413585737068e+00,7.374360195275630581e+00,-1.849083781689895956e+00,4.782825637514773248e-16,3.698167563379794132e+00,6.405414114676998949e+00,1.649498023589042006e+01
-5.481187707271023112e-16,-3.674214009851413998e+00,7.560410276721163392e+00,-2.886196266869748950e+00,7.687005807551768319e-17,-1.154478506747899935e+01,-3.960119518332872869e-15,1.469685603940565066e+01
4.102631685121429863e-17,1.532424079266156092e+00,5.244178156948834379e-01,-1.056841894961040085e+00,-1.782294536884485991e-16,2.113683789922080170e+00,-3.661007715279783969e+00,1.248211556176652026e+00
1.244702050427129050e-15,-3.060088158984478834e+00,1.618856436758256967e+00,2.441231722226219869e+00,-5.686225946282160128e-15,-4.882463444452420198e+00,-8.456674751889359243e+00,-5.122931207185273950e-01
-1.722747104401202920e-16,3.653460582858540813e-03,3.401725658263991203e+00,-2.405379118846850961e+00,-2.203333126002383851e-17,-9.621516475387402068e+00,-8.000496577634744309e-16,-1.461384233143529082e-02
7.281811704265847366e-16,1.197669528408163986e+00,8.155886967759322648e-01,-1.013258225184096917e+00,-9.972239702458488326e-16,2.026516450368193833e+00,-3.510029454411846217e+00,-4.299430649732757237e-01
-4.292176709116496358e-15,-8.517876423796922891e-01,5.867277755481359769e+00,-4.015490113101662928e+00,3.923697327006874692e-15,-1.606196045240665882e+01,-9.495927024461603425e-15,3.407150569518754057e+00
9.406864498193196489e-16,-3.973657558980162818e+00,6.517060402410553621e+00,-1.543402843430391025e+00,6.260020635755524225e-16,3.086805686860783826e+00,5.346504282735420333e+00,1.462844434798038051e+01
-1.590924464814109078e-15,-3.188951925598241033e+00,6.236317215401301794e+00,-2.047365289803058985e+00,2.690576175751963049e-15,-8.189461159212219954e+00,9.832436902643744901e-15,1.275580770239296058e+01
-1.970596244201481957e-16,2.561602286708121734e-01,2.441482993356737907e+00,-1.697643222027549914e+00,1.082287828180548013e-15,-6.790572888110199656e+00,3.267758946663810068e-15,-1.024640914683242032e+00
3.146286183539303796e-17,1.095818712725862953e+00,8.477732238024768829e-01,-9.435919365283402804e-01,-1.349835792379611028e-16,1.887183873056679895e+00,-3.268698351358784837e+00,-7.451351683929747782e-01
8.922357297773089631e-16,-4.525276413585732627e+00,7.374360195275627916e+00,-1.849083781689893957e+00,7.788706995545689454e-16,3.698167563379791023e+00,6.405414114676992732e+00,1.649498023589039875e+01
-1.032136494921221059e+00,-2.775950076023158797e+00,4.808086570946790594e+00,-2.408902456268884163e-12,-7.678714005038148287e-13,-2.273341027525379048e-12,4.079768287021451291e-12,1.110380030409258012e+01
-4.948082995287864203e-16,-2.824283331406566067e+00,5.341933404237918737e+00,-1.517650072831352892e+00,5.516048654608269930e-17,-6.070600291325416009e+00,-3.106760448269073846e-15,1.129713332562626071e+01
1.080343540673625026e-17,1.551268667022845049e+00,4.663308464021513888e-01,-1.017599513424995994e+00,-1.384581077101298962e-16,2.035199026849991988e+00,-3.525068118018924057e+00,1.487119895835439021e+00
9.555951360262483558e-16,-3.060088158984533901e+00,1.618856436758270956e+00,2.441231722226262946e+00,-3.995910865140424069e-15,-4.882463444452504575e+00,-8.456674751889504904e+00,-5.122931207185907887e-01
7.441017101490369168e-16,-3.973657558980161930e+00,6.517060402410551845e+00,-1.543402843430389915e+00,5.016887431391344180e-16,3.086805686860785158e+00,5.346504282735420333e+00,1.462844434798036986e+01
9.772248364099924700e+00,-3.210865749584042916e+00,-5.561382614562290883e+00,4.640245264997795851e-11,-4.259911611985012832e-11,1.403166184852493044e-11,2.423283645656144940e-11,1.284346299833618055e+01
9.772248364135048604e+00,-3.210865749575770867e+00,-5.561382614547943248e+00,-1.132064344380742956e-11,1.039431827547885023e-11,-3.382587559160372009e-12,-5.928859037305581145e-12,1.284346299830309057e+01
9.772248364146848942e+00,-3.210865749574972838e+00,-5.561382614546586112e+00,-2.528882643665997119e-11,2.321132315078102924e-11,-7.590607556766595808e-12,-1.323210417691959026e-11,1.284346299829996951e+01
9.772248364112893881e+00,-3.210865749574046912e+00,-5.561382614544995384e+00,6.143086640681193159e-12,-5.637832862628108039e-12,1.872371930154813002e-12,3.193194668137630798e-12,1.284346299829616989e+01
9.772248364105756480e+00,-3.210865749573545980e+00,-5.561382614544121417e+00,1.191368818430066983e-11,-1.094056406513591958e-11,3.628044974164167113e-12,6.215218690563987148e-12,1.284346299829429050e+01
9.772248364104534346e+00,-3.210865749571524930e+00,-5.561382614540580249e+00,7.598467215018693920e-12,-6.974635186762652802e-12,2.291656785589788050e-12,3.969265018284674819e-12,1.284346299828609261e+01
9.772248364133307774e+00,-3.210865749570483096e+00,-5.561382614538798563e+00,-2.403871975093181032e-11,2.205664597478576934e-11,-7.207293094656878382e-12,-1.256774777460699022e-11,1.284346299828196969e+01
9.772248364121022490e+00,-3.210865749568975858e+00,-5.561382614536187319e+00,-1.584454099212555846e-11,1.454264258514211015e-11,-4.751113707224903697e-12,-8.284115587892103728e-12,1.284346299827589988e+01
7.782705180918197740e+00,-2.482642402607964094e+00,-4.300062778341851910e+00,3.161686994933472134e-11,-2.868892596089756042e-11,9.205947962110689951e-12,1.584568962806867962e-11,9.930569610431902561e+00
7.782705180898639163e+00,-2.482642402597747822e+00,-4.300062778324183377e+00,2.329868222165003879e-11,-2.114405607186137992e-11,6.797365357464687355e-12,1.168327803774424078e-11,9.930569610391104973e+00
7.782705180924441635e+00,-2.482642402594247955e+00,-4.300062778318093137e+00,-1.211459083249526978e-11,1.098375441998957039e-11,-3.458901571409428917e-12,-6.096823787638883172e-12,9.930569610376974055e+00
7.782705180903098707e+00,-2.482642402589636976e+00,-4.300062778310120848e+00,-3.350102824648075087e-12,3.037687169894018995e-12,-9.441353192565422816e-13,-1.695658943523171024e-12,9.930569610358540800e+00
7.782705180891149155e+00,-2.482642402589605002e+00,-4.300062778310031142e+00,8.499788390205674616e-12,-7.701672127637505625e-12,2.468625188136550017e-12,4.226820160603025702e-12,9.930569610358329413e+00
7.782705180893820796e+00,-2.482642402588168817e+00,-4.300062778307579769e+00,1.940592655012456653e-12,-1.759844059201990129e-12,5.613829632781924469e-13,9.723408541020104284e-13,9.930569610352677046e+00
7.782705180908809695e+00,-2.482642402587745156e+00,-4.300062778306848799e+00,-1.422141405134472022e-11,1.289250846337633998e-11,-4.060853885013062738e-12,-7.139610951164591797e-12,9.930569610351037468e+00
-1.695457244495643995e-15,6.788297429924299742e+00,-1.676848004111042068e+00,-4.111449425813257008e+00,-1.163749250861121988e-14,8.222898851626519345e+00,1.424247859651691073e+01,7.767822980467025573e+00
-1.190240035570607925e-15,6.788297429924032400e+00,-1.676848004110957024e+00,-4.111449425813074932e+00,-6.199655427926052614e-15,8.222898851626148087e+00,1.424247859651626946e+01,7.767822980466780436e+00
1.630136928877205112e-16,5.393419168785762885e+00,-1.232261386203113096e+00,-3.161157782582650011e+00,-4.776750279777945234e-16,6.322315565165300910e+00,1.095057178034983991e+01,6.518159679353428437e+00
-2.889208833427950176e-15,4.752287758638951587e+00,-1.029449996456589078e+00,-2.722837762182360066e+00,-1.402919053298697941e-14,5.445675524364726350e+00,9.432186689734001206e+00,5.938456121849089442e+00
-2.433168386196591108e-15,4.752287758638827242e+00,-1.029449996456553107e+00,-2.722837762182273025e+00,-1.500261534031287019e-14,5.445675524364553155e+00,9.432186689733704554e+00,5.938456121848968650e+00
5.990153579078056551e-17,4.752287758638770399e+00,-1.029449996456536898e+00,-2.722837762182233057e+00,-4.598834288298304204e-16,5.445675524364466114e+00,9.432186689733546459e+00,5.938456121848894043e+00
8.779855095067775518e-17,4.752287758638770399e+00,-1.029449996456536898e+00,-2.722837762182233057e+00,-4.427706735929601987e-16,5.445675524364467890e+00,9.432186689733546459e+00,5.938456121848895819e+00
-5.522881489585549808e+00,6.522881489587802228e+00,-1.117172503126039926e-14,-2.239719807973262949e-12,-2.232009207247898134e-12,2.610484668270585897e-12,3.702935185047836146e-14,1.304576297917557959e+01
-5.522881489615370398e+00,6.522881489602999849e+00,-1.105612416549451986e-14,1.238593737425073929e-11,1.218002900574530975e-11,-1.448701886155057028e-11,3.332572946727961846e-14,1.304576297920596950e+01
-5.522881489595643956e+00,6.522881489574211322e+00,-6.209676468713431963e-15,2.143344874025704932e-11,2.110541258045861101e-11,-2.501520195125658004e-11,3.995935040913476109e-14,1.304576297914839955e+01
-5.522881489573133074e+00,6.522881489592498916e+00,-7.277781829508317362e-15,-1.935982572277558882e-11,-1.912563015801270033e-11,2.253239349161409857e-11,3.948513702079185133e-14,1.304576297918499961e+01
-5.522881489627100571e+00,6.522881489595291349e+00,-8.844875588342482809e-15,3.181196857281226984e-11,3.133514287950713283e-11,-3.712170232548679879e-11,4.639409274888385804e-14,1.304576297919057026e+01
-5.522881489630669272e+00,6.522881489598310267e+00,-5.590184009216580381e-15,3.235294066367977044e-11,3.187531337088498057e-11,-3.773762366127270772e-11,3.429550508826245765e-14,1.304576297919659922e+01
6.537667170861293897e+00,-2.901652860371314071e-15,-2.987008522866994922e-15,-5.537667170861288568e+00,1.012349330437123029e+01,2.366002892208149135e-15,-5.632012932128383057e-15,1.195160846406164978e+01
-5.522881489578418623e+00,6.522881489576072056e+00,-3.764171707330331673e-15,2.358380886722259990e-12,2.297273136551133928e-12,-2.756848958357007052e-12,3.940889143228890697e-14,1.304576297915214944e+01
-5.522881489574555047e+00,6.522881489595851789e+00,-2.234939574817329064e-15,-2.128573099902037843e-11,-2.099884014734309860e-11,2.479334164213055019e-11,5.322712438557292937e-15,1.304576297919168937e+01
-1.291248380959425957e+00,1.210726972844834921e-16,1.187645266490922060e-16,2.291248380959424846e+00,-5.645806702391587883e+00,1.365864478422948972e-16,5.412067876199966487e-16,-3.181732205139792047e+00
-1.291248380959423958e+00,1.535517462776262111e-16,1.200222269670478099e-16,2.291248380959423958e+00,-5.645806702391584331e+00,3.274426427650769061e-16,4.376471353313420857e-16,-3.181732205139789826e+00
-1.291248380959423958e+00,1.532797853745740960e-16,1.006616811044018023e-16,2.291248380959423958e+00,-5.645806702391584331e+00,3.864066143673646841e-16,4.265482198844357961e-16,-3.181732205139789826e+00
-1.291248380959423958e+00,1.858961008126225893e-16,1.350530918492192919e-16,2.291248380959423958e+00,-5.645806702391585219e+00,4.391988853432617010e-16,6.051185674040399236e-16,-3.181732205139789826e+00
-1.291248380959423958e+00,1.386436534494445902e-16,7.255066654373406534e-17,2.291248380959423958e+00,-5.645806702391583443e+00,3.038833801528699060e-16,2.213979595202669913e-16,-3.181732205139788050e+00
-1.291248380959423070e+00,2.343419999458038876e-16,1.729829950081605991e-16,2.291248380959423070e+00,-5.645806702391584331e+00,4.790665069912558617e-16,9.030833208599004601e-16,-3.181732205139785830e+00
-2.779888343754652880e+00,9.874572567832758658e-16,1.351946933830207007e-15,3.779888343754651103e+00,8.612719150949931901e+00,5.736016721856207725e-16,-1.229862581617747035e-14,6.334154715262227953e+00
-2.779888343754676860e+00,-5.694154264905210537e-16,-3.386658837529855826e-16,3.779888343754676860e+00,8.612719150949990521e+00,8.730418989102737931e-16,1.092795275857783082e-15,6.334154715262262592e+00
-2.779888343754679969e+00,-4.394771695084510185e-16,-2.582409117827832103e-16,3.779888343754680857e+00,8.612719150949995850e+00,6.239264409009591380e-16,8.528564957346636545e-16,6.334154715262267032e+00
-4.746694369161353677e+00,-8.670773193419636589e-16,7.844641357865108156e-17,5.746694369161352789e+00,1.253190975861165057e+01,1.501620079357953917e-15,-1.251442032314059082e-15,1.035119351487647954e+01
-4.746694369161369664e+00,-7.546470683600121960e-16,-4.148213963899573833e-16,5.746694369161371441e+00,1.253190975861168077e+01,1.197104994324360903e-15,1.131674508796993907e-15,1.035119351487650086e+01
-4.746694369161371441e+00,-7.893707394457165591e-16,-6.067471249152404194e-16,5.746694369161373217e+00,1.253190975861168965e+01,1.002994941493322028e-15,1.685338269231344982e-15,1.035119351487650086e+01
-4.746694369161371441e+00,-6.314797765115992913e-16,-6.747602727389612459e-16,5.746694369161372329e+00,1.253190975861168077e+01,7.403659984198652304e-16,1.801810342879798979e-15,1.035119351487650086e+01
-4.746694369161478022e+00,-1.346396581776419081e-15,2.386012495693281063e-17,5.746694369161478022e+00,1.253190975861189038e+01,-7.871862681784783198e-16,2.477440337353171903e-15,1.035119351487674955e+01
-4.746694369161496674e+00,-3.062409032570848954e-15,-1.330224483343986042e-15,5.746694369161500227e+00,1.253190975861195078e+01,-1.339646989023134939e-15,1.032635482925818062e-14,1.035119351487679040e+01
-4.746694369161523319e+00,-1.628621283481003945e-15,4.978672162729099511e-16,5.746694369161523319e+00,1.253190975861197920e+01,-1.627434867464172032e-17,1.214925980515531978e-15,1.035119351487684014e+01
-4.746694369161542859e+00,-6.513796279076744549e-16,1.478450323118062988e-15,5.746694369161541083e+00,1.253190975861200940e+01,-4.024782335852742141e-16,-3.225245491546100047e-15,1.035119351487687922e+01
-4.746694369161576610e+00,-1.377983989446208039e-15,1.259453233120415036e-15,5.746694369161579274e+00,1.253190975861208933e+01,-1.989444199689824105e-16,-1.171473059140027942e-15,1.035119351487695916e+01
-4.746694369161582827e+00,-3.446117880785139910e-15,-1.552723711976081025e-15,5.746694369161588156e+00,1.253190975861211953e+01,-1.335085626152339972e-15,1.088108502403703077e-14,1.035119351487696981e+01
-4.746694369161602367e+00,-1.664432793551791006e-15,5.334243864646672920e-16,5.746694369161603255e+00,1.253190975861214085e+01,-8.409816862402376515e-16,1.952899970024391034e-15,1.035119351487700001e+01
6.537667170861038102e+00,-1.756364076678606927e-15,-6.962689423904415822e-16,-5.537667170861037214e+00,1.012349330437074002e+01,-1.703542389212066038e-15,-1.086943316613933940e-15,1.195160846406112043e+01
6.537667170861041654e+00,-1.113051728474264021e-15,-3.708518137938636936e-16,-5.537667170861040766e+00,1.012349330437075068e+01,-1.059034407368772958e-15,-5.506555636781854245e-16,1.195160846406112043e+01
6.537667170861038990e+00,-1.300834508864249990e-15,-4.883317124094700034e-16,-5.537667170861037214e+00,1.012349330437075068e+01,-1.163921466944591948e-15,-7.611422254400265857e-16,1.195160846406112043e+01
-5.522881489582276870e+00,6.522881489563969737e+00,-1.668334098804470930e-15,1.830355184576779921e-11,1.803223182007892123e-11,-2.131060132433907870e-11,3.456482965297517282e-14,1.304576297912798033e+01
-5.522881489580631964e+00,6.522881489581180858e+00,-1.783525397934915096e-18,-5.339064206712863569e-13,-5.265992594248863766e-13,6.219422391406621091e-13,4.544909383767008010e-19,1.304576297916234040e+01
-5.522881489576861647e+00,6.522881489584353432e+00,-1.707576598163916039e-15,-7.490592317040142770e-12,-7.408150423104658945e-12,8.729121674169867332e-12,4.101528814721456002e-14,1.304576297916871042e+01
-5.522881489618007400e+00,6.522881489589495096e+00,2.628421559775853789e-16,2.852436015708084086e-11,2.811089322423557024e-11,-3.324770012796191189e-11,3.804558566401758241e-14,1.304576297917897065e+01
-2.779888343754694180e+00,1.911470792684162864e-15,3.065425642743021808e-15,3.779888343754688851e+00,8.612719150950006508e+00,3.425579759636408867e-16,-2.018017799895424027e-14,6.334154715262319435e+00
-4.746694369161499338e+00,-2.388711347222870079e-16,2.019745193172052901e-15,5.746694369161497562e+00,1.253190975861192946e+01,5.015678397127529440e-16,-5.823712168770338339e-15,1.035119351487679040e+01
-4.746694369161618354e+00,-9.499527479224372654e-16,2.053084235378063809e-15,5.746694369161616578e+00,1.253190975861216927e+01,1.923660586999642071e-17,-4.430930403738662220e-15,1.035119351487704087e+01
-5.522881489583359560e+00,6.522881489623322260e+00,4.325548056810023800e-15,-3.996852343482341134e-11,-3.944184667361103017e-11,4.653964375326551311e-11,2.902380178330981983e-14,1.304576297924664985e+01
-1.957818132222325173e-15,6.134923449501009429e+00,-1.468158743237734098e+00,-3.666764706263272000e+00,-6.268693327381379280e-15,7.333529412526545777e+00,1.270204554129671948e+01,7.183995825273561842e+00
-5.522881489553814305e+00,6.522881489583687298e+00,-1.649841958139321006e-14,-2.986010272451272066e-11,-2.948446344446960061e-11,3.474745863563001269e-11,4.492818862428425814e-14,1.304576297916736038e+01
6.537667170861221955e+00,-2.969759548007673057e-15,-3.798278129062649642e-15,-5.537667170861213961e+00,1.012349330437108996e+01,2.720844898564625929e-15,-6.238875591945324017e-15,1.195160846406150057e+01
9.772248364150815547e+00,-3.210865749594299157e+00,-5.561382614580072214e+00,2.358013108097850910e-11,-2.165109580607004854e-11,7.154370141178601044e-12,1.230519645886646991e-11,1.284346299837731031e+01
9.772248364088632400e+00,-3.210865749576380157e+00,-5.561382614549036596e+00,3.680555660239024884e-11,-3.379744579188329785e-11,1.114034742694356991e-11,1.922261994639205901e-11,1.284346299830557037e+01
9.772248364110003749e+00,-3.210865749572667127e+00,-5.561382614542565328e+00,5.232767149877984092e-12,-4.809712616613263036e-12,1.615905646649603925e-12,2.724103678631560154e-12,1.284346299829067917e+01
6.537667170861269916e+00,-2.576792794821076188e-15,-1.280688604748476991e-15,-5.537667170861264587e+00,1.012349330437118944e+01,1.382972792168628088e-15,-3.265727267605850161e-15,1.195160846406160005e+01
-1.271259886740007946e-15,6.788297429924070592e+00,-1.676848004110971013e+00,-4.111449425813100689e+00,-1.048303411740329977e-14,8.222898851626204930e+00,1.424247859651637071e+01,7.767822980466815963e+00
6.537667170861483967e+00,-1.856909097267608084e-15,1.115823618009891088e-15,-5.537667170861483967e+00,1.012349330437161932e+01,1.945286158298074804e-15,-1.164327464914396948e-15,1.195160846406204946e+01
6.537667170861238830e+00,-2.431133726658181919e-15,-1.676131601476492014e-15,-5.537667170861235277e+00,1.012349330437113082e+01,1.477763975430585969e-15,-3.589593611994119041e-15,1.195160846406153965e+01
6.537667170861038990e+00,-2.095115031387279863e-15,-8.648348907598588290e-16,-5.537667170861036325e+00,1.012349330437075068e+01,-2.207130320484011894e-15,-1.397233022498181947e-15,1.195160846406112043e+01
-5.522881489573940428e+00,6.522881489585040882e+00,5.290063507842391249e-15,-1.110048884079220047e-11,-1.096973324916407079e-11,1.291835254826930030e-11,3.781944570907104729e-14,1.304576297917009953e+01
-4.746694369161368776e+00,-6.284752314886942025e-16,-4.155547081779628966e-16,5.746694369161369664e+00,1.253190975861168077e+01,8.279143671751943907e-16,1.141467566527972921e-15,1.035119351487650086e+01
-6.013777489762191799e-19,5.393419168785762885e+00,-1.232261386203113096e+00,-3.161157782582650011e+00,6.365800356552396458e-20,6.322315565165300022e+00,1.095057178034984169e+01,6.518159679353433766e+00
7.782705180897385056e+00,-2.482642402590093056e+00,-4.300062778310901557e+00,3.618936595802202161e-12,-3.288708155376273085e-12,1.072846068339403952e-12,1.796358411669896915e-12,9.930569610360389987e+00
-4.746694369161600591e+00,-1.666668038357257001e-15,7.846488192948856093e-16,5.746694369161599703e+00,1.253190975861214085e+01,-1.079210780771437034e-15,1.525957480850348974e-15,1.035119351487700001e+01
-4.746694369161371441e+00,-7.513813471650642021e-16,5.969545257295081850e-17,5.746694369161371441e+00,1.253190975861168965e+01,1.134820758798957921e-15,-1.040462573469091961e-16,1.035119351487650086e+01
1.522978913797720954e-16,6.134923449500655046e+00,-1.468158743237629960e+00,-3.666764706263025975e+00,-4.386346919323825148e-16,7.333529412526051949e+00,1.270204554129585972e+01,7.183995825273219893e+00
-4.746694369161518878e+00,-1.708992402346193965e-15,3.045119227104221787e-16,5.746694369161520655e+00,1.253190975861197920e+01,-7.253271790533997594e-16,2.429411564275257987e-15,1.035119351487682948e+01
9.772248364103267804e+00,-3.210865749572219041e+00,-5.561382614541847680e+00,1.080213595321079963e-11,-9.918750513669192545e-12,3.301095057580437937e-12,5.638408283053851120e-12,1.284346299828897031e+01
-1.398435753627419965e-15,6.788297429924027071e+00,-1.676848004110953028e+00,-4.111449425813072267e+00,-2.497947842892826982e-15,8.222898851626144534e+00,1.424247859651626058e+01,7.767822980466778660e+00
7.782705180926773991e+00,-2.482642402588242980e+00,-4.300062778307697009e+00,-3.082858747713603052e-11,2.795311429449391010e-11,-8.879392217419304755e-12,-1.546296238553783100e-11,9.930569610353039423e+00
-1.295186042508280053e-15,6.134923449500780279e+00,-1.468158743237665931e+00,-3.666764706263113016e+00,-5.605703881074036930e-15,7.333529412526228697e+00,1.270204554129617058e+01,7.183995825273347791e+00
6.537667170861356070e+00,-2.458493192042784163e-15,-1.484258723567741987e-15,-5.537667170861351629e+00,1.012349330437134931e+01,2.499948623485769834e-15,-4.191408789345901213e-15,1.195160846406177946e+01
6.537667170861324095e+00,-3.354663399567677939e-15,-3.112454147036406919e-15,-5.537667170861316102e+00,1.012349330437129069e+01,2.331060879185691129e-15,-5.920661666764131955e-15,1.195160846406171018e+01
-4.746694369161472693e+00,1.102965883812033956e-16,3.126746142721881013e-15,5.746694369161469140e+00,1.253190975861187084e+01,1.490132859686927036e-15,-1.049059159599576931e-14,1.035119351487674066e+01
-2.464382556515705861e-15,5.393419168786065754e+00,-1.232261386203201026e+00,-3.161157782582861842e+00,-9.504851534852925106e-15,6.322315565165724571e+00,1.095057178035058065e+01,6.518159679353736635e+00
-1.489479169361894997e-15,6.134923449500765180e+00,-1.468158743237661934e+00,-3.666764706263101914e+00,-9.271510211544344138e-15,7.333529412526211821e+00,1.270204554129614039e+01,7.183995825273337132e+00
-2.012820414475071997e-15,4.752287758638846782e+00,-1.029449996456557992e+00,-2.722837762182286792e+00,-9.530025042648349702e-15,5.445675524364576248e+00,9.432186689733745411e+00,5.938456121848981084e+00
-2.779888343754678193e+00,-3.516266164065599230e-16,-4.977492564039045815e-16,3.779888343754679081e+00,8.612719150949990521e+00,4.515528740680155540e-16,1.560806195426763010e-15,6.334154715262262592e+00
-2.779888343754675972e+00,-4.215775831344211000e-16,-2.500629431657109196e-16,3.779888343754676860e+00,8.612719150949985192e+00,6.237760208706284856e-16,8.598143668339523775e-16,6.334154715262259039e+00
-3.089753878974806876e-15,4.752287758639051951e+00,-1.029449996456615946e+00,-2.722837762182432897e+00,-8.480867835022856148e-15,5.445675524364865794e+00,9.432186689734239238e+00,5.938456121849185365e+00
7.810451843816066386e+00,-6.810451843796426985e+00,-8.550500892273599917e-16,-1.964046861958555140e-11,-1.944104902345250995e-11,1.697463096909189085e-11,-1.833127744134496960e-14,-1.362090368759285042e+01
7.810451843759887325e+00,-6.810451843794335325e+00,-5.192932963178661390e-15,3.445075395455371192e-11,3.414782843855395110e-11,-2.972996914004850701e-11,-2.598814393717088089e-14,-1.362090368758867065e+01
7.810451843786037962e+00,-6.810451843794326443e+00,1.051786928723052944e-14,8.268821264064723828e-12,8.205864027288346127e-12,-7.114566187730327661e-12,-1.891302977578141054e-14,-1.362090368758865999e+01
7.810451843751865297e+00,-6.810451843790423787e+00,4.925489205630604006e-16,3.854541947996140190e-11,3.820243497077796238e-11,-3.324401180582907277e-11,-2.779742734697959027e-14,-1.362090368758079961e+01
7.810451843773195790e+00,-6.810451843790104931e+00,1.006117773502817017e-15,1.692546857223001019e-11,1.678817488823369904e-11,-1.458764360776297846e-11,-2.791169719691093907e-14,-1.362090368758022940e+01
7.810451843806382577e+00,-6.810451843789987691e+00,8.041273649337551631e-15,-1.638838734025568868e-11,-1.621620045653372090e-11,1.416883004020484985e-11,-2.763737700076604862e-14,-1.362090368757998959e+01
7.810451843744064426e+00,-6.810451843789827819e+00,1.538925506524336874e-14,4.575332427688299024e-11,4.533727702074280144e-11,-3.947853257499782792e-11,-1.924158634479568129e-14,-1.362090368757960057e+01
7.810451843754150580e+00,-6.810451843789811832e+00,3.131547759261155029e-15,3.566972677372429309e-11,3.535402279684877311e-11,-3.078647569004370744e-11,-1.765614883694111904e-14,-1.362090368757962011e+01
7.810451843827204144e+00,-6.810451843789021353e+00,2.199944046993829046e-15,-3.818718797919676770e-11,-3.781289405832407841e-11,3.299605768688903032e-11,-2.025525175912994954e-14,-1.362090368757803027e+01
7.810451843810726658e+00,-6.810451843787983961e+00,-2.709774949360855180e-15,-2.274394196350835987e-11,-2.251273351930173891e-11,1.966474065819549997e-11,-3.114029853635146806e-14,-1.362090368757598036e+01
7.810451843755227941e+00,-6.810451843784636417e+00,-1.336240159162923094e-15,2.940260588836795855e-11,2.913847570930015762e-11,-2.536339968469430047e-11,-1.916508370717434947e-14,-1.362090368756921954e+01
7.810451843774547598e+00,-6.810451843782933778e+00,-1.052268048656872006e-15,8.394690978092200458e-12,8.333606850196157995e-12,-7.269630707913882080e-12,-1.647128395762385055e-14,-1.362090368756589065e+01
7.810451843805690686e+00,-6.810451843781292425e+00,-1.117579834178124022e-15,-2.439735659179354136e-11,-2.415498133831062943e-11,2.110664195878625161e-11,-2.768232213236203114e-14,-1.362090368756254932e+01
7.810451843756077039e+00,-6.810451843781032188e+00,2.179568714426542169e-15,2.495101272381204008e-11,2.472699537857206932e-11,-2.149419104510727102e-11,-1.891660512535022074e-14,-1.362090368756208036e+01
7.810451843826787588e+00,-6.810451843780973569e+00,-3.605126508233864390e-15,-4.581750392764488017e-11,-4.537233816209477789e-11,3.962571909362390806e-11,-2.506305780031539079e-14,-1.362090368756189918e+01
7.810451843777488357e+00,-6.810451843779556924e+00,-3.133199564757148175e-15,2.070146401997929926e-12,2.064138461070885194e-12,-1.755332833198456015e-12,-2.179824903753950077e-14,-1.362090368755906944e+01
7.810451843807047823e+00,-6.810451843777502567e+00,6.901913944389862878e-15,-2.956486892360880298e-11,-2.926828135560050806e-11,2.558488798999807908e-11,-2.082103848388118843e-14,-1.362090368755501935e+01
7.810451843791157422e+00,-6.810451843766402114e+00,3.869214268932517796e-15,-2.475761382220022157e-11,-2.451033891617530010e-11,2.138782139281050078e-11,-2.230426265982507126e-14,-1.362090368753282021e+01
7.810451843737236999e+00,-6.810451843750911394e+00,1.803625598758103857e-14,1.366915406655831014e-11,1.356800368026645059e-11,-1.178825501784360054e-11,-3.002580711509506169e-14,-1.362090368750189917e+01
7.282541646786902412e+00,1.712315294137218927e-15,-1.331965653950430052e-15,-6.282541646786902412e+00,-1.160730508377634962e+01,-1.868299486021621034e-17,-1.519024091423922957e-15,-1.345485432998198050e+01
7.282541646786730993e+00,1.400053733435340010e-15,7.277835811437041594e-16,-6.282541646786732770e+00,-1.160730508377604053e+01,-1.267840644388839076e-15,-1.204630417713015062e-15,-1.345485432998161990e+01
-5.490055273019717852e+00,1.603416257745913990e-15,-1.075179640660590066e-15,6.490055273019718740e+00,-1.401484261892674077e+01,-1.380735638924270048e-15,-6.406854383203279720e-16,-1.185540914272992019e+01
-5.490055273019495807e+00,6.081608338046367563e-16,-1.840466688728726898e-15,6.490055273019496695e+00,-1.401484261892628957e+01,2.903674911858719992e-16,-5.874900498174268979e-15,-1.185540914272946011e+01
-5.490055273019438076e+00,8.209718644214231490e-16,4.833302164321091979e-16,6.490055273019436299e+00,-1.401484261892617056e+01,9.272802531552488776e-16,1.273750245173492005e-15,-1.185540914272930912e+01
-5.490055273019438076e+00,1.226845028516186080e-15,6.429807597320836168e-16,6.490055273019436299e+00,-1.401484261892617056e+01,2.041162994555198878e-15,1.686014383015475989e-15,-1.185540914272930912e+01
-5.490055273019435411e+00,8.928565037930285321e-16,6.445215988933275236e-16,6.490055273019431858e+00,-1.401484261892617056e+01,1.019900230141938978e-15,1.669607606371956086e-15,-1.185540914272930024e+01
-3.513573036229230784e+00,1.522940707016290927e-15,-2.296631952436925888e-15,4.513573036229232116e+00,-1.007385373442533982e+01,-2.392385582330632171e-15,-7.223154553110277989e-15,-7.841951502299055576e+00
-3.513573036229001190e+00,6.772804373223829903e-16,5.669705542501059833e-16,4.513573036229000301e+00,-1.007385373442487086e+01,1.030416436522596939e-15,1.615390119223197015e-15,-7.841951502298512011e+00
-3.513573036228999857e+00,6.860819149260933456e-16,4.080206840117337900e-16,4.513573036229000301e+00,-1.007385373442487086e+01,1.078432682740033969e-15,1.191327511402933928e-15,-7.841951502298511123e+00
-3.513573036228998969e+00,7.614812428050727004e-16,5.719983336667529189e-16,4.513573036228997637e+00,-1.007385373442487086e+01,1.212672195169286040e-15,1.601721675384197957e-15,-7.841951502298504906e+00
-3.513573036228998969e+00,4.598749995636404101e-16,5.568285554786354198e-16,4.513573036228997637e+00,-1.007385373442487086e+01,4.466402471492368944e-16,1.669892103687406076e-15,-7.841951502298503129e+00
7.282541646787438872e+00,3.470324908068378876e-15,2.222199377775042087e-15,-6.282541646787444201e+00,-1.160730508377742964e+01,3.922413786765075368e-15,-8.033311276751541927e-15,-1.345485432998309072e+01
7.282541646787359824e+00,2.817558494961011978e-15,8.749316970319720690e-16,-6.282541646787364265e+00,-1.160730508377726977e+01,3.337944859326188811e-15,-5.813873202170198317e-15,-1.345485432998293085e+01
7.282541646787349165e+00,4.165719263145818245e-15,3.699698793548201656e-15,-6.282541646787356271e+00,-1.160730508377725911e+01,4.497940232119657256e-15,-9.504261625477711333e-15,-1.345485432998290953e+01
7.282541646787342060e+00,3.189875796937089018e-15,1.199304637285672937e-15,-6.282541646787347389e+00,-1.160730508377723957e+01,3.833757263342408290e-15,-6.051009150340735691e-15,-1.345485432998290065e+01
7.282541646787318079e+00,4.009026518559765820e-15,4.599252415788767326e-15,-6.282541646787325185e+00,-1.160730508377720049e+01,5.713208241475920023e-15,-1.049971212515571955e-14,-1.345485432998284914e+01
7.282541646787288769e+00,4.362048258059830790e-15,2.907161102610305917e-15,-6.282541646787294987e+00,-1.160730508377714010e+01,3.070456616977423056e-15,-8.284599188426253169e-15,-1.345485432998279052e+01
7.282541646787172418e+00,3.490292874954358122e-15,2.292127518481898015e-15,-6.282541646787178635e+00,-1.160730508377690917e+01,2.828398588641435016e-15,-6.753822668235393171e-15,-1.345485432998255071e+01
7.282541646786987677e+00,3.288532932199352958e-15,2.674154994258108824e-15,-6.282541646786995670e+00,-1.160730508377655035e+01,2.421564922557725044e-15,-6.490188875334687711e-15,-1.345485432998217057e+01
7.282541646786966361e+00,1.902360258435333803e-15,-1.778786321749060950e-15,-6.282541646786967249e+00,-1.160730508377647929e+01,-7.296330570282211708e-17,-1.172636168450330043e-15,-1.345485432998212083e+01
7.282541646786875766e+00,2.240793402629362983e-15,1.882036312964917130e-15,-6.282541646786879319e+00,-1.160730508377631942e+01,2.290529291654893999e-15,-4.562715255148679950e-15,-1.345485432998193964e+01
7.282541646786729217e+00,2.007858722152582191e-15,1.144979321067157074e-15,-6.282541646786731881e+00,-1.160730508377604053e+01,-2.043085290544728861e-15,-1.779357989209509064e-15,-1.345485432998161990e+01
-5.490055273020103321e+00,3.568347098022355117e-15,-2.211643720738804922e-16,6.490055273020098880e+00,-1.401484261892749039e+01,-2.250826492808871953e-15,5.641317455087354113e-15,-1.185540914273071955e+01
-5.490055273020088222e+00,3.760782158975364299e-15,-8.288097081948655697e-17,6.490055273020083781e+00,-1.401484261892746019e+01,-2.546227579790970007e-15,6.501520800212858179e-15,-1.185540914273068935e+01
-5.490055273020031379e+00,3.013186444435963081e-15,-5.330304735173546828e-16,6.490055273020029603e+00,-1.401484261892735006e+01,-2.305070258647881912e-15,3.956177900763793971e-15,-1.185540914273057034e+01
-5.490055273019980753e+00,2.684689813276928872e-15,-6.597576819065134345e-16,6.490055273019979865e+00,-1.401484261892725058e+01,-2.664704864162789024e-15,3.514857864803002178e-15,-1.185540914273047086e+01
-5.490055273019947890e+00,3.080916539495740989e-15,-1.988422328912150901e-16,6.490055273019944337e+00,-1.401484261892717953e+01,-2.430052698538013966e-15,4.913324869397001670e-15,-1.185540914273038915e+01
-5.490055273019867954e+00,2.997675464889631909e-15,2.977868244135956933e-16,6.490055273019864401e+00,-1.401484261892701966e+01,-2.875174073980574964e-15,6.517433758356993634e-15,-1.185540914273022928e+01
-5.490055273019844861e+00,2.283075028386886065e-15,-7.732865684481623085e-16,6.490055273019844861e+00,-1.401484261892698058e+01,-1.431377680925417089e-15,1.561828873024668021e-15,-1.185540914273019020e+01
-5.490055273019780024e+00,2.607984452457662837e-15,-4.784554815889442578e-16,6.490055273019777360e+00,-1.401484261892684913e+01,-1.116584056561920090e-15,2.620019209795745045e-15,-1.185540914273004987e+01
-5.490055273019757820e+00,3.331852978823141163e-15,6.107234390313091439e-16,6.490055273019753379e+00,-1.401484261892679939e+01,-1.755226611477378057e-15,7.078379922376696376e-15,-1.185540914273001079e+01
-5.490055273019505577e+00,2.574231427897468910e-15,1.210397523832702953e-15,6.490055273019502025e+00,-1.401484261892630023e+01,-5.867237794049571964e-16,6.937937983369666347e-15,-1.185540914272947965e+01
-3.513573036229263202e+00,3.257354998919585032e-15,-8.708711309192904599e-16,4.513573036229261426e+00,-1.007385373442538956e+01,-2.408279938874798948e-15,2.160834089621271137e-15,-7.841951502299125742e+00
-3.513573036229193924e+00,3.661110437204639793e-15,-2.489596481352363967e-17,4.513573036229190372e+00,-1.007385373442525989e+01,-2.642949426042856158e-15,7.025024826438573680e-15,-7.841951502298978305e+00
-3.513573036229002078e+00,5.727783776150167157e-16,4.450757673400190076e-16,4.513573036229000301e+00,-1.007385373442487086e+01,9.188189683689042523e-16,1.299120018913063951e-15,-7.841951502298511123e+00
