-5.118346881451416586e+00,-2.050750733058430996e-15,-5.609431707709630523e-17,6.118346881451419250e+00,1.327322985825347068e+01,2.911846302002541995e-16,2.955434593071274081e-15,1.110381545344210963e+01
-5.118346881451451225e+00,-2.530618970061049825e-15,-5.685837726771386894e-16,6.118346881451453889e+00,1.327322985825352930e+01,-7.104586595952638253e-16,6.303726430353373626e-15,1.110381545344218068e+01
-5.118346881451490304e+00,-2.362208520830153879e-15,-8.688476296550137124e-17,6.118346881451490304e+00,1.327322985825360924e+01,-9.170082167823540166e-17,4.035196517000575327e-15,1.110381545344226062e+01
-5.118346881451509844e+00,-2.797715151218269171e-15,-5.201875905463188339e-16,6.118346881451513397e+00,1.327322985825366075e+01,-7.401097383401066488e-16,6.294852930966185385e-15,1.110381545344231036e+01
6.910122191906070022e+00,-1.859352853966570135e-15,-8.974394370971803543e-16,-5.910122191906068245e+00,1.086524268865863974e+01,1.150098372761785059e-15,-2.745093902748887084e-15,1.270365521818956012e+01
6.910122191906109101e+00,-2.846418739367576172e-15,-1.572337106417730914e-15,-5.910122191906106437e+00,1.086524268865871967e+01,9.264672280654739871e-16,-3.708998368291065789e-15,1.270365521818964005e+01
6.910122191906118871e+00,-2.329414330339166929e-15,-2.528884611943450095e-15,-5.910122191906114431e+00,1.086524268865873033e+01,2.510816071042680807e-15,-4.979192542955136744e-15,1.270365521818965959e+01
6.910122191906149069e+00,-2.661753758292875050e-15,-5.593543936354392579e-16,-5.910122191906146405e+00,1.086524268865879961e+01,6.414199964839150852e-16,-2.592716862405237123e-15,1.270365521818971999e+01
6.910122191906218347e+00,-2.237833621775740943e-15,-8.872181883967839591e-16,-5.910122191906216571e+00,1.086524268865892928e+01,1.851661481676771902e-15,-3.240923843306399169e-15,1.270365521818986032e+01
6.910122191906246769e+00,-2.293020786907980194e-15,-3.999128956440185937e-16,-5.910122191906243216e+00,1.086524268865898968e+01,1.480968816349797904e-15,-2.876628962069837062e-15,1.270365521818992072e+01
-8.050769652725630054e-01,-1.639561562574349969e-16,-3.388970619264455946e-18,1.805076965272564005e+00,4.662783043250764869e+00,4.372970167049901910e-16,-8.540349227783946801e-18,2.079633885094679169e+00
-8.050769652725652259e-01,-1.560788983767719987e-16,-8.715740221717233203e-17,1.805076965272564893e+00,4.662783043250768422e+00,4.253826656726156788e-16,4.661268503613116248e-16,2.079633885094683166e+00
-3.146091363616320802e+00,-3.834781208774328908e-16,-3.981292355795110876e-16,4.146091363616322134e+00,9.341885586306529987e+00,5.233970130120762677e-16,1.180686190642559904e-15,7.088706684296441907e+00
-3.146091363616320802e+00,-5.773134676106806109e-16,-3.360816319467195182e-16,4.146091363616323022e+00,9.341885586306533540e+00,8.579060714861996364e-16,1.004395106644751918e-15,7.088706684296443683e+00
-3.146091363616355885e+00,1.100809105582175007e-15,2.876247859513622028e-15,4.146091363616353220e+00,9.341885586306588607e+00,5.707730722666094295e-16,-1.528442962350382966e-14,7.088706684296541383e+00
-5.118346881451291353e+00,-8.031018741705328068e-16,4.997729900556104909e-17,6.118346881451289576e+00,1.327322985825320067e+01,1.015728175697383977e-15,1.335427495008423896e-16,1.110381545344183074e+01
-5.118346881451297570e+00,-8.183289086405319675e-16,-6.110935582825496102e-16,6.118346881451299346e+00,1.327322985825322021e+01,1.121833237566658093e-15,1.623750313809597998e-15,1.110381545344183962e+01
-5.118346881451297570e+00,-6.996068493347456290e-16,-6.127638822728873523e-16,6.118346881451299346e+00,1.327322985825322021e+01,9.889011321302793818e-16,1.613137244102064995e-15,1.110381545344183962e+01
-5.118346881451299346e+00,-8.031711074390029980e-16,-6.533246404602833646e-16,6.118346881451302011e+00,1.327322985825323087e+01,1.273540033049979009e-15,1.731769465391548974e-15,1.110381545344183962e+01
-5.118346881451296682e+00,-1.265032469109141073e-15,-7.166133748200381543e-16,6.118346881451299346e+00,1.327322985825323087e+01,2.093681362858412922e-15,1.847196681052319864e-15,1.110381545344183962e+01
-5.118346881451300234e+00,-1.039113292297738072e-15,-6.872434083343909775e-16,6.118346881451302011e+00,1.327322985825323087e+01,1.613437695320198902e-15,1.819229965380879979e-15,1.110381545344185028e+01
-5.118346881451319774e+00,-1.511865250019201978e-15,-3.057182521413829795e-16,6.118346881451322439e+00,1.327322985825326995e+01,-2.703075569852325085e-16,3.466666321146477050e-15,1.110381545344191068e+01
-5.118346881451367736e+00,-4.096415894615013062e-16,2.116679684653785091e-15,6.118346881451365959e+00,1.327322985825334989e+01,9.851550281979943113e-16,-6.216577788385932348e-15,1.110381545344199949e+01
-5.118346881451437902e+00,-1.463888411073006926e-15,5.069956856255682190e-16,6.118346881451440566e+00,1.327322985825350088e+01,-3.055701667754743233e-16,1.185573984559518931e-15,1.110381545344215048e+01
-5.118346881451493857e+00,-1.396733887560327949e-15,4.978164758594015525e-16,6.118346881451493857e+00,1.327322985825360924e+01,-3.574693338967476924e-16,1.005027449168265046e-15,1.110381545344226950e+01
-5.118346881451532049e+00,-1.740724905216031055e-15,6.726869270045921489e-16,6.118346881451532937e+00,1.327322985825368917e+01,-2.175830893201906971e-16,1.021894582868534012e-15,1.110381545344234944e+01
-5.118346881451562247e+00,-1.468462355580949092e-15,1.043781139839594960e-15,6.118346881451564023e+00,1.327322985825374957e+01,-7.148635279101786801e-16,1.948127060613298976e-16,1.110381545344240983e+01
6.910122191905886169e+00,-1.333542099463307937e-15,-7.558718300363044238e-16,-5.910122191905884392e+00,1.086524268865828979e+01,-1.131780288513763936e-15,-1.173503833564723925e-15,1.270365521818916932e+01
6.910122191906064693e+00,-1.756757418572623092e-15,2.662524363964648881e-16,-5.910122191906062916e+00,1.086524268865863085e+01,3.316994718436006168e-16,-1.160549702261607959e-15,1.270365521818954946e+01
-6.579132792243366377e-18,3.817554131918492910e+00,-7.368585720613251011e-01,-2.080695559857169030e+00,-4.424771070783861122e-16,4.161391119714338949e+00,7.207740849511178105e+00,5.082555294231251963e+00
-2.025736248631168895e-15,5.187881014295349758e+00,-1.167104790349613008e+00,-3.020776223945734973e+00,-1.008142435198636009e-14,6.041552447891476163e+00,1.046427579634016070e+01,6.332792439305601206e+00
-2.327821250244336846e-15,5.187881014295404825e+00,-1.167104790349624999e+00,-3.020776223945777161e+00,-4.362443527608790722e-15,6.041552447891553435e+00,1.046427579634029037e+01,6.332792439305658050e+00
3.158985268753960793e-17,5.388239685429010883e+00,-1.230618055617064055e+00,-3.157621629811946828e+00,-5.706281017795043562e-16,6.315243259623893657e+00,1.093832218782547017e+01,6.513493376777266697e+00
-2.299888471161225996e-15,5.388239685429255132e+00,-1.230618055617133999e+00,-3.157621629812119135e+00,-8.779881673469671265e-15,6.315243259624239158e+00,1.093832218782607946e+01,6.513493376777518051e+00
-2.007299123161565042e-15,5.833554240246815681e+00,-1.372142607364799982e+00,-3.461411632882013034e+00,-7.736789307634061946e-15,6.922823265764027845e+00,1.199068162812320004e+01,6.913867058121900833e+00
1.438604799049332092e-18,6.573158626835584606e+00,-1.608061807003650090e+00,-3.965096819831936070e+00,-7.563037561643696389e-16,7.930193639663872140e+00,1.373549829775739006e+01,7.575827750788490356e+00
-1.732307544656451065e-15,6.573158626835994056e+00,-1.608061807003773103e+00,-3.965096819832219843e+00,-7.893816917122720480e-15,7.930193639664438798e+00,1.373549829775837061e+01,7.575827750788883819e+00
-5.833333333354946859e+00,6.833333333341482074e+00,-7.190293655871391993e-16,1.345983821373006069e-11,1.327253343902689035e-11,-1.558329046306149912e-11,3.806303920659074933e-14,1.366666666668299079e+01
-5.833333333327101577e+00,6.833333333341932381e+00,6.980567210454440146e-15,-1.483372248138732041e-11,-1.467121606044314100e-11,1.713413209361272842e-11,3.206938980927040807e-14,1.366666666668385943e+01
-5.833333333341551352e+00,6.833333333342027416e+00,-6.645665335077580351e-15,-4.704533283683895976e-13,-4.845745351937022298e-13,5.521633134404211898e-13,3.661636662849345755e-14,1.366666666668404950e+01
-5.833333333340899429e+00,6.833333333342576310e+00,7.728874645884446050e-15,-1.678995204925559918e-12,-1.666362154433454034e-12,1.961578739446699987e-12,3.189190898785496311e-14,1.366666666668517038e+01
-5.833333333343947658e+00,6.833333333343216687e+00,1.316380850019340946e-16,7.381172339525690072e-13,7.107144821900068261e-13,-8.473294211669743456e-13,3.048259667839389750e-14,1.366666666668644048e+01
-5.833333333345560590e+00,6.833333333344194571e+00,-4.270658749821678079e-15,1.381544662716059994e-12,1.340516915310302977e-12,-1.609231961171798072e-12,3.898088867392303140e-14,1.366666666668841046e+01
-5.833333333369832729e+00,6.833333333344514315e+00,9.410988885317916182e-15,2.529983578930257858e-11,2.496601240948161021e-11,-2.930191589939979249e-11,3.408958938097073233e-14,1.366666666668903929e+01
-5.833333333314680402e+00,6.833333333344974392e+00,-2.672320348264365927e-15,-3.029389087323156295e-11,-2.994236238610000754e-11,3.504289810032869945e-11,3.002560540375605238e-14,1.366666666668993990e+01
-5.833333333352220151e+00,6.833333333345253280e+00,-6.896428395562698645e-16,6.958301995696423923e-12,6.845622254883774253e-12,-8.074198092568981953e-12,3.621137309836953179e-14,1.366666666669052077e+01
-5.833333333347218819e+00,6.833333333345382954e+00,-9.724342113110520533e-17,1.836139156675344922e-12,1.796796687961832025e-12,-2.121331307765600017e-12,3.418159558761843279e-14,1.366666666669076058e+01
-5.833333333325921188e+00,6.833333333345826155e+00,-6.130862553201895624e-15,-1.990277939894842948e-11,-1.967946686977290047e-11,2.299869722962934997e-11,3.075688252416599267e-14,1.366666666669165942e+01
-5.833333333309848712e+00,6.833333333345890104e+00,-9.746558435451674777e-15,-3.601894285564650049e-11,-3.560905351112946313e-11,4.161839869559230723e-11,3.744121609762799754e-14,1.366666666669173935e+01
-5.833333333323120762e+00,6.833333333347579419e+00,-1.642601679685492005e-15,-2.446100848532366007e-11,-2.418209324904682850e-11,2.826678094956367938e-11,3.677287357710265989e-14,1.366666666669519081e+01
-5.833333333360276818e+00,6.833333333348482697e+00,-6.401264161362038808e-15,1.180112111449451940e-11,1.162738955304592937e-11,-1.367962314950809939e-11,3.280603403462796017e-14,1.366666666669697960e+01
-5.833333333344278948e+00,6.833333333352005212e+00,-8.971519480843171989e-16,-7.734879465385429683e-12,-7.667718740273584703e-12,8.921572053078411914e-12,3.427826124623748291e-14,1.366666666670402996e+01
-5.833333333370471330e+00,6.833333333355629868e+00,-9.103985779866220845e-16,1.484250458128554154e-11,1.462900518648636946e-11,-1.721498890016370957e-11,3.309620028779392840e-14,1.366666666671124020e+01
-5.833333333364823403e+00,6.833333333356677031e+00,6.316586758901202890e-15,8.134549486793902811e-12,8.014266568176698584e-12,-9.410314464664411643e-12,3.043283145577782797e-14,1.366666666671332031e+01
-5.833333333341539806e+00,6.833333333367193063e+00,-1.250173550839851012e-14,-2.564435823449402948e-11,-2.535302550838708159e-11,2.965040875607131259e-11,3.917943252713699939e-14,1.366666666673438080e+01
-5.833333333364008055e+00,6.833333333373762031e+00,-7.852568727193497119e-16,-9.750465519753899381e-12,-9.649498079276572769e-12,1.127438708367005998e-11,3.123448357989802277e-14,1.366666666674755071e+01
-8.929257204458912789e-16,7.228794805174813654e+00,-1.817870754235332065e+00,-4.410924050939480701e+00,-6.634103269635545931e-15,8.821848101878968507e+00,1.527988912910944030e+01,8.160300594491332049e+00
-1.221944366029494932e-15,7.228794805174986848e+00,-1.817870754235384023e+00,-4.410924050939600605e+00,-5.037050779260079958e-15,8.821848101879202986e+00,1.527988912910983998e+01,8.160300594491488368e+00
-1.304484927390795962e-15,7.228794805175036586e+00,-1.817870754235400010e+00,-4.410924050939632579e+00,-8.234303298249639046e-15,8.821848101879268711e+00,1.527988912910996078e+01,8.160300594491531001e+00
-1.371972850725221096e-15,7.228794805175073890e+00,-1.817870754235412001e+00,-4.410924050939661889e+00,-5.661745534989714204e-15,8.821848101879323778e+00,1.527988912911004959e+01,8.160300594491570081e+00
2.030799816369679869e-17,5.833554240246501266e+00,-1.372142607364708056e+00,-3.461411632881794986e+00,-7.854591578120776155e-16,6.922823265763586420e+00,1.199068162812243976e+01,6.913867058121590858e+00
1.006301558527533058e-16,5.833554240246502154e+00,-1.372142607364708056e+00,-3.461411632881794986e+00,-5.571617547736167846e-16,6.922823265763589973e+00,1.199068162812243976e+01,6.913867058121589082e+00
7.210480779028741516e-17,6.573158626835584606e+00,-1.608061807003650978e+00,-3.965096819831936958e+00,-7.904546847774554364e-16,7.930193639663874805e+00,1.373549829775739006e+01,7.575827750788493020e+00
6.910122191906109101e+00,-3.407036658073249098e-15,-3.226674827041934848e-15,-5.910122191906104661e+00,1.086524268865871079e+01,1.391616930289369051e-15,-5.888615587620724345e-15,1.270365521818964005e+01
6.910122191906147293e+00,-2.268176146586419014e-15,-1.577709297062296071e-15,-5.910122191906144629e+00,1.086524268865879073e+01,1.416655505644801937e-15,-4.013977488236138823e-15,1.270365521818971999e+01
6.910122191905886169e+00,-1.255351832073066942e-15,-7.838304068789185524e-16,-5.910122191905885281e+00,1.086524268865828979e+01,-8.691602435842008262e-16,-1.261820677773066902e-15,1.270365521818916932e+01
-2.936598763916355044e-15,4.738676102212595609e+00,-1.025159221210635963e+00,-2.713516881001957870e+00,-9.701808109215689356e-15,5.427033762003918405e+00,9.399898210182453084e+00,5.926096490456070676e+00
-7.922553838352543155e-17,6.573158626835587270e+00,-1.608061807003650978e+00,-3.965096819831936958e+00,-1.217262749062160032e-15,7.930193639663873029e+00,1.373549829775739006e+01,7.575827750788490356e+00
1.106799614494720962e-16,5.187881014295202320e+00,-1.167104790349569932e+00,-3.020776223945631944e+00,-2.821381537873971073e-16,6.041552447891264777e+00,1.046427579633980010e+01,6.332792439305448440e+00
-3.146091363616418946e+00,-2.212283146430248163e-15,-1.695241448420280988e-16,4.146091363616421610e+00,9.341885586306739597e+00,-1.375834741704163048e-15,5.989362655174583080e-15,7.088706684296682603e+00
-3.146091363616322134e+00,-5.549038293708802774e-16,-3.078308820063037812e-16,4.146091363616323022e+00,9.341885586306535316e+00,1.078452226577592038e-15,9.539469453590496542e-16,7.088706684296444571e+00
-3.146091363616431824e+00,-2.050916111789787062e-16,2.189559799064517129e-15,4.146091363616429604e+00,9.341885586306744926e+00,-7.719723726542006783e-16,-7.836190809315059577e-15,7.088706684296703919e+00
-2.143839946866445054e-15,5.187881014295376403e+00,-1.167104790349619892e+00,-3.020776223945754957e+00,-9.797857990463749818e-15,6.041552447891510802e+00,1.046427579634022997e+01,6.332792439305625187e+00
-5.118346881451821595e+00,3.380490734059275184e-15,-1.917641049788946906e-18,6.118346881451818930e+00,-1.327322985825425050e+01,-2.902992762289470142e-15,6.365364112055500749e-15,-1.110381545344296939e+01
-5.118346881451761199e+00,3.089350301367732110e-15,-5.619974173682694315e-16,6.118346881451757646e+00,-1.327322985825412971e+01,-2.037990240341255869e-15,4.099096635353459091e-15,-1.110381545344283971e+01
-5.118346881451736330e+00,3.558553287673746625e-15,2.179712932986259027e-16,6.118346881451733665e+00,-1.327322985825407997e+01,-2.860070354306952054e-15,7.276793044118945614e-15,-1.110381545344278997e+01
-5.118346881451582675e+00,3.522501616880967882e-15,9.784711281381948780e-16,6.118346881451579122e+00,-1.327322985825377089e+01,-2.301084517782662950e-15,8.762525420391205643e-15,-1.110381545344247023e+01
-5.118346881451487640e+00,2.422031952442160006e-15,2.255463997711471068e-16,6.118346881451484087e+00,-1.327322985825358970e+01,-1.398526260686034021e-15,4.027806568847891617e-15,-1.110381545344226062e+01
-5.118346881451458330e+00,7.757840705765457105e-16,-2.268343057702986865e-15,6.118346881451459218e+00,-1.327322985825353996e+01,-3.966941354496284188e-17,-6.750390540506405635e-15,-1.110381545344221088e+01
-5.118346881451303787e+00,7.904705065279098905e-16,5.834267574962957934e-16,6.118346881451303787e+00,-1.327322985825323087e+01,9.747205139861229273e-16,1.570394743443749009e-15,-1.110381545344185028e+01
-5.118346881451301122e+00,7.870348843476360910e-16,3.482503479398521024e-16,6.118346881451300234e+00,-1.327322985825322021e+01,1.144446722497075976e-15,8.675525336393860260e-16,-1.110381545344185028e+01
-5.118346881451302011e+00,9.372686379588608562e-16,5.903097172922009949e-16,6.118346881451300234e+00,-1.327322985825322021e+01,1.275864527960624917e-15,1.561741212168529907e-15,-1.110381545344185028e+01
-5.118346881451304675e+00,9.408421178119942250e-16,8.115319312323771850e-16,6.118346881451302011e+00,-1.327322985825323087e+01,1.412987653732616009e-15,2.058643626165893029e-15,-1.110381545344185028e+01
-5.118346881451302011e+00,9.971725324506353799e-16,7.229600343187148841e-16,6.118346881451300234e+00,-1.327322985825322021e+01,1.468008020221614030e-15,1.968804753995111010e-15,-1.110381545344185028e+01
-5.118346881451302011e+00,1.034646184132574915e-15,7.905955410484006617e-16,6.118346881451302011e+00,-1.327322985825322021e+01,1.469017956227660967e-15,2.007602988389142064e-15,-1.110381545344185028e+01
-5.118346881451302011e+00,8.920670419737653443e-16,8.916916473578354312e-16,6.118346881451301122e+00,-1.327322985825322021e+01,1.361737833014353000e-15,2.307268760427011932e-15,-1.110381545344185028e+01
-5.118346881451264707e+00,1.489508877175894943e-15,7.107003118286748677e-16,6.118346881451261154e+00,-1.327322985825314028e+01,1.302759639847342949e-15,3.656118299451705627e-15,-1.110381545344177923e+01
2.490714108609802109e-16,3.782829159509450090e+00,-5.332764983837696704e+00,2.549935824328244838e+00,-4.193921106733135216e-15,-5.099871648656486123e+00,-8.833236807553092262e+00,-1.090758147464332950e+01
-1.517512495001973952e-15,3.346176313454547913e+00,-4.652479009259113951e+00,2.306302695804566039e+00,-1.336730530999154965e-14,-4.612605391609147176e+00,-7.989266893533166325e+00,-9.424307423459897137e+00
-3.582240870430177929e-16,3.346176313454336082e+00,-4.652479009258767562e+00,2.306302695804431924e+00,-6.543312990028074252e-16,-4.612605391608867400e+00,-7.989266893532692038e+00,-9.424307423459126198e+00
-2.323696855560948977e-16,3.226449839150026921e+00,-4.465609054702261105e+00,2.239159215552235072e+00,-3.800537333554864222e-16,-4.478318431104471919e+00,-7.756675055145085373e+00,-9.016423860667831747e+00
-2.660124893963620112e-16,3.226449839150026033e+00,-4.465609054702260217e+00,2.239159215552235072e+00,-4.766765405615586412e-16,-4.478318431104471031e+00,-7.756675055145082709e+00,-9.016423860667831747e+00
2.399799189650729137e+00,1.912161253262347094e+00,-3.311960442914947844e+00,1.874493801598223808e-12,1.653125646762698980e-12,1.370030452992925074e-12,-2.265909551421966011e-12,-7.648645013049314656e+00
-1.229842065947401935e-15,2.800267785275695864e+00,-3.798792645682321112e+00,1.998524860406627024e+00,-1.149504116950217010e-14,-3.997049720813266038e+00,-6.923093196827564633e+00,-7.558868168930155562e+00
-3.146091363616656089e+00,5.073476356215586162e-15,1.453761130742422906e-16,4.146091363616653425e+00,-9.341885586307196121e+00,-4.010348431687858293e-15,8.638780531628655632e-15,-7.088706684297227945e+00
-3.146091363616651204e+00,2.760763017473144973e-15,-2.544384876861307100e-15,4.146091363616649872e+00,-9.341885586307194345e+00,-2.430851039517020954e-15,-5.337202143990242697e-15,-7.088706684297214622e+00
-3.146091363616323022e+00,5.121331273765084897e-16,2.894972218365492213e-16,4.146091363616323022e+00,-9.341885586306531764e+00,7.591323587208592227e-16,8.988176807705193992e-16,-7.088706684296447236e+00
2.345539879570815954e-16,-6.490092708081733441e+00,2.692474174921402952e+00,4.797618533160330045e+00,5.259759375730104388e-15,-9.595237066320656538e+00,-1.661943810953551903e+01,-3.653181278101539142e+00
3.481850461303169799e-16,-6.490092708081724560e+00,2.692474174921399843e+00,4.797618533160323828e+00,5.122474754908105319e-15,-9.595237066320642327e+00,-1.661943810953550127e+01,-3.653181278101531149e+00
-2.576229170945009913e-16,-6.490092708081390604e+00,2.692474174921299035e+00,4.797618533160093790e+00,6.039188730193497775e-15,-9.595237066320187580e+00,-1.661943810953470901e+01,-3.653181278101218066e+00
-8.708506486439499744e-17,-6.490092708081204975e+00,2.692474174921251961e+00,4.797618533159954346e+00,9.212602097645826726e-16,-9.595237066319910468e+00,-1.661943810953422940e+01,-3.653181278101011120e+00
5.609693329606429444e-16,-5.841490079070393193e+00,2.485837224764547937e+00,4.355652854305845700e+00,-1.143248013178239091e-15,-8.711305708611680743e+00,-1.508842408758023979e+01,-3.071787412864356970e+00
-1.352181287813303977e-16,-5.841490079070379871e+00,2.485837224764558151e+00,4.355652854305821720e+00,6.316874170811350611e-16,-8.711305708611643439e+00,-1.508842408758017051e+01,-3.071787412864301903e+00
-2.122855700952908999e-16,-5.841490079070375430e+00,2.485837224764555931e+00,4.355652854305821720e+00,6.686986915565992103e-16,-8.711305708611643439e+00,-1.508842408758017051e+01,-3.071787412864300126e+00
-2.990897799830295162e-16,-5.100243256556657556e+00,2.250884440677221043e+00,3.849358815879435181e+00,4.766845049489789069e-15,-7.698717631758870361e+00,-1.333457009133270965e+01,-2.403194086674908192e+00
-1.073251557562077044e-16,-5.100243256556571403e+00,2.250884440677208165e+00,3.849358815879361906e+00,7.713587903358181820e-16,-7.698717631758727364e+00,-1.333457009133245919e+01,-2.403194086674782959e+00
-8.050769652725563441e-01,1.739555324311545916e-16,1.557901767459550883e-17,1.805076965272556011e+00,-4.662783043250750659e+00,3.247247997928017908e-16,9.609322457328289110e-16,-2.079633885094661849e+00
-2.347490500720017920e-16,-4.643631911830913062e+00,2.107055015591086988e+00,3.536576896239826961e+00,1.085716867605086046e-14,-7.073153792479651258e+00,-1.225106173832324963e+01,-1.988211140968632940e+00
5.114597036759710112e-16,-4.643631911830898851e+00,2.107055015591078995e+00,3.536576896239818080e+00,5.112856551179999291e-15,-7.073153792479626389e+00,-1.225106173832321055e+01,-1.988211140968628055e+00
-5.315908581075023816e-17,-4.643631911830414793e+00,2.107055015590959979e+00,3.536576896239456147e+00,5.540526257383072677e-16,-7.073153792478912294e+00,-1.225106173832197065e+01,-1.988211140968080048e+00
-5.382521429595116040e-17,-4.006846593293905912e+00,1.908179817077106044e+00,3.098666776216798979e+00,4.157571444226656843e-16,-6.197333552433600623e+00,-1.073409658426631985e+01,-1.403564400277742985e+00
-3.407502106221011005e-15,2.840545171378586198e-01,2.316817495297335050e+00,-1.600872012435190062e+00,2.861354522706757106e-15,-6.403488049740757582e+00,-3.531320864579725874e-15,-1.136218068551438920e+00
3.272222618762583882e-17,1.111106677501092044e+00,8.438252094476490495e-01,-9.549318869487407602e-01,-1.539427968550846957e-16,1.909863773897481076e+00,-3.307981091925677131e+00,-7.008829159393706876e-01
-5.397971288096812245e-17,-2.617492327141718977e+00,1.488488438147721915e+00,2.129003888993997062e+00,2.310940395814015969e-16,-4.258007777987993236e+00,-7.375085810498666739e+00,-7.870945158203961067e-02
-2.060549835639131906e-16,-9.755484801905084380e-02,3.738062204608661787e+00,-2.640507356589611110e+00,-3.351906942740997872e-17,-1.056202942635844977e+01,-8.525726901973025692e-16,3.902193920762020984e-01
-1.721992848910837973e-15,-9.755484801908381742e-02,3.738062204608841199e+00,-2.640507356589755883e+00,3.729525831789301840e-15,-1.056202942635901998e+01,2.900257756346495957e-15,3.902193920763399881e-01
3.177227722517195960e-17,1.555797163880884959e+00,4.425535075752127234e-01,-9.983506714560985706e-01,-1.481330567846959070e-16,1.996701342912196031e+00,-3.458388173464931992e+00,1.578544007385598080e+00
-9.498970581022898289e-16,-8.162741422436292638e-01,5.777027963495513063e+00,-3.960753821251883799e+00,2.751366834165621185e-15,-1.584301528500752987e+01,3.063539075815809822e-15,3.265096568974522828e+00
-2.655267753811992204e-16,-8.162741422435824123e-01,5.777027963495304341e+00,-3.960753821251719931e+00,8.894078148038742294e-17,-1.584301528500687972e+01,-1.117088092515744996e-15,3.265096568974326985e+00
3.612637901622644211e-17,1.539348186719105005e+00,5.067379478870290832e-01,-1.046086134606134088e+00,-2.020908019296759984e-16,2.092172269212268176e+00,-3.623748668462321021e+00,1.323304629711159919e+00
-1.032908871842885040e-15,3.507839073049322243e-02,3.293095192160119034e+00,-2.328173582890610938e+00,1.240695519565675908e-15,-9.312694331562441974e+00,-6.278166514825390619e-16,-1.403135629219735003e-01
-1.213780289397355944e-15,3.507839073049282691e-02,3.293095192160126139e+00,-2.328173582890618043e+00,1.540882873121850945e-15,-9.312694331562472172e+00,-3.558534658579585841e-16,-1.403135629219715019e-01
6.260064309501902984e-16,1.212189938398857914e+00,8.097974462285670860e-01,-1.021987384627426110e+00,-1.036604555396624955e-15,2.043974769254850887e+00,-3.540268149738274861e+00,-3.808407646170947070e-01
-2.951275335819161997e-16,3.346176313454336082e+00,-4.652479009258767562e+00,2.306302695804432812e+00,-4.711603700718797047e-16,-4.612605391608865624e+00,-7.989266893532694702e+00,-9.424307423459129751e+00
-3.361832974854286739e-17,-2.617492327141717201e+00,1.488488438147721915e+00,2.129003888993994842e+00,2.607052755709952853e-16,-4.258007777987992348e+00,-7.375085810498662298e+00,-7.870945158203868086e-02
-3.146091363616323022e+00,6.297203445403363140e-16,4.213502856985228039e-16,4.146091363616323022e+00,-9.341885586306531764e+00,1.075868850078141087e-15,1.238675971354903097e-15,-7.088706684296447236e+00
-3.146091363616438041e+00,1.108859133884478987e-16,-2.811998202098197905e-15,4.146091363616441150e+00,-9.341885586306776901e+00,-1.595043438743964970e-15,-1.711782546184466046e-14,-7.088706684296747440e+00
6.015630849914511575e-17,1.555797163880886069e+00,4.425535075752125014e-01,-9.983506714560985706e-01,-1.674149655668411914e-16,1.996701342912196031e+00,-3.458388173464931992e+00,1.578544007385596970e+00
-3.146091363616323022e+00,4.435908979686358981e-16,3.279303130371821095e-16,4.146091363616323022e+00,-9.341885586306533540e+00,5.682775500832992584e-16,9.900526071486162165e-16,-7.088706684296443683e+00
-1.494264984875841897e-17,3.346176313454479967e+00,-4.652479009259008258e+00,2.306302695804530067e+00,-7.080823677413069382e-15,-4.612605391609056582e+00,-7.989266893533025993e+00,-9.424307423459673316e+00
-1.090804756160105998e-16,2.840545171378590084e-01,2.316817495297299079e+00,-1.600872012435156977e+00,9.632419427462014338e-19,-6.403488049740629684e+00,-7.116445193674590201e-16,-1.136218068551436922e+00
3.987377341046047955e-17,1.111106677501092044e+00,8.438252094476490495e-01,-9.549318869487410932e-01,-1.485550698432334117e-16,1.909863773897481964e+00,-3.307981091925678019e+00,-7.008829159393711317e-01
2.399799189650242859e+00,1.912161253263843008e+00,-3.311960442917550207e+00,3.462872063737251913e-12,3.090810287142176933e-12,2.494626529051202936e-12,-4.242639628480634623e-12,-7.648645013055338282e+00
8.233889716804475167e-16,-4.822782766579779334e+00,7.836049066524122253e+00,-2.013266299944345139e+00,7.061384117939786231e-16,4.026532599888693831e+00,6.974159041339619947e+00,1.749930469448534964e+01
2.518457074840060068e-15,-4.822782766579779334e+00,7.836049066524129358e+00,-2.013266299944351800e+00,2.028035390742134068e-15,4.026532599888714259e+00,6.974159041339646592e+00,1.749930469448537096e+01
1.036924694511319048e-15,-4.822782766579776670e+00,7.836049066524123141e+00,-2.013266299944345139e+00,9.859376117884632792e-16,4.026532599888692054e+00,6.974159041339616394e+00,1.749930469448534964e+01
7.220334144375689531e-15,-4.822782766579726044e+00,7.836049066524042317e+00,-2.013266299944322935e+00,4.345226470115853346e-15,4.026532599888689390e+00,6.974159041339565768e+00,1.749930469448516845e+01
1.180557197785042966e-15,-4.270934426856952904e+00,6.979305892944588585e+00,-1.708371466087637902e+00,1.038483635783489947e-15,3.416742932175278025e+00,5.917972354929442957e+00,1.563515596257589912e+01
9.197259372946019193e-16,-4.270934426856953792e+00,6.979305892944590362e+00,-1.708371466087637902e+00,7.137159136560065677e-16,3.416742932175278025e+00,5.917972354929442957e+00,1.563515596257589912e+01
1.045992445981760092e-15,-4.270934426856953792e+00,6.979305892944592138e+00,-1.708371466087637902e+00,7.295777171165618620e-16,3.416742932175278025e+00,5.917972354929442957e+00,1.563515596257589912e+01
-1.686851751130906907e+00,-3.670307748246753210e+00,6.357159499377070588e+00,5.720777791696080977e-13,2.434408374194571749e-13,3.974104463501651856e-13,-1.047496872495742950e-12,1.468123099298695955e+01
-1.686851751123046084e+00,-3.670307748234583833e+00,6.357159499356036747e+00,1.600631808214732931e-12,7.206340444520312169e-13,1.505792388967473088e-12,-2.647725338197628904e-12,1.468123099293837086e+01
-1.686851751125123089e+00,-3.670307748226881106e+00,6.357159499342666109e+00,9.333475725985644553e-12,4.098694099949464153e-12,8.764336604251226752e-12,-1.541459118326412878e-11,1.468123099290751021e+01
-4.477719337233900095e-15,-3.632518112244005781e+00,7.438869580067025034e+00,-2.806351467823014811e+00,2.766954716185467889e-15,-1.122540587129205925e+01,-3.253917989327925017e-15,1.453007244897601957e+01
-6.689414500806200015e-15,-3.632518112243862785e+00,7.438869580066724829e+00,-2.806351467822854939e+00,1.578271860999266050e-15,-1.122540587129146061e+01,-2.193116256851576917e-14,1.453007244897544936e+01
-6.699010845718706924e-16,-3.632518112243832142e+00,7.438869580066665321e+00,-2.806351467822834067e+00,-1.317662269805390956e-16,-1.122540587129133982e+01,-3.800931845182222609e-15,1.453007244897531969e+01
-7.466089509374519374e-16,-3.632518112243833031e+00,7.438869580066666209e+00,-2.806351467822834067e+00,4.657992586110495162e-17,-1.122540587129133982e+01,-1.516848585594566086e-15,1.453007244897533035e+01
-3.949961516544461875e-16,-3.632518112243833031e+00,7.438869580066667098e+00,-2.806351467822834067e+00,7.384483188716036538e-17,-1.122540587129132916e+01,7.204422996330636258e-16,1.453007244897533035e+01
-7.483429463937065050e-16,-3.632518112243833919e+00,7.438869580066670650e+00,-2.806351467822834955e+00,-1.513938809758374046e-16,-1.122540587129133982e+01,-1.009392705362655062e-15,1.453007244897533923e+01
-5.012393159591677517e-16,-3.632518112243829034e+00,7.438869580066665321e+00,-2.806351467822834955e+00,-1.034576166181094001e-16,-1.122540587129133982e+01,-3.030001381272726963e-15,1.453007244897531969e+01
-5.267252080245235328e-16,-3.632518112243830810e+00,7.438869580066665321e+00,-2.806351467822834067e+00,-2.653368349502308926e-17,-1.122540587129132916e+01,-3.069967443272132059e-15,1.453007244897531969e+01
1.014284277383073984e+01,-3.346512718031858125e+00,-5.796330055806606651e+00,7.717407401108903106e-12,-7.101211053581105989e-12,2.395076280512505883e-12,4.044978336443548031e-12,1.338605087212750000e+01
1.014284277379693044e+01,-3.346512718022311095e+00,-5.796330055790065217e+00,1.544184682841033911e-11,-1.419600565311276922e-11,4.692480961482593660e-12,8.113777251398225450e-12,1.338605087208916977e+01
1.014284277379348076e+01,-3.346512718021806165e+00,-5.796330055789214342e+00,1.752959497696452111e-11,-1.611907110424884081e-11,5.363059297312066068e-12,9.198406044657759352e-12,1.338605087208730993e+01
1.014284277378276933e+01,-3.346512718017348842e+00,-5.796330055781467649e+00,1.605214206749461093e-11,-1.474715692286016149e-11,4.872883220810740129e-12,8.402632076591819927e-12,1.338605087206937050e+01
1.014284277377736920e+01,-3.346512718016995791e+00,-5.796330055780837043e+00,2.048058303152618976e-11,-1.882046285181379059e-11,6.218300704148476642e-12,1.073118474297611077e-11,1.338605087206796007e+01
1.014284277377744914e+01,-3.346512718015132837e+00,-5.796330055777631607e+00,1.529373004685407959e-11,-1.406456077613916952e-11,4.658590921944343091e-12,8.019094614944971963e-12,1.338605087206054023e+01
1.014284277381099919e+01,-3.346512718015111965e+00,-5.796330055777578316e+00,-1.832286786561459859e-11,1.684803052760651876e-11,-5.539038224040622333e-12,-9.646943663571948306e-12,1.338605087206044075e+01
1.014284277378996002e+01,-3.346512718014987176e+00,-5.796330055777393575e+00,2.413253350375586806e-12,-2.218279693779235806e-12,7.535095896959052765e-13,1.252774577480470035e-12,1.338605087205995936e+01
1.014284277379857002e+01,-3.346512718013027854e+00,-5.796330055774001622e+00,-1.154374747703600059e-11,1.061387329809802034e-11,-3.471654383890894022e-12,-6.099427833334505798e-12,1.338605087205215938e+01
1.014284277382740029e+01,-3.346512718012252918e+00,-5.796330055772646261e+00,-4.248868088282180246e-11,3.905695455650865783e-11,-1.284969225748923958e-11,-2.232108873841887067e-11,1.338605087204904009e+01
1.014284277381963939e+01,-3.346512718011017018e+00,-5.796330055770516410e+00,-3.810509233710458110e-11,3.502547992055435805e-11,-1.151822239616213958e-11,-2.000801561150512154e-11,1.338605087204416932e+01
1.014284277377799981e+01,-3.346512718009199805e+00,-5.796330055767382916e+00,-1.417673101853570923e-12,1.305030914454924920e-12,-4.054334073293060786e-13,-7.716919278765361474e-13,1.338605087203687916e+01
-1.109938699891595014e-14,-3.156852541249711042e+00,6.154609855835115440e+00,-1.997757314585391963e+00,4.879803448407170225e-15,-7.991029258341604269e+00,-2.210732907669350964e-14,1.262741016499884061e+01
-1.835939403898887161e-15,-3.156852541249608013e+00,6.154609855834902277e+00,-1.997757314585290045e+00,2.991823552306865079e-15,-7.991029258341146857e+00,8.483075124666087675e-15,1.262741016499843916e+01
-5.381891785447776626e-16,-3.156852541249500987e+00,6.154609855834697107e+00,-1.997757314585195898e+00,-1.525340898032456053e-16,-7.991029258340788921e+00,-3.726864025297969373e-15,1.262741016499800040e+01
-1.164938003006650069e+00,-2.957360309712461888e+00,5.122298312709614443e+00,9.496757057735154861e-12,3.602737999682815929e-12,9.106826937516799410e-12,-1.587181735013440049e-11,1.182944123884985999e+01
-1.164938002998356037e+00,-2.957360309709414992e+00,5.122298312704323564e+00,3.443148930604954940e-12,1.438302719383254010e-12,3.208021486819553016e-12,-5.765474903972874236e-12,1.182944123883762977e+01
-1.164938002991320998e+00,-2.957360309704252899e+00,5.122298312695389377e+00,1.823178935260942095e-13,8.897299841718607463e-14,1.661224927790758076e-13,-3.188194368635355884e-13,1.182944123881699916e+01
-7.175162047272730010e-16,-2.797154303088885019e+00,5.278159859428786405e+00,-1.481005556339900942e+00,7.531113422685617731e-17,-5.924022225359608207e+00,-1.678116710333510020e-15,1.118861721235554008e+01
8.153299590572565592e+00,-2.618289371032011204e+00,-4.535010219545014820e+00,4.452727895359145330e-12,-4.054606969496336929e-12,1.349271516118800907e-12,2.249861808639683088e-12,1.047315748412811942e+01
8.153299590582323120e+00,-2.618289371031842006e+00,-4.535010219544704846e+00,-5.770668653380113343e-12,5.251263196324768897e-12,-1.654134566213316914e-12,-2.941719669067982809e-12,1.047315748412735914e+01
8.153299590573483968e+00,-2.618289371030538160e+00,-4.535010219542455090e+00,-4.925700652825393786e-13,4.479459813136682969e-13,-1.438521232421721096e-13,-2.491530817129362091e-13,1.047315748412214376e+01
3.346094615334034153e-18,-2.250335139320456257e+00,4.064006100297616442e+00,-8.136709609771606289e-01,6.118032288455015624e-18,-3.254683843908642515e+00,-1.185005586734850412e-17,9.001340557281825028e+00
8.153299590585554313e+00,-2.618289371035376956e+00,-4.535010219550854593e+00,6.739397745368612776e-13,-6.154334880053773929e-13,2.432475401684195184e-13,3.194025829354326087e-13,1.047315748414158065e+01
8.153299590577947953e+00,-2.618289371035145141e+00,-4.535010219550446919e+00,7.639646096104436361e-12,-6.951802105286011194e-12,2.277724013681509169e-12,3.843762200448251344e-12,1.047315748414063030e+01
8.153299590533922725e+00,-2.618289371015869005e+00,-4.535010219517046082e+00,-9.892069658051958720e-13,8.976545300319792819e-13,-2.563854996050903828e-13,-5.164733075716922550e-13,1.047315748406347957e+01
8.153299590590014745e+00,-2.618289371033748036e+00,-4.535010219548022192e+00,-8.266545016397004274e-12,7.514757023451309967e-12,-2.379721732104098184e-12,-4.196344217071781078e-12,1.047315748413505965e+01
8.153299590577649525e+00,-2.618289371031936152e+00,-4.535010219544851395e+00,-8.527788793098509911e-13,7.708791088068509496e-13,-2.231900824024959978e-13,-4.460601495060931072e-13,1.047315748412774994e+01
8.153299590580058265e+00,-2.618289371031027990e+00,-4.535010219543306853e+00,-5.727602952464702610e-12,5.210467850955379958e-12,-1.640570367094083931e-12,-2.920251378348094902e-12,1.047315748412420966e+01
-6.414880281851886642e-16,-2.797154303088885019e+00,5.278159859428788181e+00,-1.481005556339902052e+00,2.969212436524110146e-17,-5.924022225359610871e+00,-2.398564868567836812e-15,1.118861721235554008e+01
-1.817100533069674903e-15,4.890192602648668618e+00,-7.052263214060168650e+00,3.162070611411503140e+00,-9.520330087926940406e-15,-6.324141222823008057e+00,-1.095373391217020931e+01,-1.464937118490506052e+01
-5.972283929487375475e-16,4.890192602648278708e+00,-7.052263214059549590e+00,3.162070611411272214e+00,-9.853341195587617232e-16,-6.324141222822547981e+00,-1.095373391216940995e+01,-1.464937118490371049e+01
-8.686396079854899810e+00,3.545467036352666135e+00,6.140929043523444264e+00,-2.121422225441372886e-11,2.078811542173685999e-11,-8.504859949566519134e-12,-1.466994074047318885e-11,-1.418186814541060947e+01
-8.686396079808297088e+00,3.545467036341661160e+00,6.140929043504382179e+00,-3.774571665881943173e-11,3.698809705331327012e-11,-1.513369109895009953e-11,-2.613070164006474080e-11,-1.418186814536657003e+01
-8.686396079817733096e+00,3.545467036339912781e+00,6.140929043501383688e+00,-2.356329670844913992e-11,2.309158278527064085e-11,-9.453134221508381116e-12,-1.630290546619636103e-11,-1.418186814535962981e+01
-8.686396079807691351e+00,3.545467036339880806e+00,6.140929043501319740e+00,-3.351488343573136288e-11,3.284038043256268182e-11,-1.343921289559805063e-11,-2.320014693550522094e-11,-1.418186814535951079e+01
-8.686396079852906738e+00,3.545467036338353140e+00,6.140929043498682738e+00,1.586671934595067998e-11,-1.554142881546875856e-11,6.295688484548944046e-12,1.100147930833571077e-11,-1.418186814535343032e+01
-8.686396079827199301e+00,3.545467036336320987e+00,6.140929043495161110e+00,-4.289650244382919126e-12,4.207383178584614656e-12,-1.743731775323393992e-12,-2.944305128788273963e-12,-1.418186814534525020e+01
-8.686396079829627581e+00,3.545467036335704147e+00,6.140929043494115724e+00,-1.971571858240977044e-13,1.966664597253338953e-13,-1.197269735465947987e-13,-1.183109141543787940e-13,-1.418186814534285034e+01
-8.686396079832046979e+00,3.545467036334533972e+00,6.140929043492067585e+00,5.445608974178141607e-12,-5.331516644343208221e-12,2.140786466432930981e-12,3.786710895291441013e-12,-1.418186814533810924e+01
-8.686396079857969355e+00,3.545467036332528021e+00,6.140929043488609906e+00,3.682934568476053242e-11,-3.607668603474060299e-11,1.468452182853180914e-11,2.551391604793665101e-11,-1.418186814533017959e+01
-8.686396079802779724e+00,3.545467036332035971e+00,6.140929043487735051e+00,-1.698503532471155006e-11,1.663452002115232021e-11,-6.805551285764802622e-12,-1.175318713207775019e-11,-1.418186814532815987e+01
-8.686396079810320359e+00,3.545467036327118127e+00,6.140929043479205873e+00,3.994312547233763062e-12,-3.908041645770040402e-12,1.570897337039606921e-12,2.784768469225986081e-12,-1.418186814530844941e+01
-8.686396079807620296e+00,3.545467036326365839e+00,6.140929043477921567e+00,3.334503645906263020e-12,-3.260309447020925941e-12,1.300699349426023018e-12,2.327872184995820057e-12,-1.418186814530544915e+01
7.499999999997013944e+00,-6.500000000039563020e+00,2.603590762790236157e-15,4.253643027964483006e-11,4.212048016648152196e-11,-3.647135085633376777e-11,-2.495112675934205157e-14,-1.300000000007909939e+01
7.500000000033438141e+00,-6.500000000034659386e+00,5.665329144039619687e-15,1.237017239462364970e-12,1.244731824423397085e-12,-1.035605792612085095e-12,-2.145755666071305034e-14,-1.300000000006935075e+01
7.499999999972566833e+00,-6.500000000018467006e+00,1.008418574152505929e-14,4.589678952689176700e-11,4.544266046126248693e-11,-3.931671172670215088e-11,-2.364553402424513026e-14,-1.300000000003693934e+01
7.500000000027268854e+00,-6.500000000018413715e+00,3.660117234080662790e-15,-8.860400789200334110e-12,-8.752034658374354384e-12,7.620977352184941639e-12,-2.830621597415072992e-14,-1.300000000003680078e+01
7.499999999979419130e+00,-6.500000000017923441e+00,-3.906318862596283380e-15,3.851025192515151028e-11,3.812883194624456238e-11,-3.299141429733185738e-11,-2.299362586864015883e-14,-1.300000000003582024e+01
7.500000000047579718e+00,-6.500000000017906565e+00,5.988570088988876140e-15,-2.967903875177099734e-11,-2.935796883919648291e-11,2.549300871030957111e-11,-2.672591330616033850e-14,-1.300000000003579004e+01
7.500000000042660986e+00,-6.500000000017858603e+00,-3.757052502266766691e-15,-2.481523108662363132e-11,-2.454645558209631974e-11,2.129677763518514950e-11,-2.266468218639813932e-14,-1.300000000003572964e+01
7.500000000053425708e+00,-6.500000000017048585e+00,5.480739471870726926e-15,-3.637735279407160128e-11,-3.598663078009041229e-11,3.124353839518328272e-11,-2.411408683975569009e-14,-1.300000000003410960e+01
7.499999999986606269e+00,-6.500000000016296298e+00,-4.055343562209080614e-15,2.969088702971860053e-11,2.939973979266446699e-11,-2.542045115581070939e-11,-2.208753223169163154e-14,-1.300000000003253930e+01
7.499999999968707698e+00,-6.500000000015894841e+00,5.475570155264027722e-15,4.717725561326986195e-11,4.671046711199722821e-11,-4.041067280964396296e-11,-2.386201224129868848e-14,-1.300000000003178080e+01
7.499999999995946354e+00,-6.500000000015144330e+00,3.919496832494558208e-16,1.919735779745370103e-11,1.902049227530733957e-11,-1.642438826707847969e-11,-2.684730359622642073e-14,-1.300000000003030998e+01
7.500000000012890133e+00,-6.500000000012735590e+00,3.872649275329353036e-15,-1.461551747329517991e-13,-1.262671223834492077e-13,1.467126467375872977e-13,-2.693264025823029124e-14,-1.300000000002551026e+01
7.499999999991223021e+00,-6.500000000012398971e+00,4.147567392811980822e-15,2.117926646573981853e-11,2.098045307743804911e-11,-1.813170015624273901e-11,-2.207331813082670873e-14,-1.300000000002481926e+01
7.500000000013278267e+00,-6.500000000009190870e+00,-6.043781700179489774e-15,-4.076630053284201267e-12,-4.017860683795443354e-12,3.526120276116432992e-12,-2.332853595571200945e-14,-1.300000000001842082e+01
7.499999999979768184e+00,-6.500000000008671286e+00,-4.938205359159522621e-15,2.891347449784040849e-11,2.864177234279976878e-11,-2.480855739512770947e-11,-2.770997189596353893e-14,-1.300000000001736922e+01
7.500000000020811797e+00,-6.500000000003993250e+00,2.846628899596115909e-15,-1.681412051879681845e-11,-1.662423629483388159e-11,1.442846863930678928e-11,-2.772826777778131138e-14,-1.300000000000797939e+01
7.500000000016713742e+00,-6.499999999998056666e+00,-4.266363951384182920e-16,-1.866659114934180030e-11,-1.846045044161550023e-11,1.602345646649453075e-11,-2.576123767606129019e-14,-1.299999999999612044e+01
7.500000000000661693e+00,-6.499999999996279421e+00,-1.042812503587984991e-14,-4.392956867175647400e-12,-4.330990055621120327e-12,3.770286344745088778e-12,-2.016556447335281921e-14,-1.299999999999256950e+01
7.500000000022160940e+00,-6.499999999993264943e+00,1.767488381302119988e-15,-2.890876638322656943e-11,-2.859707498820386960e-11,2.483770863519804119e-11,-2.534996137108909150e-14,-1.299999999998646061e+01
7.499999999994599875e+00,-6.499999999982781773e+00,-1.863738909137463812e-15,-1.181423893686274028e-11,-1.167539406494571974e-11,1.017021055692669014e-11,-2.958859235271893791e-14,-1.299999999996555999e+01
5.014174674807827894e-16,4.336971046690024423e+00,-6.194016477292212386e+00,2.857045430602187963e+00,-4.701704511948609335e-15,-5.714090861204367044e+00,-9.897095690670973056e+00,-1.278276038979777063e+01
-2.662139826736646061e-15,4.336971046689942710e+00,-6.194016477292077383e+00,2.857045430602136005e+00,-1.266500264563956979e-14,-5.714090861204288885e+00,-9.897095690670813184e+00,-1.278276038979745977e+01
6.910122191906504341e+00,3.544213660556792019e-15,1.536280330956915028e-15,-5.910122191906510558e+00,-1.086524268865951015e+01,3.900894668504304060e-15,-6.984721952520522681e-15,-1.270365521819046961e+01
6.910122191906354239e+00,5.139131971553790126e-15,7.076282699472289316e-15,-5.910122191906364897e+00,-1.086524268865922949e+01,5.507972653005683662e-15,-1.356211774374397960e-14,-1.270365521819018007e+01
6.910122191906359568e+00,4.437565587199203047e-15,3.916596039174557745e-15,-5.910122191906367561e+00,-1.086524268865924014e+01,4.082051534081209618e-15,-9.348080898113657731e-15,-1.270365521819018007e+01
6.910122191906192590e+00,1.908070850899918820e-15,-1.626417527765013888e-16,-5.910122191906196143e+00,-1.086524268865889020e+01,2.205132081476830070e-15,-3.588201400932006770e-15,-1.270365521818983012e+01
6.910122191906189038e+00,2.757421760522234819e-15,8.630371940624226721e-16,-5.910122191906191702e+00,-1.086524268865887954e+01,1.948187420808120827e-15,-4.950283657297714152e-15,-1.270365521818981946e+01
6.910122191906173938e+00,4.494979574191351704e-15,5.348605711842629128e-15,-5.910122191906183708e+00,-1.086524268865887954e+01,4.711859151337293735e-15,-1.010374932481088980e-14,-1.270365521818981058e+01
6.910122191906115319e+00,4.382767932265295735e-15,5.113529756617052178e-15,-5.910122191906125089e+00,-1.086524268865876053e+01,3.717780979820152392e-15,-9.483514728618112206e-15,-1.270365521818967913e+01
6.910122191905879063e+00,1.739023183945207993e-15,9.851352924891974664e-16,-5.910122191905882616e+00,-1.086524268865828979e+01,-1.684934477341350931e-15,-1.538566291567200920e-15,-1.270365521818916932e+01
6.910122191905880840e+00,1.050088050632100070e-15,7.421890797836928650e-16,-5.910122191905882616e+00,-1.086524268865828979e+01,-6.958157027671957861e-16,-1.148233438435440033e-15,-1.270365521818916932e+01
6.910122191905879951e+00,1.174443322236240020e-15,8.981173863537055924e-16,-5.910122191905884392e+00,-1.086524268865828979e+01,-9.847128744098705669e-16,-1.408042308494012938e-15,-1.270365521818916932e+01
3.112746628188812981e+00,2.886065565864378790e+00,-4.998812194052129954e+00,-1.065108411079703004e-12,-9.338370397375963529e-13,-7.810808354889795567e-13,1.420638294905702903e-12,-1.154426226345752049e+01
3.112746628167058827e+00,2.886065565856335891e+00,-4.998812194038210421e+00,1.480870355873762970e-11,1.238255524520722040e-11,1.146459633196659079e-11,-1.985685539685566075e-11,-1.154426226342535955e+01
3.112746628178383990e+00,2.886065565855544968e+00,-4.998812194036823087e+00,2.890649128910675985e-12,2.372788818454524012e-12,2.288222965288243093e-12,-3.878415760512357614e-12,-1.154426226342216033e+01
3.112746628181760844e+00,2.886065565854095016e+00,-4.998812194034313983e+00,-1.551552305611902966e-12,-1.331308751602315080e-12,-1.164360309618161995e-12,2.090052838521290971e-12,-1.154426226341638007e+01
-6.696852896643720854e+00,2.817243689365656945e+00,4.879609207284095085e+00,-6.028446650240575374e-12,5.941203927688356794e-12,-2.535256422744083185e-12,-4.292041992001593929e-12,-1.126897475746259936e+01
-6.696852896647318865e+00,2.817243689362840087e+00,4.879609207279231420e+00,5.250064258039729030e-12,-5.165386941407529234e-12,2.142850035103572062e-12,3.783848150756558876e-12,-1.126897475745133015e+01
-6.696852896626812601e+00,2.817243689356422109e+00,4.879609207268114091e+00,2.275219008886559144e-12,-2.238379496218623917e-12,8.873798184003799747e-13,1.670089594472485087e-12,-1.126897475742567956e+01
-6.696852896615681061e+00,2.817243689353514213e+00,4.879609207263086113e+00,-9.131188706067797567e-13,9.028454548432419802e-13,-4.366479910797689098e-13,-6.381126815527349039e-13,-1.126897475741409060e+01
-6.696852896628479712e+00,2.817243689351716096e+00,4.879609207259952619e+00,1.681082655922236125e-11,-1.655949360804303960e-11,6.934200834288351069e-12,1.208909279055970931e-11,-1.126897475740680044e+01
-6.696852896620939077e+00,2.817243689351521141e+00,4.879609207259624881e+00,9.799354779604068884e-12,-9.651059083739221481e-12,4.009885851839561248e-12,7.045209551914988317e-12,-1.126897475740607035e+01
-6.696852896594435833e+00,2.817243689346471847e+00,4.879609207250886094e+00,-2.921485261915497131e-12,2.881047460385115942e-12,-1.233627161666393029e-12,-2.070786657960297085e-12,-1.126897475738586074e+01
6.910122191906374667e+00,4.736977311316075978e-15,3.591334727305991749e-15,-5.910122191906384437e+00,-1.086524268865927034e+01,3.658483682103677038e-15,-8.969450138815823353e-15,-1.270365521819021914e+01
6.910122191905882616e+00,1.499210466494483056e-15,7.267774323909283612e-16,-5.910122191905884392e+00,-1.086524268865828979e+01,-1.332262767418664075e-15,-1.138042219982754953e-15,-1.270365521818916932e+01
-3.367332744668286879e-16,4.336971046689711784e+00,-6.194016477291707012e+00,2.857045430601994784e+00,-5.589234501835762043e-16,-5.714090861203992233e+00,-9.897095690670315804e+00,-1.278276038979664975e+01
3.634660376329918119e+00,3.599013004383103898e+00,-6.233673380692646759e+00,-2.037542020091913109e-11,-1.645385064321251151e-11,-1.619601933176653926e-11,2.807882201939333029e-11,-1.439605201753241026e+01
3.634660376300784090e+00,3.599013004385286152e+00,-6.233673380696416189e+00,1.034895707326418076e-11,8.284894714472315786e-12,8.280181345000613209e-12,-1.430879278499957039e-11,-1.439605201754114994e+01
3.634660376315602015e+00,3.599013004383659897e+00,-6.233673380693618427e+00,-5.649040548526584376e-12,-4.606973576186817732e-12,-4.458168158827215011e-12,7.741570983244690371e-12,-1.439605201753468933e+01
-3.684256870843072223e-16,4.890192602648618880e+00,-7.052263214060094043e+00,3.162070611411476051e+00,-5.829440886497830866e-15,-6.324141222822945885e+00,-1.095373391217012049e+01,-1.464937118490490953e+01
3.634660376320351993e+00,3.599013004390959836e+00,-6.233673380706258982e+00,-5.065630857253734786e-12,-4.127375015891110202e-12,-3.989304098615072179e-12,6.964897381588448381e-12,-1.439605201756386954e+01
3.634660376320354214e+00,3.599013004386173886e+00,-6.233673380697959843e+00,-8.560621207545771582e-12,-6.908814102297408390e-12,-6.793410181547583610e-12,1.183150542604359994e-11,-1.439605201754469022e+01
3.634660376316201980e+00,3.599013004387511039e+00,-6.233673380700272659e+00,-3.434488605305644127e-12,-2.814988195785587960e-12,-2.687908139729442127e-12,4.720378626454196987e-12,-1.439605201755001929e+01
-1.012988164700660077e-15,4.890192602648252063e+00,-7.052263214059513174e+00,3.162070611411262000e+00,-5.133808170899014313e-15,-6.324141222822532882e+00,-1.095373391216939041e+01,-1.464937118490361989e+01
3.634660376307831786e+00,3.599013004384972181e+00,-6.233673380695890387e+00,3.083462849237147119e-12,2.454093731353748997e-12,2.471224908524418166e-12,-4.265858528724008837e-12,-1.439605201753989938e+01
3.634660376303322948e+00,3.599013004388473824e+00,-6.233673380701929112e+00,1.014084518304567966e-11,8.142534710973284229e-12,8.116145263617541199e-12,-1.395892687160784014e-11,-1.439605201755385977e+01
3.634660376316507957e+00,3.599013004388842862e+00,-6.233673380702586364e+00,-2.747875050122987954e-12,-2.255694182417226004e-12,-2.146241775140826859e-12,3.781508083604853969e-12,-1.439605201755538921e+01
6.910122191906482136e+00,4.348724184206618355e-15,4.161635751882521385e-15,-5.910122191906491906e+00,-1.086524268865947995e+01,5.583149373187784678e-15,-1.018815396757624042e-14,-1.270365521819043941e+01
6.910122191905938571e+00,2.771815936841866842e-15,2.684676520211671011e-15,-5.910122191905942124e+00,-1.086524268865839993e+01,1.478937270038871935e-15,-4.823835431111767648e-15,-1.270365521818930077e+01
6.910122191905880840e+00,1.369575397034259974e-15,8.836967159896737732e-16,-5.910122191905884392e+00,-1.086524268865828979e+01,-1.078793459179606048e-15,-1.404652483343005955e-15,-1.270365521818916932e+01
6.910122191906446609e+00,3.069210411262576963e-15,5.632666607173151554e-16,-5.910122191906451050e+00,-1.086524268865938936e+01,3.303412309573943077e-15,-5.347014725995630049e-15,-1.270365521819035060e+01
