-2.572286491660503938e+00,1.387313818437450941e+00,-3.457982289800066944e+00
-2.510438560020388010e+00,-8.324730628351000306e-01,-3.428943653894067189e+00
-2.580144539298042883e+00,7.869125573577823163e-01,-3.477688745308627816e+00
1.843338590502341112e-01,1.885930983590063059e+00,-2.486919339774523063e+00
-3.145347464607107790e-01,2.167520415483799034e+00,-2.261407816728521869e+00
-8.287468471911999535e-01,1.688540972912417004e+00,-2.170007932323732014e+00
-2.301236460331430866e-01,1.682935415396761947e+00,-1.753260004384799897e+00
1.279734411722561083e+00,2.408585509118816859e+00,-3.227082937995715994e+00
1.272803756733609015e+00,3.952879288844759031e+00,4.413948414740860748e+00
1.412917187064399949e+00,4.435173324317342569e+00,4.936160607187183302e+00
1.582795261858684910e+00,2.970731929515531000e+00,3.906938207891560211e+00
1.698793585565546937e+00,3.322241340864167114e+00,4.540644433258774981e+00
1.222863625566003920e+00,2.379614984043337156e+00,3.077093631553866171e+00
-9.175813452768640799e-01,4.757412723736008431e+00,4.990500383592089584e+00
2.539255389157604181e+00,1.588287204749667003e+00,-3.551480935875391154e+00
2.789367441046064044e+00,-1.428797072460603022e-02,-3.745957478166848986e+00
2.906993915256335992e+00,1.686370887014470910e+00,-4.107250783235108393e+00
2.953113899425524824e+00,7.624690750618297042e-01,-4.018845970400748868e+00
3.051415952018901923e+00,6.145751033570998612e-01,-3.140263062962355800e+00
3.185526762579137916e+00,1.101166449129785896e+00,-3.520722501078103139e+00
3.606448826201756219e+00,1.544994450245640083e+00,-4.206104106187946279e+00
3.719173423050348148e+00,-6.874770069123129629e-03,-3.684441951273834892e+00
3.801763084926010006e+00,8.165475905276767810e-01,-3.942609539733184842e+00
4.288881642807994332e+00,1.198775550671545981e-01,-4.258476074935183320e+00
3.279239332832589060e+00,3.893568488289442979e-04,-3.244064861755167062e+00
2.715667618489006951e+00,1.811174794410262134e-01,-2.692409189194028052e+00
-8.866362597583345162e-02,1.789068583968449921e+00,2.355520855850429029e+00
-2.990941447552641907e-01,2.650680309532400081e+00,-3.503802145995580819e+00
-6.099787582812544739e-01,3.112328360303906916e+00,-3.286121319377798056e+00
-1.154427110771701903e+00,2.559425684406115842e+00,-3.136307740394900012e+00
1.015519006532536045e-01,2.463203789554548884e+00,-3.246968723333809148e+00
1.392625523840104046e-02,3.276814681039970090e+00,3.331800853982183064e+00
6.749136168070946074e-02,2.570509819636037196e+00,3.388762039660396130e+00
6.326738104248904593e-01,3.403243111512495034e+00,3.577040836867460882e+00
9.290864144419109724e-03,2.997010014340252937e+00,3.955122166364771985e+00
2.452035216018884078e-01,3.950209907767545214e+00,4.022681288412596423e+00
7.257016203827364453e-01,3.405670759774869882e+00,4.539214972841990381e+00
7.034600554874925749e-01,4.386785292525167357e+00,4.558113639648086135e+00
7.705405026853048289e-01,3.000830903639477132e+00,4.010747397277866000e+00
7.114321688616004336e-02,4.296935885780552411e+00,4.355680649482905231e+00
9.273439270671784973e-03,2.156446871716640956e+00,2.839319105306241209e+00
3.142814201181968747e-01,2.188013227780910785e+00,2.281116855453881875e+00
4.007849680322064234e-01,4.875481324508363912e+00,4.967452672913010403e+00
6.295381829085338055e-01,2.896851372282831960e+00,3.087495345856754891e+00
1.002235608254512078e+00,1.915676976087018923e+00,2.515997624579015213e+00
1.005232725403709892e+00,2.641788867672199892e+00,3.571936095260658028e+00
1.132209630969404968e+00,3.439382489183857139e+00,3.863083039414553888e+00
-1.857481909197173930e+00,4.043915785125978601e+00,-4.937396629993632047e+00
-3.690766571483985903e+00,2.168883720467061071e-01,-4.903880727722796706e+00
-3.895419224535123792e+00,1.908488890211607059e+00,-4.851061785944091653e+00
-4.509723541220549414e+00,-7.346672307111963285e-01,-4.646455152444779912e+00
-3.471627128999589029e+00,-5.217640426735108417e-01,-4.639260570823076080e+00
-3.188616138250532028e+00,3.389496237897121067e-01,-4.240627897480482744e+00
-2.936368184496639167e+00,1.579913356279011083e+00,-3.993792243944850995e+00
-3.682392969801647098e+00,-8.462340868582390874e-01,-3.884559563627031142e+00
-2.905858383136850076e+00,-3.237977310041771917e-01,-3.873294558644825969e+00
-2.643475535584077107e+00,2.598822478441020212e-01,-3.513364885364913981e+00
-3.100008411991327151e+00,9.928107768064641236e-01,-3.447570305333513829e+00
-3.193304676426905964e+00,-6.580362153654415458e-01,-3.337611625817033190e+00
-2.271796265053800834e+00,-2.855357314792120738e-01,-3.033479430864812976e+00
-2.963755099645705826e+00,-1.352475268023347055e-01,-2.989427678826042989e+00
-2.161032360736253821e+00,1.057498586255595008e+00,-2.948091173923327091e+00
-2.677502224737160041e+00,5.164541431478354427e-01,-2.805369832391043872e+00
-3.646186758840031850e+00,1.524839154112519912e+00,-4.306062890735229409e+00
-3.343146626770201024e+00,9.557879632006962556e-01,-4.503704400484376258e+00
-4.544091269320258419e+00,8.744553477401160180e-01,-4.744714175569114900e+00
-4.593253000238752826e+00,6.339448445642262286e-02,-4.621638744159367818e+00
-4.415733708769471910e+00,1.537038840213394986e+00,-4.974874423177864102e+00
-2.969093604659843955e+00,8.601126623229418122e-01,-3.998752301203289949e+00
-4.141633057649184657e+00,1.311011627449643946e+00,-4.584611845136548069e+00
-3.292028319283990090e+00,1.811064971889988939e+00,-4.401318591919316958e+00
-3.516632646261078854e+00,1.945163517728321967e+00,-4.706993978147027136e+00
-4.284145234734144658e+00,9.555654395833962367e-01,-4.529295693741340223e+00
-2.774764265056527179e+00,1.499370453172989892e+00,-3.679771854431570066e+00
-1.139151373328687100e+00,2.227130434379561930e+00,2.924964944810744871e+00
-9.599716492300165438e-01,2.756393189661599852e+00,3.141701513150362057e+00
-1.461888635199461106e+00,3.067305395751442010e+00,3.820635413434641858e+00
-1.045326637230264977e+00,3.578669123140894914e+00,3.936226849718971188e+00
-1.021430675520907938e+00,3.325457749627024118e+00,4.471393238022183247e+00
-1.246357427374084947e+00,4.229378977841092180e+00,4.647727952329726797e+00
-1.870739242010952985e+00,3.463470076931455921e+00,4.654057421863908139e+00
-1.840033218792213932e+00,4.103103735928701035e+00,4.967542659613781275e+00
-1.067862469992487906e+00,3.689534681564836216e+00,4.956936647108967975e+00
-1.505831480144272927e+00,3.523610937196167914e+00,4.212605810609393764e+00
-1.269571667488401001e+00,2.619212350747031959e+00,3.554714223126345107e+00
-1.233803265894386936e+00,4.541901506741717220e+00,4.929303112007512588e+00
1.582795261858684022e+00,2.970731929515531888e+00,-3.906938207891558879e+00
3.706857248764355184e+00,2.159375078567456807e+00,-4.884632936076892307e+00
1.941315018461500896e+00,3.960821249018508183e+00,-4.954432132838011427e+00
1.412917187064399949e+00,4.435173324317342569e+00,-4.936160607187182414e+00
1.698793585565548048e+00,3.322241340864168002e+00,-4.540644433258776758e+00
3.335224258910128192e+00,2.052927570056330975e+00,-4.653777234737424884e+00
1.899524067426519025e+00,3.475228554430905170e+00,-4.677348645876469924e+00
-1.669632882448192968e+00,-6.229532098447776445e-01,1.858692253342872913e+00
-2.496404110185498126e+00,-2.161960161582112891e-02,-2.514399026661851000e+00
-1.832706048380869923e+00,-8.226407204334955023e-03,1.839495472008271904e+00
-2.067594255499102029e+00,8.010130847499510320e-01,-2.404081706855051959e+00
-2.397178569617695043e+00,7.232246081946892557e-01,-2.643465243005297172e+00
-1.246357427374084059e+00,4.229378977841091292e+00,-4.647727952329726797e+00
-1.831295442644137905e+00,3.428789533156149982e+00,-4.644309020078885908e+00
-1.021430675520907938e+00,3.325457749627022785e+00,-4.471393238022184136e+00
-9.175813452768636358e-01,4.757412723736008431e+00,-4.990500383592089584e+00
-1.045326637230264977e+00,3.578669123140895802e+00,-3.936226849718969856e+00
-1.067862469992487906e+00,3.689534681564836216e+00,-4.956936647108968863e+00
-1.233803265894386936e+00,4.541901506741716332e+00,-4.929303112007515253e+00
-2.008576789692221976e+00,3.698374162129085096e+00,-4.928982866527178430e+00
4.855775508563588971e-01,2.812310331307931843e+00,-2.949783629493930803e+00
-8.374563174824796452e-02,2.659196429776025106e+00,-2.713700432127112983e+00
-6.091527413915390765e-01,2.023678827096435207e+00,-2.706003122515476811e+00
-6.744162972878327000e-01,2.655288512599847106e+00,-2.878874089169246808e+00
-1.077548171248186026e+00,2.157391283146909089e+00,-2.899965344610876183e+00
-2.932508178696234258e-01,2.912889059085502108e+00,-2.995891172559105975e+00
2.393785945611807131e-01,2.154282708268688840e+00,-2.843503127581289203e+00
-4.818571673686407042e-01,3.578138160444844118e+00,-3.698690941901770834e+00
-3.306716189762823888e-01,4.622352305080411838e+00,-4.703594342356447022e+00
-2.268870805471077112e-01,3.515356755626620977e+00,-4.649073481390596285e+00
-4.734050007771187785e-01,4.129983342127429680e+00,-4.240979043186872133e+00
4.763930356624961754e-02,3.360525323965223965e+00,-3.416467632431864132e+00
7.114321688615994621e-02,4.296935885780552411e+00,-4.355680649482908784e+00
-4.818571673686405932e-01,3.578138160444842786e+00,3.698690941901769946e+00
-4.734050007771187230e-01,4.129983342127430568e+00,4.240979043186873021e+00
1.164620994425987988e+00,3.485438852908282037e+00,-3.925210004601879188e+00
6.326738104248905703e-01,3.403243111512494146e+00,-3.577040836867459994e+00
2.452035216018882136e-01,3.950209907767543882e+00,-4.022681288412596423e+00
1.272803756733609015e+00,3.952879288844759031e+00,-4.413948414740858084e+00
7.034600554874927969e-01,4.386785292525168245e+00,-4.558113639648087911e+00
7.257016203827361123e-01,3.405670759774869882e+00,-4.539214972841990381e+00
4.007849680322064234e-01,4.875481324508361247e+00,-4.967452672913010403e+00
-1.567614023089970998e-01,2.846015051406117990e+00,2.907653373493328974e+00
7.583463109449739559e-01,2.214692431836351894e+00,2.978471237312259934e+00
3.794232302702207904e-01,2.598751903099650207e+00,2.706288728622545214e+00
-1.965409242854007088e-01,2.348154873305715817e+00,2.414239928118714129e+00
1.941315018461498898e+00,3.960821249018509960e+00,4.954432132838014091e+00
4.154504292146263822e+00,1.810875514973683043e+00,4.875655716919054861e+00
3.464251359712513079e+00,1.446761380975184919e+00,4.803568914557248881e+00
-2.268870805471076002e-01,3.515356755626619201e+00,4.649073481390593621e+00
-3.306716189762821112e-01,4.622352305080410062e+00,4.703594342356447022e+00
-3.765177729140887219e+00,1.951593672405925961e+00,4.809836881731195390e+00
-3.216630665412274048e+00,1.763699899876554955e+00,4.357150086842949577e+00
-3.901723085084661258e-01,3.083202421130518012e+00,-4.083244507265464840e+00
-9.011980929110898764e-01,2.896483526119697061e+00,-3.890495591587133095e+00
-1.461888635199461994e+00,3.067305395751442010e+00,-3.820635413434640970e+00
1.172575974854948994e-01,3.140486752764321210e+00,-4.147058052856944954e+00
-1.599489118873749005e+00,8.522368401341057220e-01,-2.140505650925124126e+00
-1.848152979858441070e+00,1.016349530796521045e-02,-1.855991006118915099e+00
-1.755870972519542050e+00,3.062505920360741873e-01,-2.344994889303480878e+00
3.010826410893860050e+00,1.222108080829177101e+00,4.172530442951503105e+00
3.260401489382160900e+00,2.015242658515441931e+00,4.525872480084762728e+00
3.023678410289643015e+00,4.370374361946430253e-01,4.075334879287309420e+00
2.923083321975758153e+00,1.814433365939831067e+00,4.037233982342534944e+00
-6.352982802340229052e-01,2.835047355434721084e+00,3.776631678103155032e+00
-5.144465676146284805e-01,3.152910565071624038e+00,4.185164590064314183e+00
1.005232725403711003e+00,2.641788867672199004e+00,-3.571936095260658917e+00
3.165593610046822937e-01,2.818214626587785876e+00,-3.726712829451277909e+00
-7.742130162142483174e-01,1.572549354371749031e+00,2.106574727944801051e+00
-6.091527413915396316e-01,2.023678827096435207e+00,2.706003122515478143e+00
-5.957927355697147931e-01,2.608607278691486009e+00,2.796914623683619094e+00
1.901817857877124096e+00,1.178948243675820073e+00,-2.714231732849806900e+00
1.002235608254514077e+00,1.915676976087014038e+00,-2.515997624579016989e+00
7.583463109449738448e-01,2.214692431836351894e+00,-2.978471237312260822e+00
1.648638273252639896e+00,1.087609952253763890e+00,-2.349811529550200007e+00
2.175481476842178186e+00,1.372657175996307988e+00,-2.995577425907105074e+00
-2.692553806035964836e+00,1.458157851566485030e+00,3.619882550978064994e+00
-2.485301769532874072e+00,9.649738595632657567e-01,3.376732051630197073e+00
-2.291009565000591941e+00,1.088737839156932008e+00,2.843545695517499805e+00
-1.811458870377746999e+00,9.518023326730361555e-01,2.443274166031784933e+00
-9.204248123342493315e-01,1.839031977712805022e+00,2.452176765976445072e+00
-3.588461361677917072e+00,9.735064472023633453e-01,-3.883525857012643190e+00
-3.402134968749142896e+00,3.281403727271903215e-01,-3.462006692699952204e+00
-3.873114032877489787e+00,1.098460513718619025e-01,-3.902952754760708132e+00
-4.118203852907718066e+00,6.620737213734854132e-01,-4.256365091786133092e+00
1.545259036445820966e+00,6.337426687149614324e-01,-2.168024124205865988e+00
7.134105563887267465e-01,1.598867338464396992e+00,-1.946992556499220095e+00
1.821800965273711048e+00,-1.043118513456805065e-03,-1.781150979891658936e+00
7.160506265383050906e-01,1.250806634479288970e+00,-1.678015921352062012e+00
1.901817857877122986e+00,1.178948243675824958e+00,2.714231732849806011e+00
2.375205171862488029e+00,9.386040187864139739e-01,3.294963211527389024e+00
2.539255389157605958e+00,1.588287204749663006e+00,3.551480935875391154e+00
7.134105563887271906e-01,1.598867338464398102e+00,1.946992556499220095e+00
3.086241700885394845e+00,1.158958721130884939e+00,3.471883679045566939e+00
2.182211948130734047e+00,1.382490371947417085e+00,3.023321738056966801e+00
1.356201005053643938e+00,9.484431694363917309e-01,1.954525455068703010e+00
2.323033435631749910e+00,1.462722427033215977e+00,3.257831968127312017e+00
1.003317340101665955e+00,8.261692724901221752e-01,-1.541113821558248054e+00
3.119751209080199872e-01,1.297430167356524944e+00,-1.389217108445746973e+00
3.119751209080198207e-01,1.297430167356524944e+00,1.389217108445748083e+00
-2.301236460331431977e-01,1.682935415396761947e+00,1.753260004384799897e+00
7.040960381752250363e-01,1.201675069163615994e+00,1.660916409498035984e+00
3.134926364928460885e-01,8.196656204664835021e-01,8.712510529084085409e-01
2.361787074257927888e+00,5.568914261002668731e-01,-2.455137547586824009e+00
2.413360574050157137e+00,8.217040347919545296e-01,-3.322667813012671001e+00
2.323033435631753019e+00,1.462722427033213979e+00,-3.257831968127315125e+00
3.531943957258246947e+00,-6.190633283958602365e-03,-4.735250146766652790e+00
3.585950358068071164e+00,8.933877031739742014e-01,-4.869010541302081663e+00
4.349587040140622918e+00,1.574417825868537957e+00,-4.867719879110751435e+00
4.530210246518591610e+00,7.373362443335098604e-01,-4.617470349644751337e+00
4.798859433473290359e+00,-6.643667665432793738e-03,-4.764811601139284924e+00
4.180169711014625200e+00,1.158352713136657997e+00,-4.462413452625582977e+00
3.452904887520821031e+00,1.490080621487352097e+00,-4.797107468602579416e+00
4.709933260345255945e+00,1.145668918159594041e+00,-4.952448288667373966e+00
-3.107924175365856190e+00,7.212709943081199171e-01,3.306055284062979105e+00
-3.607292830525313132e+00,1.160230043129852895e+00,4.009372511011283002e+00
-3.054961213123358998e+00,6.145590722624962865e-01,4.083770136647274285e+00
-4.168894222874485855e+00,4.187073631915940175e-01,4.241133238447145182e+00
-3.662241514694541067e+00,5.301353976609712859e-01,3.769562327581929218e+00
-4.122326680752624206e+00,1.216569410888930891e+00,4.510826539608872920e+00
-3.055391657477699141e+00,1.210939192598665892e+00,4.161179083800485401e+00
-4.542737687173174166e+00,9.786400400171183511e-01,4.785715665223136739e+00
-4.878903450955482057e+00,3.365388504201619058e-01,4.932185109058424111e+00
-3.675084560029801217e+00,1.092289936840050935e+00,4.959103369478578216e+00
-4.370234442543417863e+00,1.565201280756904012e+00,4.954031473124140383e+00
-3.629485164623024840e+00,5.678372637858444261e-01,4.840635491118474576e+00
1.821800965273717043e+00,-1.043118513455159897e-03,1.781150979891668928e+00
2.378993595963657004e+00,5.954524352425095701e-01,2.489576339437403973e+00
2.218367186564779825e+00,-9.315227332415333406e-01,2.533801817921850219e+00
1.745944194523953996e+00,-4.595765971283389817e-01,2.398319982275459950e+00
1.545259036445820966e+00,6.337426687149615434e-01,2.168024124205865988e+00
1.336802828941535015e+00,-8.766823725699498526e-01,2.003540193505655154e+00
1.464422031752171005e+00,4.827641687390664127e-01,1.570241306942047110e+00
1.740874928833860968e+00,8.542123335970497333e-02,2.352852748345171108e+00
1.896803447793129926e+00,6.544056115962401110e-01,2.622657278671352898e+00
1.298422119633835026e+00,2.661911991277710055e-01,-1.299880715349990945e+00
-6.182139075864510058e-01,1.111122302648916982e+00,1.498271605023298036e+00
-5.578222863333879289e-01,6.445368114255886072e-01,8.962574412178986316e-01
-3.810024055425428879e-02,7.709270872945654940e-01,1.079260654632987038e+00
-1.329252571974810060e+00,6.992801665470803618e-01,1.713004782478612986e+00
3.538420904203834816e+00,-1.977374538826333072e-01,3.513431650503353154e+00
4.089860799489635212e+00,1.720668021923854873e-01,4.063443245484926969e+00
3.537786399986261099e+00,5.581529170363979109e-01,3.592361218216132190e+00
3.726737064697069002e+00,1.125229934531640108e+00,4.025617729576285164e+00
-8.304312136520770604e-01,1.493407003925988075e-01,-1.176280692587639898e+00
-7.780706380685005197e-01,-8.421205594287519691e-01,-1.159635541214687926e+00
-3.810024055425521861e-02,7.709270872945663822e-01,-1.079260654632987038e+00
-6.186699718157244732e-01,1.113368635984328003e+00,-1.500367958193030038e+00
1.069243685217742934e+00,-3.314559763601664932e-01,-1.506354060107933046e+00
6.181164858027667908e-01,6.672630307849694020e-01,-9.579889398599901185e-01
-7.257740280867388538e-01,6.941090183683875647e-01,-1.204299788307050090e+00
-1.425057829490836925e+00,4.669512871857248171e-01,-1.583632269978074048e+00
-1.265653700653186053e+00,-5.641645421321219711e-01,-1.813768564154238927e+00
-1.527425824690330947e+00,-1.041344468047652017e+00,-2.303062762810791142e+00
9.961364757935387004e-01,-1.636418160026645863e-01,1.387052514564997896e+00
4.806096763131544880e-01,-6.316758372390669507e-01,1.092631552081114066e+00
1.003317340101665067e+00,8.261692724901232854e-01,1.541113821558246944e+00
8.714168499974264126e-01,4.356324492519800806e-01,9.750786068844289334e-01
4.541482635252250155e+00,-7.527730462210130424e-01,4.625839912539161602e+00
4.540258019669935585e+00,7.385893507084531073e-01,4.627665994394967619e+00
3.457831440065989081e+00,-1.927556551469180868e-01,4.640485615979856426e+00
3.563334584764206170e+00,6.940200052134496422e-01,4.814590285359813926e+00
4.848017887066449205e+00,-7.138579558809753610e-03,4.813991515938339738e+00
3.674547396947939859e+00,-8.686659860240870668e-01,4.990622166928287307e+00
4.230803635857403933e+00,1.285423303971247933e+00,4.579514171744087037e+00
4.722749989123929737e+00,1.215970832918418010e+00,4.998465981302321559e+00
4.450582677974563417e+00,-6.632430432872347265e-03,4.416360025770639020e+00
3.728141121857357021e+00,-4.957398125570098603e-03,4.996713121325952578e+00
4.655355758926161158e+00,2.612477456397320763e-01,4.636968959321229100e+00
-4.550078386921648788e-01,1.472870907157547982e-01,9.014245070030549607e-19
-3.131735666203762092e-01,5.520030871835659436e-01,-5.274551250362088384e-01
-2.968631108514431238e-01,-8.946334939751110493e-02,-6.742947352255925786e-01
-2.968631108514431238e-01,-8.946334939751110493e-02,6.742947352255928006e-01
-8.886048413747651420e-01,-8.252714561203425281e-02,-8.075019470206392658e-01
2.084117263623815219e+00,-5.176143679707672545e-04,2.807340381260635009e+00
2.863807750661259810e+00,-2.808361251382006096e-01,2.853518535624369967e+00
2.998629944478421017e+00,6.243447693024357648e-01,3.093415549140817955e+00
2.756803505137404908e+00,2.656853230857841863e-01,2.747423973892888949e+00
-2.373513998835019123e+00,-1.607949177661051054e+00,3.437385687445769999e+00
-2.562852740218882985e+00,3.365386453839964154e-01,3.410363352651243130e+00
3.334745976973038095e-01,4.338206296297011932e-01,-3.674955056199281089e-01
7.511616241025861895e-02,5.528491683513954147e-01,3.613405933226376265e-01
2.412637705444163894e-01,9.726281815312194309e-03,-6.034001784634557275e-01
6.238567985664115328e-02,4.080242001255475204e-01,-7.280961507793984877e-01
-8.304312136520771714e-01,1.493407003925988075e-01,1.176280692587639898e+00
-8.500656503071115644e-01,-7.251063146827103623e-01,1.131648588136844102e+00
-7.929068649720283357e-02,-8.887183259373979682e-01,7.421825993809271216e-01
-8.197887801111313211e-01,-4.159457375842934290e-02,7.164748764034816197e-01
1.595738706790206907e+00,-2.175725516321290076e+00,-3.247228592285785975e+00
7.262363491642264135e-01,-2.298298565224787815e+00,-3.188238652825222008e+00
2.084117263623815219e+00,-5.176143679707753860e-04,-2.807340381260632789e+00
2.362051412004495976e+00,-1.660665826737889983e+00,-3.456821254185668213e+00
1.971404981695402014e+00,-1.465822177727938103e+00,-2.887093039343291867e+00
2.215437128315401072e+00,-9.326669079153862008e-01,-2.532086721926699813e+00
2.402527704272548803e+00,1.564450462650592011e-01,-3.233387636381619856e+00
-1.755870972519544049e+00,3.062505920360744094e-01,2.344994889303483099e+00
6.495919751569976253e-01,-9.639619326043301351e-02,-9.650085443769076399e-01
5.714014002601059961e-01,2.072824764628063143e-03,3.732846179493385930e-01
8.656292852326461507e-01,8.155195144684916631e-02,-7.844683428786716206e-01
-3.483875733383836160e+00,-1.226670926991173076e-02,3.508018948504518786e+00
-3.918788840692216002e+00,-5.293135671498337969e-01,4.008292733504282168e+00
-3.578304102894768857e+00,-1.394788566970589061e+00,4.093383854400024724e+00
-2.986912925106794070e+00,-3.089618833456579949e-01,3.035094610142540006e+00
-2.548208269822317185e+00,-1.541134696468387036e-02,2.566759792656879924e+00
-2.594655814912525837e+00,5.667994090915341454e-01,2.746833836605960144e+00
-4.565276151934449800e+00,-3.107654158296573876e-01,4.610071294500198924e+00
-3.514647376423395198e+00,4.910592699790294197e-02,4.667516438175750793e+00
3.047669641466354218e+00,-5.541890394304413991e-01,4.123028897544783966e+00
2.928216270843639002e+00,-1.118124413687338947e+00,3.284197177156381819e+00
2.557130075446610196e+00,-6.128927416549433405e-01,3.484329782490791061e+00
2.731527475031569896e+00,2.405939102672029900e-02,3.668818764405784805e+00
2.577378847235904047e+00,-1.199270846566365956e+00,-3.041505795477888796e+00
3.055732892510353960e+00,-6.128498774536552673e-01,-3.136103076879059870e+00
2.579313261581594130e+00,-3.799719855976407268e-01,-2.595375926616025009e+00
-2.023558101600265058e+00,-5.127589434542086932e-01,-2.143317107685504208e+00
2.826693324555650033e+00,-1.877941116927267062e+00,-4.105448826905952586e+00
1.860147368945535007e+00,-2.874806168447484822e+00,-3.864235121007712159e+00
1.785651412289301021e+00,-2.429396668816700799e+00,-3.537872432853260030e+00
3.295202129153500081e+00,-2.011294804928752900e+00,-4.346841788951936181e+00
-1.374333125395323041e+00,-1.604862918591180909e+00,2.598099645938622082e+00
-2.038609711594718821e+00,-8.246724343497686682e-01,2.828423932287742026e+00
-2.008835484400624871e+00,-1.462826665279389982e+00,2.972105726762627853e+00
-1.642710395129528989e+00,-1.830059076953234110e+00,2.886913719655241017e+00
3.282166841041664895e+00,-1.050074507117032097e+00,4.507267887782878013e+00
3.507506360796837974e+00,-1.601755981739600987e+00,4.918641469973552560e+00
3.509078884536207976e+00,-2.363732877129505194e+00,4.948109759867527657e+00
3.601931012094177209e+00,-1.580446662824968040e+00,4.198943419119483877e+00
4.103498627224719364e+00,-1.055424122307109025e+00,4.325179593597163752e+00
4.300040630531598573e+00,-1.728399349835449073e+00,4.906093584211239644e+00
4.696547009439860254e+00,-1.167857103412974995e+00,4.937392299050342714e+00
3.278895543886322983e+00,-2.232586350126050778e+00,4.663067767455093104e+00
3.981434987079996990e+00,-1.586713760436927023e+00,4.529186702352354210e+00
3.961715334446267889e+00,-2.157484911581390108e+00,4.980814704905493606e+00
5.742547600287623011e-01,-2.167721493574456204e+00,-2.240341446689924076e+00
9.958576116611705942e-01,-1.484471914455071095e+00,-1.960497102641320044e+00
1.093480689869082978e+00,-2.273313383387189912e+00,-2.677397280731604212e+00
1.282738231375327054e+00,-1.637336959520788948e+00,-2.519973227954956041e+00
1.562037426389057071e+00,-3.182604015367939798e+00,-4.515456342799232914e+00
9.432790465826699222e-01,-3.118857486147752933e+00,-4.295736464359888984e+00
3.601931012094159890e+00,-1.580446662824960047e+00,-4.198943419119461673e+00
3.581617991066305073e+00,-1.180154449430214969e+00,-4.921762498679988163e+00
3.175407433980629079e+00,-7.830556051199427658e-01,-4.321920953093480122e+00
3.685326246378990867e+00,-5.418639176525643641e-01,-4.965948419403284575e+00
2.335457895848195964e+00,-2.067322172912479938e-01,2.315013723169326187e+00
1.605621206804316969e+00,-1.120604099271647947e+00,2.405742864352984789e+00
1.595738706790206018e+00,-2.175725516321290076e+00,3.247228592285785087e+00
1.678060251163483008e+00,-3.074585770390196870e+00,4.408782021574274346e+00
1.860147368945533008e+00,-2.874806168447487043e+00,3.864235121007714824e+00
1.971404981695396907e+00,-1.465822177727946096e+00,2.887093039343293199e+00
2.362051412004495088e+00,-1.660665826737891981e+00,3.456821254185668213e+00
2.818145197757468967e+00,-1.270082966318561990e+00,3.957153051713611980e+00
3.065769140472848875e+00,-2.099724891125164028e+00,4.349971342212770153e+00
2.903347246871705867e+00,-1.783145212981821937e+00,3.829299566781717790e+00
2.408023697452971845e+00,-1.141551116571325020e+00,3.402865242386404088e+00
2.162755125092056918e+00,-1.573804445220029047e+00,3.149703485954292059e+00
1.465131342911047074e+00,-2.573313199737995216e+00,3.241922197418335205e+00
2.148189907758593975e+00,-3.115707898071183202e+00,4.376310863176438914e+00
2.880105035055822160e+00,-1.973184560945244082e+00,4.167976215974928955e+00
-1.395784248001248062e-01,-1.234754583102265046e+00,1.730988090327528983e+00
-1.027397382892563993e+00,-1.189599308276390044e+00,-1.693903445663548890e+00
-5.321114390230532454e-01,-1.231151262285576031e+00,1.306472854667553030e+00
-1.696339254033842892e+00,-1.447761652530509924e+00,-2.630537810088675155e+00
-7.929068649720336093e-02,-8.887183259373978572e-01,-7.421825993809274546e-01
1.489190485515052009e-01,-4.618573420678627195e-01,-2.017021322064079994e-16
-3.687055082979160958e-01,-3.772742087602817262e-01,-1.654116699505132904e-01
-8.122163296514166575e-01,-2.269905021241522824e+00,2.446060852347462955e+00
-8.655684071170401117e-02,-1.821583737781470980e+00,2.492918658396863218e+00
-1.261169877786536997e+00,-2.156486686046779955e+00,3.178822170204679942e+00
-3.618564318542500935e-01,-2.457749101947364956e+00,3.354424875148485974e+00
-6.291534537010157191e-01,-1.607112999788071983e+00,2.303818378680147827e+00
-1.344260939396587085e-01,-2.424864040749576954e+00,2.353155687104521832e+00
-3.854719878553118928e-01,-2.103078696181766016e+00,2.891239612853202079e+00
1.348781241359791050e+00,-3.824964821392899950e+00,4.206726407989229699e+00
1.921345828247102094e+00,-4.079921565344119649e+00,4.843357998802716224e+00
2.211842653943802084e+00,-3.228010333808013055e+00,4.698731576755305284e+00
1.503363231353139984e+00,-4.568991588968200901e+00,4.972792192265116817e+00
1.689855788795626035e+00,-3.453719727882138102e+00,4.892316980029964846e+00
2.388221103641131826e+00,-3.442838732509642785e+00,4.940064866920558906e+00
-2.264533978149013915e+00,-1.093035416391205938e+00,-2.727078414128921047e+00
-1.352155227366931056e+00,-2.042277387998278071e-01,-1.355902689794606042e+00
-2.688760540649615116e+00,-5.929677583882505543e-01,-2.823137411952263864e+00
-3.149632976002645801e+00,-8.861412747434200821e-01,3.396718759699588031e+00
-2.804903966136672810e+00,-2.657849174191656005e-01,3.735351721543669790e+00
-2.984110283114005835e+00,-1.026051199933843971e+00,4.078254996674696820e+00
-3.243844549566373026e+00,-4.795941480094024767e-01,4.334091268199154356e+00
-2.599121343632332160e+00,-1.028622916861652081e+00,2.974159568695943889e+00
-2.360334841371284131e+00,-2.478028901919792082e-01,3.146699536485725979e+00
-2.585642177018775190e+00,-8.549772125479006002e-01,3.530207525735970187e+00
3.287586391266899000e+00,-1.173790994760198103e+00,-3.639842379481405210e+00
2.718207270790336860e+00,-9.704608010914709260e-01,-3.759501482070072065e+00
2.340338721447042136e+00,-5.923955683695717456e-01,-3.196831307161815072e+00
3.501854566606819041e+00,-5.416707637869989655e-01,-3.546030494502287134e+00
-4.192554008147743261e+00,-3.734129776646434862e-01,-4.247541577639210253e+00
-3.557177300250817797e+00,-2.282651622856289031e-01,-3.593120872515012110e+00
3.875525620720257969e+00,-8.005583710835213473e-01,-3.997460786461342064e+00
4.531439561378779679e+00,-7.514832802497789510e-01,-4.615642322093770566e+00
4.050651624418065033e+00,-1.401314865477633065e+00,-4.467245937415253998e+00
4.696693242207104824e+00,-1.167332026092783082e+00,-4.937286612090336035e+00
1.336802828941535903e+00,-8.766823725699500747e-01,-2.003540193505656042e+00
1.746183388308315987e+00,-4.595175261570830227e-01,-2.398621424143982939e+00
1.605904392093226107e+00,-1.120506375824956047e+00,-2.406044583580141172e+00
1.395139284445193972e+00,-3.312938168045003740e-01,-1.921529848834949927e+00
3.668810750002798216e+00,-9.002513807399495915e-01,3.842294287008690912e+00
3.952386693838791931e+00,-3.872282953543139117e-01,3.953306882839224823e+00
3.312752608407413035e+00,-7.691243299756512775e-01,3.445848821289215103e+00
-1.013267740448754006e+00,-8.191127657778473070e-01,1.682546659510814946e+00
-9.854534462991612065e-01,-1.453212970566625017e+00,1.869389107304775033e+00
-2.221079944956165786e+00,-4.618051276120734849e-01,2.316412875938683946e+00
-1.528915689079558105e+00,-1.086717454473459910e+00,2.326237900954882143e+00
-1.364867787939717969e+00,-2.102825064886116868e-01,1.370835815340768038e+00
-4.404504578945867443e+00,-1.471470858964027073e+00,4.883410949586398431e+00
-3.550005838683551129e+00,-1.005364814277847962e+00,4.808223285769533284e+00
-4.759322556158932294e+00,-8.888756625606393236e-01,4.940378788299906176e+00
-4.284188837050857401e+00,-9.003696012253942227e-01,4.485009050336212333e+00
-3.711008813236987169e+00,-4.772844762644387062e-01,4.951895124192930098e+00
-3.446045388391404174e+00,-2.221358412962262996e+00,-4.821095073571831868e+00
-4.300854870643522787e+00,-1.665431884102331006e+00,-4.916108134381322436e+00
-3.782182228007988201e+00,-1.487382711249922940e+00,-4.336924414918915893e+00
-3.131267472526868989e+00,-1.658844460987698000e+00,-4.412686554295400576e+00
-3.648388384594638989e+00,-1.150275814851206002e+00,-4.962156039711910438e+00
-4.082481993521372310e+00,-9.847329615023427962e-01,-4.326971505978529642e+00
-3.522290459967027942e+00,-1.688312546443428097e+00,-4.915968314771459013e+00
-3.726392357509975106e+00,-1.938203486109737028e+00,-4.650104113872967737e+00
-3.119453179433192780e+00,-2.035483206159737879e+00,-4.371738275272292640e+00
6.442769479797524346e-01,-1.224397999209478005e+00,-1.429884045787130020e+00
6.125212204975116759e-02,-9.636138540231176108e-01,-1.374583287686985900e+00
4.508182636719030856e-01,-6.133346602027386352e-01,-6.967513019027946619e-01
6.442769479797521015e-01,-1.224397999209476895e+00,1.429884045787130020e+00
2.915158845812796939e-01,-1.676513260350092960e+00,1.644017889122239007e+00
1.186242650666996967e+00,-7.090876907399765727e-01,1.481073054624971963e+00
9.885001906243086334e-02,-1.303203293756975967e+00,1.211794599073114931e+00
7.931464096810778575e-01,-2.868263554230741086e-01,7.881802279408183232e-01
1.015439333560655077e+00,-8.597327300691165464e-01,-1.659414318750860096e+00
2.733668679597853757e-01,-8.333705332234508933e-01,-7.795899484891265496e-01
1.561169231707312033e+00,-4.959971534620171152e-01,1.662077723795247985e+00
-5.308765318818486900e-01,-3.255667159092543006e+00,-3.261836957492481037e+00
-2.223402154718713053e+00,-3.007371820723690803e+00,-4.419868481554861894e+00
-9.025785766757190576e-01,-2.735480216310421930e+00,-2.927263886832759177e+00
-7.801445459546035854e-01,-1.984992683704736027e+00,-2.818397946435115209e+00
-1.602977398661949104e+00,-1.807590997845341052e+00,-2.799621803245643914e+00
-1.188646011740871034e+00,-1.634557339175888968e+00,-2.208077309037462133e+00
-2.286163801426487119e+00,-1.601091003445493044e+00,-3.271855333751802153e+00
-1.542409367253081975e-01,-2.421738401542668839e+00,-2.352002701689477782e+00
-1.217309412733641905e+00,-2.441269378478359009e+00,-2.885696464595775890e+00
-2.514611372374263798e+00,-1.708878088772336046e+00,-3.606994374104818046e+00
7.262363491642263025e-01,-2.298298565224787815e+00,3.188238652825221120e+00
8.602926874963483517e-01,-1.631568020233616023e+00,1.953487496604451978e+00
8.792912342048830876e-01,-3.210579909437531132e+00,3.373406927329214877e+00
9.432790465826780268e-01,-3.118857486147797786e+00,4.295736464359933393e+00
1.093480689869082978e+00,-2.273313383387190800e+00,2.677397280731605100e+00
1.211878316572799097e+00,-2.563789923996167008e+00,3.640247190686130008e+00
1.282738231375323945e+00,-1.637336959520792057e+00,2.519973227954957817e+00
1.330860818635031917e+00,-3.377686503659499184e+00,3.799017160645476121e+00
6.787132940766519296e-01,-2.785022213791077839e+00,2.874837577992988891e+00
2.612849472206951740e-01,-2.910916297320805146e+00,3.941099092767056167e+00
4.434131300800773778e-01,-4.029827684275413269e+00,4.009988638416663420e+00
5.742547600287623011e-01,-2.167721493574456204e+00,2.240341446689921856e+00
1.759775403111601966e-01,-2.151393208239383181e+00,2.929263541773491131e+00
1.796763859072328107e-01,-2.578031110692355021e+00,3.495371492695694027e+00
4.663304085106355079e-01,-1.707453137063190018e+00,2.374872344760138976e+00
-1.926034012991362898e+00,-2.579673510375910084e+00,-3.703667375946531060e+00
-1.422001899743509101e+00,-2.869027668025078803e+00,-4.106059123285522361e+00
-1.364271286884999990e+00,-2.259341836621159061e+00,-3.337857547190755891e+00
-1.058684211280698895e+00,-3.509601864380171854e+00,-3.730322687020819039e+00
-5.289553858338957859e-01,-2.989159185997177115e+00,-4.073875330237409997e+00
-3.808692430600689183e-01,-3.902316582429818936e+00,-3.865284896171860218e+00
-3.438684300604197830e-01,-2.457374749570111927e+00,-3.352049061438671096e+00
-8.409201404381192457e-01,-4.120353099480069226e+00,-4.209902643875340189e+00
-1.396579074887762006e+00,-2.923961776403205981e+00,-3.434566323611461858e+00
-8.363116227163526206e-01,-2.587590582624572200e+00,-3.600571122503044119e+00
-3.047464544180825907e+00,-1.535005931998500106e+00,-3.748195503187529809e+00
-2.976176732325050978e+00,-1.015264922451196039e+00,-4.065819216263829361e+00
3.080684606645878870e-02,-2.050758446191053075e+00,-1.970792743491857069e+00
2.208892865486591084e-01,-1.425970470167067905e+00,-1.976953880863830948e+00
8.379949515731446863e-02,-1.502485150837217009e+00,-1.416200554850399085e+00
-4.764586746162374764e-01,-1.454412177364867942e+00,-1.487095086720725989e+00
-6.277168407074289469e-01,-2.056032180237774121e+00,-2.141635644286688844e+00
-3.404775440387196039e-01,-1.475751466909885901e+00,-2.070167163135956834e+00
1.828014461862920992e-01,-2.194225975892292180e+00,-2.986305689636795879e+00
-8.655684071170402505e-02,-1.821583737781470980e+00,-2.492918658396864107e+00
-2.856993892460925055e-01,-1.867442891871236910e+00,1.818991719848958022e+00
3.509078884536207088e+00,-2.363732877129506083e+00,-4.948109759867529434e+00
4.300040630531601238e+00,-1.728399349835449961e+00,-4.906093584211237868e+00
1.921345828247102983e+00,-4.079921565344121426e+00,-4.843357998802716224e+00
3.353349021785954065e+00,-1.774713642355983945e+00,-4.764672393811279605e+00
2.211842653943802084e+00,-3.228010333808005949e+00,-4.698731576755306172e+00
3.961715334446269221e+00,-2.157484911581390996e+00,-4.980814704905493606e+00
2.388221103641130938e+00,-3.442838732509633015e+00,-4.940064866920549136e+00
3.279271163008941059e+00,-2.233288641746571823e+00,-4.667701031551058755e+00
-2.835442514956723947e+00,-1.832277516737103928e+00,4.056455043896534995e+00
-3.244508967973561031e+00,-1.675331751457979079e+00,4.559978850896017732e+00
-3.906280373687732954e+00,-1.602333330214567031e+00,4.526797051219035417e+00
-2.929746872732037932e+00,-1.412630772376783028e+00,3.548197624931337835e+00
-2.673930141441593911e+00,-1.342206532106215100e+00,3.276514070157880099e+00
-2.636157548872331002e+00,-1.751918913425442925e+00,3.677600444216400977e+00
-1.806850620689921971e+00,-4.143885615958737390e+00,4.785047869544619914e+00
-2.244076333616380925e+00,-3.416629101708577920e+00,4.616663194933199321e+00
-2.008397335833108865e+00,-2.632069571832076793e+00,3.866070217391579966e+00
-3.454345878188370911e+00,-2.225859089993624806e+00,4.830534665335571631e+00
-1.730197074532257018e+00,-3.437115410803873949e+00,4.132845450948259725e+00
-1.707454661524075989e+00,-3.517783841765988129e+00,4.999740345065122327e+00
-1.822798709777458059e+00,-2.269159082185432830e+00,3.400058095592771945e+00
-1.931221676012768063e+00,-2.951409635093313000e+00,4.354028732980133931e+00
-3.972419282881118008e+00,-2.099977880783134854e+00,4.991815025234571657e+00
-2.250384399174036876e+00,-3.900422710555468964e+00,4.968725188438463114e+00
8.792912342048833096e-01,-3.210579909437532020e+00,-3.373406927329216209e+00
4.953910257976296833e-02,-3.505632700385371781e+00,-3.435189627664533063e+00
6.768890673910413769e-01,-2.785435067424170796e+00,-2.874388923437217080e+00
1.330860818635031029e+00,-3.377686503659497852e+00,-3.799017160645476121e+00
9.852274954388366701e-02,-2.754578366150946866e+00,-2.684500528177160117e+00
1.219360923996652968e+00,-2.590305904035969053e+00,-3.675795207657619024e+00
2.689787366581897210e-01,-2.905557059908824069e+00,-3.934376484865243828e+00
4.953910257976296139e-02,-3.505632700385371781e+00,3.435189627664533063e+00
9.883877536032517619e-02,-2.755340225053211967e+00,2.685291077014987149e+00
5.299956816536292165e-02,-3.382323674593428198e+00,-4.562753521101072351e+00
-5.973678984337172926e-01,-3.675578700761148010e+00,-4.987528765518265850e+00
4.434131300800773778e-01,-4.029827684275413269e+00,-4.009988638416663420e+00
6.053798783855472987e-01,-3.525646690305888953e+00,-4.783183373569935171e+00
-5.952783541416821651e-03,-4.509184113146086581e+00,-4.439796830601218325e+00
-3.572110466311264054e-01,-4.937173032918265925e+00,-4.891864691173368307e+00
3.448423058279931896e-01,-4.981181633587707047e+00,-4.937537835142642884e+00
-5.636543417153357938e-01,-4.114097885990419812e+00,4.115272291334241217e+00
-1.058684211280698895e+00,-3.509601864380173186e+00,3.730322687020820815e+00
-9.026624149943691666e-01,-2.961474002952742879e+00,3.136498331480542134e+00
-5.362448593440025668e-01,-2.952775469441863088e+00,4.026848612848877629e+00
-1.299342232206806891e+00,-2.853937793451109872e+00,4.053059964688714878e+00
-1.421918082885309964e+00,-3.908220257122533070e+00,4.309715056504367148e+00
-5.298247174541047544e-01,-3.542700550815470084e+00,3.543559552637946197e+00
-1.449956766567549904e+00,-2.726040756690765843e+00,3.314981530754824046e+00
-5.343900148335085643e-01,-3.560897681233366807e+00,4.829325464103587429e+00
-1.039528794991029015e+00,-4.472500430611787259e+00,4.628689600833626905e+00
-5.952783541416834662e-03,-4.509184113146086581e+00,4.439796830601219213e+00
5.299956816536292165e-02,-3.382323674593425977e+00,4.562753521101070575e+00
-4.957295050825701876e-01,-4.825286170513569672e+00,4.803458259704888711e+00
-1.191382949285967996e+00,-3.389845108387942840e+00,4.710614151148100781e+00
2.416440237441629946e-01,-4.985182086231315424e+00,4.929152717125199423e+00
-1.504683541002759029e+00,-4.594187843703292806e+00,4.980766802103845592e+00
-9.503568917183117248e-01,-4.881824812463560370e+00,-4.986739904773003218e+00
-1.541541039499813914e+00,-4.560385451981819216e+00,-4.972100208455935366e+00
-1.039528794991029015e+00,-4.472500430611788147e+00,-4.628689600833626017e+00
-1.965371662452702006e+00,-4.044568234141899588e+00,-4.826972427636065710e+00
-1.426227575642577960e+00,-3.949414981292126203e+00,-4.349388843599299115e+00
-1.601101400267471941e+00,-3.447151313419305918e+00,-4.036155353684248936e+00
-2.276323264904998034e+00,-3.390715596131304022e+00,-4.981729391914153204e+00
-1.191382949285967996e+00,-3.389845108387941064e+00,-4.710614151148099893e+00
-1.732645449995477094e+00,-3.189025844149901978e+00,-4.594022106041591336e+00
-2.363851341171394171e+00,-3.254851187620106945e+00,-4.747888514885649336e+00
9.568637479542021484e-01,-4.575937061957853658e+00,-4.704341863731564821e+00
1.503363231353139984e+00,-4.568991588968199125e+00,-4.972792192265117706e+00
1.348781241359791050e+00,-3.824964821392896841e+00,-4.206726407989229699e+00
1.135479485378672937e+00,-3.619422177459338918e+00,-4.982953337845403396e+00
9.568637479542154711e-01,-4.575937061957945140e+00,4.704341863731647422e+00
1.135479485378672937e+00,-3.619422177459338918e+00,4.982953337845404285e+00
6.053851481032039850e-01,-3.525607881450156800e+00,4.783132573389726971e+00
