4.126216363147473309e+00,1.669489749295939962e+00,-4.767460335210802036e+00
2.749571674753303885e+00,1.675125840254563903e+00,-3.792446426743988130e+00
3.702687642796353984e+00,1.736590424658547960e+00,-4.469781201830023143e+00
2.989611649167485119e+00,1.814953669497259003e+00,-4.139448310181631285e+00
3.299164862375568052e+00,1.982725631522233911e+00,-4.478252269027598764e+00
3.474654616316231071e+00,2.104158490161033956e+00,-4.788408973088818854e+00
1.624306276751221079e+00,2.915269492811927154e+00,-3.775277373006602932e+00
1.994765856109824931e+00,3.350434086058338146e+00,-4.662603771585522416e+00
2.131451177385858209e+00,3.541563514364065135e+00,-4.870376096235402130e+00
2.113636957606916944e+00,3.895534258126835958e+00,-4.986794447740284575e+00
3.385293251688798133e+00,2.049228885150958135e+00,-4.644389564523592639e+00
1.343196667216610907e+00,-2.407663479568831200e+00,-3.206289545268615981e+00
1.455674636306665048e+00,-2.624228191691933887e+00,-3.472301074335990112e+00
1.588554844404094890e+00,-4.411783215007960557e+00,-4.984125994927564918e+00
1.640035339280786042e+00,-2.919899478010384186e+00,-3.898759409023983213e+00
1.677447283826936975e+00,-3.971244019751892118e+00,-4.674974243840744670e+00
1.951383175806296055e+00,-3.431746767413796917e+00,-4.626128034387934740e+00
2.064343181161872209e+00,-3.616295299348058823e+00,-4.909442925081298981e+00
3.304141802581407106e+00,-1.904989981037044977e+00,-4.469466679621958427e+00
3.672562611276418920e+00,-2.129761617470116164e+00,-4.995701414136060947e+00
3.420330874481202876e+00,-1.975749828505148020e+00,-4.633046300874546830e+00
1.992146347600153078e+00,-3.495417378155023957e+00,-4.749602798057069641e+00
7.157346262650424729e-01,-1.923049834258544921e+00,2.631699918801106985e+00
7.426797635055749636e-01,-2.794217781722151184e+00,3.775980216925510113e+00
9.040745933703302484e-01,-1.591621271361854051e+00,2.157117706340975882e+00
1.035645245709408968e+00,-2.891069547868046818e+00,3.264114206517413130e+00
1.183468485514640012e+00,-2.116116887685103976e+00,2.829059963173730985e+00
1.223742763537281952e+00,-3.540036548438059150e+00,3.966198188205301012e+00
1.365504142326148918e+00,-2.440373267247491817e+00,3.331192118322662932e+00
1.681769028524692899e+00,-3.049777127183531000e+00,4.008288552671234406e+00
2.400411171794906817e+00,-1.349973449747386978e+00,3.295704294210581864e+00
2.781530531491469116e+00,-1.594315923839600080e+00,3.775595693181807100e+00
3.112730868947295004e+00,-1.774246672328612995e+00,4.282414231332666077e+00
3.267131226507622888e+00,-1.439230686005509963e+00,4.503253628565166089e+00
3.764807563584042782e+00,-1.323659137636925998e+00,4.224859004863907863e+00
2.984114556535955920e+00,-1.713306330160127011e+00,4.033579935770151614e+00
9.961683944752384168e-01,-1.811205110018319964e+00,2.380302541975105157e+00
6.695606792722992306e-01,-2.423819886516497935e+00,3.280669049115672031e+00
1.273974104476653046e+00,-2.356687359997701847e+00,3.066690543844854844e+00
1.105794193210644982e+00,-1.980774213657213956e+00,2.641078335923317866e+00
-3.386329307833719215e-01,-4.541108514439638810e+00,4.555388151731276203e+00
-9.688157372443018112e-01,-5.511694157376630793e-02,-1.355981563631375009e+00
-1.132320412391611963e+00,3.048663175698463901e-01,-1.150325859308046983e+00
-7.366866499015176650e-01,5.145442196824012715e-01,-9.384136743857267593e-01
-7.930193493651714887e-01,-5.580449886056266795e-01,-9.203269291615079339e-01
6.002949977706355522e-01,2.656398938784109154e-01,-7.778735449984675032e-01
-3.386581728372073941e-01,-3.297379876423222056e-01,-7.743116432735961396e-01
1.631811821187764133e-01,5.540717111477616585e-01,-6.538520826748283055e-01
4.312871279627368826e-01,-6.248834259308674172e-02,-4.533764510656210778e-01
-5.483965241030946958e-01,-4.183611632337098235e-02,-3.576603116983514963e-01
-1.453572169140134041e-01,3.006195429097969773e-01,-2.847885504933970746e-01
-1.205204869694293940e-01,-4.804806518657360748e-01,-2.171683714705414103e-01
-4.956623587297533939e-01,-2.481860436433949990e-01,3.373281849090188911e-01
-3.722108851035974691e-02,2.568030845024489861e-01,3.499424366685351950e-01
3.060093912182647036e-01,-3.468378516994696237e-01,4.034177009769289168e-01
-7.818319937686160070e-01,9.852105078306853947e-03,6.707038992779571496e-01
-7.929822732418910780e-01,-5.666558600059323769e-01,9.271913885134498434e-01
-8.442988767105032988e-01,1.314379102549977918e-01,1.195147469347713987e+00
-1.229419984494714901e+00,-2.732189955858516095e-01,1.206879073795009027e+00
-2.024256096973368058e-01,7.573943114505844454e-01,7.841973553587955337e-01
-1.126319485087410976e+00,6.784200979921800601e-01,1.411821582238413031e+00
-9.056280974194227396e-01,5.388463399127858544e-01,1.103748980043308014e+00
-6.794416125851656663e-01,-3.278670194285964734e-01,6.308352500985291433e-01
-1.755877822142369038e-01,7.423737639034890812e-01,-7.605428968028576930e-01
-1.419190107288879066e+00,-3.941150014971379067e-01,-1.449441832472754932e+00
1.557550981716677052e+00,2.576014619559065189e+00,-3.522825490105320867e+00
8.710023472518511056e-01,2.595732673116895040e+00,-3.548294804655138801e+00
4.734651604520461188e-01,2.658664147247283172e+00,-2.729649286219738791e+00
1.253302410489169905e+00,2.724944917329695127e+00,-3.265776676537412104e+00
6.539430472694954810e-01,2.940573914995607829e+00,-3.073237435921439165e+00
1.790525212790553988e+00,3.113184490034586194e+00,-4.357565815262914199e+00
7.830218287772974239e-01,3.354853540449088900e+00,-3.525309685953013084e+00
5.397169907629857377e-01,3.389270867996642789e+00,-4.552358967728578953e+00
1.294484443198254064e+00,3.615833403855416073e+00,-4.951285368495581096e+00
1.355956601050076982e+00,3.718376652892056100e+00,-4.189005585209505611e+00
5.520676969247132471e-01,3.762744456854810959e+00,-3.832231311689962006e+00
1.561382549070144066e+00,3.973363475786294785e+00,-4.557120773393059210e+00
1.456336544854244019e+00,4.444256977719296842e+00,-4.901614512498843723e+00
5.259526597039377860e-01,4.446040323050379328e+00,-4.497144638170255782e+00
1.773757633844214032e+00,2.936939537823171964e+00,-4.040357062555703038e+00
9.940883888959988202e-01,3.692128787162173076e+00,-3.946286424924311032e+00
1.342346599123523943e+00,3.392871887463175806e+00,-4.669312886974990029e+00
-9.215282572139346096e-01,-2.572392437557029954e+00,2.832371436253469099e+00
-7.785717200074122601e-01,-2.325355032131779076e+00,3.218851527134311219e+00
-9.195167015679656108e-01,-2.169726225557207844e+00,2.463133029275272001e+00
-1.028308564728714902e+00,-1.577067359251852041e+00,2.395684524469519072e+00
-3.570389733421314160e-01,-1.041024415856395047e+00,1.513740538303264049e+00
-1.254570739449047068e+00,-8.396304400779057708e-01,1.952084558426210092e+00
-1.019594697774705905e+00,-5.505136398761483196e-01,1.558181214704408069e+00
-1.179379169837253993e+00,-3.043698757096285901e-02,1.622313824900498913e+00
-2.310059507560992209e+00,1.596843769548019987e+00,3.360608797711771789e+00
-2.295615918020641910e+00,-5.701534375034943841e-02,3.085820883467479181e+00
-1.772260666254269035e+00,1.199302601134039969e+00,2.619412662337626152e+00
-1.739223553057245963e+00,1.433829204501546883e-01,2.352754095201381013e+00
-1.282859688742894910e+00,1.644531140865427066e+00,2.466067668742878194e+00
-1.111810748001438087e+00,1.270593748331199091e+00,1.981851048594398979e+00
-2.446317072422740050e-03,1.519826788092426106e+00,2.041596503812466157e+00
-1.538318036208758066e+00,1.212569902844468972e+00,2.310043761389196870e+00
-2.058239303666419051e+00,1.480906007137968050e+00,2.994859888824441096e+00
-1.651065631535860945e+00,2.736211564884361014e-01,1.653532771866331075e+00
-1.403116646136485013e+00,9.889045616430851560e-01,1.926663369413855964e+00
-1.972888306644517975e+00,8.485788343245035392e-01,2.767910086684174154e+00
-1.857903387567781062e+00,-3.116062936316353893e-01,2.529029227972347194e+00
-2.295845447771004189e+00,-2.951958337267837074e-01,2.296164674404670869e+00
-1.104630256055042059e+00,1.059148582445156972e+00,1.774482756139670991e+00
-2.296223545923748929e-02,1.693076623617095988e+00,1.672227977106818031e+00
-1.507635981497513100e+00,3.334206701904240955e+00,3.920537288053801195e+00
-1.088497578003936095e+00,3.082824098610030816e+00,3.407924203037104860e+00
-9.576166419286843423e-01,3.728695844992711894e+00,3.934559719949230150e+00
-9.149594362586026541e-01,2.176834610293012950e+00,3.048014197473587927e+00
-7.865113324801769057e-01,3.444394357955362196e+00,4.668722222830660407e+00
-7.098343531807034257e-01,1.868034831145094055e+00,2.078871909437120191e+00
-7.016692743644836749e-01,4.510394918262721653e+00,4.592767489909232559e+00
-5.165528040290417316e-02,1.976757097823784060e+00,2.652149606584643049e+00
-3.307456197340021831e-01,3.621646747662568000e+00,3.629247727091512221e+00
-1.617725246651688931e-01,4.152871660902137663e+00,4.140456538351386939e+00
-3.718185451178309120e-01,2.922522092943177885e+00,3.929794386616305868e+00
-1.355762559341648077e-01,3.340706300835345033e+00,4.470850663349580145e+00
-2.791874606252954250e-01,2.722536671974066014e+00,3.656771194022580218e+00
-2.794938661553403869e-01,3.305666785236458960e+00,3.306673004612254108e+00
-9.632594322862023661e-01,2.397859980764044163e+00,3.342170165628381984e+00
-9.171886255963792589e-01,2.843107489665153143e+00,3.087913674897527105e+00
-1.158406655773210892e+00,4.264757271033991159e+00,4.535979690452558444e+00
-1.191387349442702970e+00,3.599596704263114066e+00,4.942055351038598054e+00
-3.047131842047874906e-01,3.643700166156929043e+00,4.882199556922880213e+00
-3.037418891631792905e-01,4.417797075023580433e+00,4.418524962425716573e+00
-1.415754527105729910e+00,1.895618918940094932e+00,2.768836577646244912e+00
-8.201698468464304614e-01,2.028444250560831996e+00,2.834710227433892893e+00
-1.108909922301489104e+00,4.475073214541840372e+00,4.710740028737454566e+00
1.589131430947170021e+00,-1.206886497117229048e-02,2.121192008531814110e+00
1.725551112726888103e+00,7.652139815288387936e-01,2.035870162583027998e+00
1.802135359961511973e+00,-7.862923891868781601e-01,2.145554909597183979e+00
1.863935188743139904e+00,1.149299275167174006e+00,2.553650994219461179e+00
2.051829105568436784e+00,-1.158264473077105894e+00,2.789886685564840985e+00
2.081596897443361183e+00,8.842322536666570240e-03,2.777676238444577006e+00
2.206983024284884021e+00,4.740032201627847330e-02,2.204884068441023803e+00
2.835024952655906816e+00,6.047182416181853259e-01,2.956871057071349007e+00
2.844714700077541014e+00,-5.847130264296113156e-01,2.967416896173586949e+00
1.483180330704886085e+00,-8.132301485436187471e-01,2.028748234143182838e+00
1.877827694968263961e+00,-2.387462840525778063e-02,1.875308161940441920e+00
1.828896969659858929e+00,-9.947049439337115606e-01,2.515922635256857109e+00
2.561667904983631949e+00,5.683827796623187878e-02,2.560469410033037185e+00
2.517171376232531177e+00,-6.503340928884638883e-01,2.687468401425221920e+00
1.979383525748370953e+00,-1.111411337724311110e+00,2.649070571995569168e+00
-2.291468263445120002e+00,-3.332370407586088934e+00,-4.751138099059193820e+00
-2.174998637269471846e+00,-3.906798698436555028e+00,-4.956983569551364432e+00
-1.700159325449617898e+00,-4.132266166741369595e+00,-4.748156541500459404e+00
-9.996928698071808617e-01,-3.170563455172846101e+00,-4.349675259571755603e+00
-6.498267802384964931e-01,-4.767801130554122579e+00,-4.840300828859650295e+00
-3.611162496224584184e-01,-3.623568991321664878e+00,-4.854976907840365286e+00
-2.015775829922743956e+00,-3.174774677932798106e+00,-4.254524747582724586e+00
-2.388570404995669083e+00,-3.507459470471955942e+00,-4.988851391333508190e+00
-1.286205551241698997e+00,-3.782407303935192200e+00,-4.162213781921790812e+00
-1.246131942917727997e+00,-3.269253067523696821e+00,-4.529765306071867670e+00
-4.801611208713967849e-01,-4.271200366452334585e+00,-4.309714491333545894e+00
-2.140871661893000155e+00,-3.061515711276669993e+00,-4.431547987976480307e+00
-5.089644279223272116e-01,-3.505206074571253883e+00,-4.711905166269795053e+00
-1.180941768678432924e+00,-4.647967727609782607e+00,-4.914103090087518666e+00
-1.296366713293316097e+00,-1.841980949663519107e+00,-2.496261862179923074e+00
-1.653581453408849988e+00,-1.925569398145593025e+00,-2.990003007602076046e+00
-1.724732028184807975e+00,-1.641306064133448039e+00,-2.799289188802629003e+00
-8.980230280830479028e-01,-2.577575704890544994e+00,-2.823048742389560939e+00
-1.981564449905123038e+00,-1.618674893673224924e+00,-3.053408778662964007e+00
-1.881557600123191953e+00,-1.204928245498231076e+00,-2.451599464696855968e+00
-1.032901642249711038e+00,-1.569367224058975996e+00,-2.389322905435903088e+00
-2.600326089902567972e+00,-9.905634191502283858e-01,-2.906396571659176864e+00
-1.772732793559758990e+00,-8.767489883693302399e-01,-2.554730277431822127e+00
-2.634694491313265829e-01,-2.037744511652737955e+00,-2.031578647887815947e+00
-8.228877326068844145e-01,-1.209493250102886996e+00,-1.525256904281651060e+00
-1.364872311823613016e+00,-8.590103188169637694e-01,-2.079183774698052822e+00
-1.666748497615196944e-01,-2.559921428639567953e+00,-2.546699829988268160e+00
-1.399682871453320931e+00,-6.843842326422444611e-01,-1.600733543103455947e+00
-3.452518769723277731e-02,-2.391954712328009158e+00,-2.370626649028126920e+00
-6.949121578218131479e-01,-1.113911442599186952e+00,-1.332450961672380974e+00
-9.724636623247308043e-01,-8.116981556879360182e-01,-1.660310407711309111e+00
-5.607962765688819795e-01,-1.127246690427915921e+00,-1.688852946508131003e+00
1.076493493265700922e-02,-2.861444364724318845e+00,-2.847103611178584792e+00
-1.886875758595427943e-01,-1.539740267672663032e+00,-2.101168318888428033e+00
1.414828346848445995e-01,-1.779718851602221985e+00,-1.764730178674634997e+00
-6.910578068028369603e-02,-1.271218191030971001e+00,-1.211048729849206973e+00
-5.777859359344633683e-02,-9.232766896836547277e-01,-8.262331628065595623e-01
3.494259314395954663e-02,-6.765562797546973428e-01,-5.417988437077361219e-01
-1.252190233558022892e-01,-4.448718731083981304e+00,-4.444777160586782294e+00
-4.274688054229663914e-01,-6.425077119704806217e-01,6.521430155328018508e-01
-6.949161794848470741e-01,-1.117550344291567965e+00,1.335864467659251931e+00
-2.074161182260544911e-01,-1.152642502297692939e+00,1.100719996065216977e+00
1.370254980986483906e-01,-9.948661253145094641e-01,9.469400242107404164e-01
-1.907430237952830954e+00,2.899231440033629870e+00,-3.971350940956157149e+00
-2.283507767333833982e+00,3.370474662250988906e+00,-4.790105235467428280e+00
-7.865113324801767947e-01,3.444394357955363972e+00,-4.668722222830660407e+00
-1.659449018407564092e+00,4.259036308953454864e+00,-4.827784039869994714e+00
-7.016692743644831198e-01,4.510394918262720765e+00,-4.592767489909234335e+00
-9.576166419286844533e-01,3.728695844992711894e+00,-3.934559719949230150e+00
-1.544141329166492049e+00,3.403180970898834090e+00,-4.768520049599015209e+00
-1.507635981497513100e+00,3.334206701904241843e+00,-3.920537288053802083e+00
-1.042537225425982025e-02,3.316431280513878033e+00,-4.435463469909943335e+00
-1.617725246651688098e-01,4.152871660902137663e+00,-4.140456538351386051e+00
-1.191387349442702970e+00,3.599596704263115843e+00,-4.942055351038600719e+00
-1.158406655773210892e+00,4.264757271033990271e+00,-4.535979690452558444e+00
-3.721963538990474274e-01,2.928083135376807089e+00,-3.937199730503834871e+00
-2.184906930180877005e+00,3.208705148693502984e+00,-4.594336631324375197e+00
-3.037418891631794016e-01,4.417797075023580433e+00,-4.418524962425715685e+00
-3.047131842047874906e-01,3.643700166156928155e+00,-4.882199556922878436e+00
-1.108909922301489992e+00,4.475073214541843925e+00,-4.710740028737454566e+00
-5.542769063852358569e-01,2.078349493857983177e+00,-2.186219573477496070e+00
-7.109370361871411026e-01,1.867731320287993046e+00,-2.079307549173377900e+00
-5.127068774096765064e-02,2.176507148188508101e+00,-2.156483769599931932e+00
-3.042203521940390898e-01,2.922431323515005008e+00,-2.929668349536187932e+00
-9.155717399387363065e-01,2.834350380729246055e+00,-3.078961724836958957e+00
-2.949414778659554814e-01,1.866861286058212110e+00,-2.524292678034610216e+00
-1.341308311641816964e+00,1.751803368146158890e+00,-2.600881253659293790e+00
-2.719565748097242941e-01,1.383376577429318965e+00,-1.882832386435248972e+00
-9.149594362586022100e-01,2.176834610293012062e+00,-3.048014197473587039e+00
-1.088497578003936095e+00,3.082824098610029928e+00,-3.407924203037106192e+00
-1.493934796022510891e+00,2.028898982557703956e+00,-2.981489426537942133e+00
-2.794938661553403869e-01,3.305666785236458960e+00,-3.306673004612253219e+00
-9.589780249789341404e-01,2.391879894624597824e+00,-3.333476327390497929e+00
-1.322037089113639041e+00,1.121947422102135938e+00,-2.052583012173405219e+00
-2.435225675109219945e-01,1.055419581174033894e+00,-1.446029389793703990e+00
-1.109080930744593019e+00,9.847412921285206844e-01,-1.796675691371689032e+00
-8.734772723501824654e-01,9.087216501540245073e-01,-1.547483437796784100e+00
-1.538416463243621912e+00,1.212615331510670025e+00,-2.310169654859148824e+00
-1.661558183490805973e+00,2.324490201088658115e+00,-3.346729125036742136e+00
1.175919428380482051e-01,2.423017968296639069e+00,-3.245503631999726135e+00
-4.534733709861106243e-01,8.396828057595233652e-01,-1.234212265520385987e+00
-3.915571391927340911e-02,9.722770235422731888e-01,-9.572047593507246876e-01
-3.307456197340021831e-01,3.621646747662568888e+00,-3.629247727091512221e+00
-2.791874606252955915e-01,2.722536671974069122e+00,-3.656771194022585103e+00
-1.775523256167786945e+00,1.168310604125982977e+00,-2.614997459765457943e+00
-1.770558431661843901e+00,2.520361230364633887e+00,-3.662792934132930167e+00
-2.076081799635582925e+00,1.359601920599450953e+00,-3.034625058690545885e+00
2.751718170089329993e-02,1.134517034630460053e+00,1.118405629425001990e+00
-7.459065225297416557e-01,9.522410718832239329e-01,1.505333908980790003e+00
1.870742117947107042e-01,1.103302235838879097e+00,1.488977224623750928e+00
-3.742416486835882794e-01,1.029933773282444953e+00,1.119114611141825977e+00
3.299164862375568052e+00,1.982725631522233023e+00,4.478252269027599652e+00
5.259526597039376750e-01,4.446040323050380216e+00,4.497144638170256670e+00
5.397169907629857377e-01,3.389270867996645009e+00,4.552358967728578953e+00
1.994765856109822932e+00,3.350434086058339034e+00,4.662603771585522416e+00
4.126216363147472421e+00,1.669489749295939962e+00,4.767460335210802036e+00
1.456336544854244019e+00,4.444256977719296842e+00,4.901614512498841947e+00
1.286321575358154057e+00,3.613786709050192059e+00,4.947207276276841093e+00
1.717493919849705897e+00,3.818084420323477168e+00,4.549537031405481713e+00
1.891429774340436021e+00,3.152576585009890131e+00,4.374700645673068600e+00
3.504210002053989914e+00,2.121721638172215041e+00,4.826883422550801050e+00
2.172429218486537028e+00,3.610575649475685989e+00,4.965664238476972692e+00
3.064147318974741019e+00,1.854723511347518006e+00,4.253988419460378090e+00
1.083300604390003974e+00,3.141389813984992951e+00,4.296170466498323570e+00
3.701445519888050040e+00,1.740029227484555019e+00,4.471790986128561407e+00
3.385293251688834104e+00,2.049228885150975010e+00,4.644389564523639713e+00
1.271043375679272946e+00,3.387959630203878802e+00,4.650170187919160369e+00
2.845006197872474996e+00,-5.846587380596998118e-01,-2.967673805852229840e+00
3.389175948692539020e+00,-1.142999273168900043e+00,-3.772126851872819042e+00
3.389619435391821867e+00,5.617965567795295961e-03,-4.519910560643064734e+00
3.400960108086132916e+00,7.807297246801269026e-03,-3.400429583053770966e+00
4.399256337991184651e+00,-7.449093642363814327e-01,-4.528739564609819190e+00
4.822297038361432975e+00,7.516706797829622415e-03,-4.823625609109479129e+00
4.067844103659178145e+00,-1.561321711526759914e+00,-4.656077737652808857e+00
3.429201336334278150e+00,-9.050412222757249214e-01,-4.633938094813814246e+00
2.820700003365570030e+00,2.333132147259240133e-02,-3.762244113433853787e+00
2.812685872397898912e+00,-7.693183270402796925e-01,-3.803819860481290949e+00
4.031968569463490581e+00,-1.543229418471155079e-01,-4.039036601460654907e+00
2.838463911661449846e+00,-1.616690506226551083e+00,-3.803631380310337207e+00
3.887353636869800066e+00,-8.954825087831794761e-01,-4.096102993837847706e+00
3.226435823912686907e+00,-1.484878669210403901e+00,-4.456240127835528142e+00
4.555233334135340151e+00,7.151711751603437306e-03,-4.556270602337447961e+00
3.333866549279398850e+00,-1.918208325733947950e+00,4.492672881219966996e+00
1.770409207932177875e-01,-4.784093812835472193e+00,4.789263210925073899e+00
1.456778818685640964e+00,-3.512123115258347195e+00,4.819621310956899052e+00
1.588554844404096000e+00,-4.411783215007959669e+00,4.984125994927564030e+00
4.232614661650723420e+00,-1.702683152082757001e+00,4.902528314478379556e+00
3.672562611276410038e+00,-2.129761617470114832e+00,4.995701414136051177e+00
7.927218844156416200e-01,-3.439812789075365806e+00,4.632178676427867181e+00
1.886381521198913003e+00,-3.317918394040999086e+00,4.485562122589525913e+00
8.905529692243649986e-01,-4.721919095562913782e+00,4.896996361227833106e+00
2.054369411627972930e+00,-3.599573462565635928e+00,4.887306305985903876e+00
-9.827203331850996315e-02,-3.685854790625719080e+00,4.923308948491443182e+00
1.542304950911471906e+00,-4.012257841013576076e+00,4.604180226715359758e+00
6.073617537079526452e-01,-3.702403359065100208e+00,4.962114582914420424e+00
2.605242705271264003e-01,-3.381859499958124182e+00,4.518197735547131444e+00
3.420330874481224193e+00,-1.975749828505164896e+00,4.633046300874577916e+00
-3.063560168406762152e+00,7.174726656906191824e-01,4.154185671176986006e+00
-2.988760007016614928e+00,-5.385854106293691546e-01,3.052694880236272112e+00
-2.922917780140510846e+00,-6.521226271966738819e-02,3.917328330545049031e+00
-2.661219182833777896e+00,8.730653729799562335e-01,2.902727307427003023e+00
-2.625672134067793095e+00,6.518732288275115305e-01,3.570898853166231124e+00
-2.535871577482283090e+00,1.535281324803532133e-01,2.516439017575617942e+00
-2.464824597990871169e+00,-5.641869768621264880e-01,3.354998158774109118e+00
-2.600497498906269023e+00,-9.900598725857853166e-01,2.906223873826843107e+00
-3.102454694391425960e+00,-1.013739994118437959e+00,4.262222701497550226e+00
-3.143878649576353101e+00,1.264297741220093974e+00,3.589050740214026813e+00
-2.719062098118307791e+00,1.332414735579674048e+00,3.835194071051069020e+00
-3.091717646221256111e+00,2.291530054653176940e-01,3.084339455910710015e+00
-2.544447694081116929e+00,2.391820585447725078e-01,3.420489310700595809e+00
-3.079316918727435848e+00,-1.083134152782974979e+00,3.400414087103505789e+00
-2.625082246915233952e+00,-1.121177473723788953e+00,3.677661017273111899e+00
-3.238499030865724215e+00,-4.659218064272698245e-01,3.276904634001598815e+00
-2.148802043111952109e+00,1.339618060878209893e-01,-2.892357845138972205e+00
-1.961459943296498976e+00,-2.552671584655640813e-01,-2.657682725384463041e+00
-1.849199972825323890e+00,4.979151137293914842e-02,-2.495259029357896896e+00
-1.524803253580848894e+00,6.631318616686641965e-02,-2.069327580297358082e+00
-1.831752949797454066e+00,6.613905465590251831e-01,-2.015900315701074863e+00
-2.016920045842062859e+00,-6.620712456494877440e-02,-1.981052769349658904e+00
-1.243723971386665017e+00,2.258698135289771980e-01,-1.712220727229923023e+00
3.947761622809441207e+00,5.390574681731645779e-01,-4.018941038460264181e+00
2.835024952655908148e+00,6.047182416181853259e-01,-2.956871057071349895e+00
4.397699031780608614e+00,7.598929312591548024e-01,-4.525869425746760655e+00
2.804621112944190031e+00,7.715871021492658466e-01,-3.803846013806650106e+00
3.473078119505225825e+00,8.757843129802755922e-01,-4.696493458758051354e+00
3.241877760920619966e+00,1.040848599636772898e+00,-4.419177379083481405e+00
3.389014392480708793e+00,1.154278821589691084e+00,-3.763234677271091844e+00
2.015483129109401084e+00,1.237636988259499082e+00,-2.815718352953751058e+00
3.749776309115698147e+00,1.348764892117181091e+00,-4.211955411311588016e+00
2.371116087494463898e+00,1.440386886322907012e+00,-3.310569110362096001e+00
-7.958549815364189817e-01,-4.747321811276676407e+00,4.860996657535679333e+00
-9.853836503382520373e-01,-4.170996552384673706e+00,4.371833406410022604e+00
-6.410200559863561409e-01,-3.963842565350684133e+00,4.045385765444256876e+00
-6.422501866758159039e-01,-3.694211380310826076e+00,3.780824612109991101e+00
-9.397457470169583438e-01,-3.603269697840052910e+00,4.899771898733341402e+00
-1.015619185640528110e+00,-3.314327755810615006e+00,3.575023816584022018e+00
-4.512697242998002789e-01,-3.248435236252559921e+00,3.287009635133320007e+00
-1.269166144583000033e+00,-3.334636546821708958e+00,3.745860803025477193e+00
2.795503398325720035e+00,2.115070785268885131e-02,3.728662651577676179e+00
3.283905104858666046e+00,2.777027597492284228e-01,4.387075077347375895e+00
2.804621112944189143e+00,7.715871021492654025e-01,3.803846013806649218e+00
2.812596313686703819e+00,-7.693217969673470380e-01,3.803702375625718890e+00
3.389619435391820979e+00,5.617965567795291625e-03,4.519910560643062958e+00
3.400960108086132028e+00,7.807297246801266424e-03,3.400429583053770077e+00
3.239978581330329011e+00,1.074182188409968042e+00,4.422390955039251281e+00
3.473078119505227157e+00,8.757843129802758142e-01,4.696493458758052242e+00
3.389014392480708793e+00,1.154278821589691972e+00,3.763234677271091844e+00
3.389175948692540796e+00,-1.142999273168900043e+00,3.772126851872819930e+00
4.031968569463498575e+00,-1.543229418471147862e-01,4.039036601460661124e+00
3.549818830519607893e+00,-1.002076847894729950e+00,4.805972912507368910e+00
3.884933672061380960e+00,9.101824180749518156e-01,4.091000471928526672e+00
4.397699031780607726e+00,7.598929312591544694e-01,4.525869425746759767e+00
4.399256337991182875e+00,-7.449093642363813217e-01,4.528739564609819190e+00
4.822297038361433863e+00,7.516706797829624150e-03,4.823625609109478241e+00
4.555233334135383672e+00,7.151711751605419227e-03,4.556270602337490594e+00
-6.441667072582252240e-01,-3.963442616931049045e+00,-4.045918879047526673e+00
-1.751091958941523030e+00,-2.954112950704046003e+00,-3.815448346923020040e+00
-2.915810397247495245e-01,-2.784386093596713074e+00,-3.740123610382009023e+00
8.068021566341956885e-02,-3.538027687821434952e+00,-3.532254725223097136e+00
-2.252247852510921966e+00,-1.722146434076361921e+00,-3.368637087162861032e+00
-7.789619812923905817e-01,-2.323846192912248032e+00,-3.217022864982104213e+00
2.602710589684479880e-01,-2.502873379328511838e+00,-3.352481895461417949e+00
-2.704952170260516819e+00,-1.932605618387644109e+00,-3.893804974442454103e+00
-1.847529617442984051e+00,-2.463073005931348813e+00,-3.627943562117744047e+00
-1.174740126265281903e+00,-2.570599006918163010e+00,-3.629250488267728780e+00
-3.433104581234799113e+00,-1.101919011169151030e+00,-3.736106436422216071e+00
-5.886687183712213667e-01,-3.580248496828724036e+00,-3.652439036452986176e+00
-1.965216554951723982e+00,-2.721611533941775019e+00,-3.983450658785734788e+00
-2.194584140722607213e+00,-1.423427371279444076e+00,-3.243254711351969188e+00
-2.623087134388093045e+00,-1.140338887449489969e+00,-3.680120742333203854e+00
-3.074884142865657033e+00,-1.098699177652614933e+00,-3.406068428153488092e+00
-2.452451155967794172e+00,-1.807754705382494054e+00,-3.620621032153744867e+00
-1.846173375391892968e+00,-2.795116191619007928e+00,-3.798120099462499955e+00
-1.900882721612987103e+00,-2.577460031701849896e+00,-3.770959077026209805e+00
5.021207530498450478e-01,-1.459634709716342016e+00,-1.613825462902827024e+00
8.267721045325371332e-01,-4.593008907775592009e-01,-1.132941351564676014e+00
1.526847434082343025e+00,-6.591941775814830207e-01,-2.096223947768201867e+00
2.081596897443361183e+00,8.842322536666965757e-03,-2.777676238444577006e+00
2.401508370613568033e+00,-1.355934983839446106e+00,-3.291583900502467852e+00
2.145970869158674965e+00,-8.742415440237862878e-01,-2.500890172176272852e+00
9.040556096183329782e-01,-1.591584701730319074e+00,-2.157067485193052025e+00
6.126744664403369622e-01,-1.018421281407392076e+00,-1.354131517325469991e+00
1.220168162954361035e+00,-6.659491615104666806e-01,-1.665973991144316990e+00
9.117102974547159899e-01,3.313183085980080794e-02,-9.141811530571575251e-01
5.332751727437121669e-01,-4.860419336645482868e-01,-8.589059730073386190e-01
7.597969357279810154e-01,-1.303323581290056099e+00,-1.768360224413098925e+00
2.058517750572886218e+00,-1.154328083900890034e+00,-2.746196087261695951e+00
2.544514081297250208e+00,5.729489471832584224e-02,-2.543304406598696943e+00
1.357705300734858067e+00,3.462424390461337209e-01,-1.436100525231754022e+00
1.710481538176209959e+00,2.783980630340416873e-01,-1.748663209439353938e+00
1.583781997929434970e+00,-3.162364662197388876e-01,-2.127848225177408903e+00
1.942640144488946063e+00,-2.501535241620864158e-01,-1.975100682240100936e+00
2.120011019424448140e+00,-7.519811211555256225e-01,-2.890541064193118181e+00
-4.219913510855691108e+00,1.859330485541776934e+00,4.953893280480164307e+00
-3.335845775811022040e+00,2.151101187540947812e+00,4.783341249408898932e+00
-2.900513222355229903e+00,1.874784778640196103e+00,3.956746613408212987e+00
-2.283507767333834870e+00,3.370474662250983133e+00,4.790105235467424727e+00
-2.098898001907905098e+00,3.093830505768060846e+00,4.460531547075064829e+00
-1.907430237952826069e+00,2.899231440033632090e+00,3.971350940956157149e+00
-1.716299328508307909e+00,3.573451355634312154e+00,4.286342632908909600e+00
-1.674625087734890050e+00,2.358536676553907974e+00,3.374863783195638955e+00
-1.659449018407562981e+00,4.259036308953452199e+00,4.827784039869993826e+00
-1.510135441087965047e+00,2.061973611818562979e+00,3.031562337576448218e+00
-1.801945810478486010e+00,2.559019422418511880e+00,3.679832281001266026e+00
-2.600574897655675066e+00,1.771821757736556924e+00,3.753352743767424116e+00
-3.024179134326448803e+00,2.035564408511591150e+00,4.302439357107524565e+00
-3.162549254977390145e+00,2.114061093853296214e+00,4.505584947332177848e+00
-2.172199854938498209e+00,3.184134453113796948e+00,4.551174673289644090e+00
-1.730089491745725017e+00,2.435220250088057092e+00,3.520367607869582027e+00
-3.539091033739484082e+00,1.952292842037181897e+00,4.484762658006768987e+00
-1.680583358717284037e+00,3.107403765509805016e+00,4.427432699564310958e+00
-4.607477863759219971e+00,3.982807180694861726e-01,-4.623113119585860353e+00
-2.593296866141875157e+00,7.577892326133111034e-01,-3.546077162802542038e+00
-2.295615918020642798e+00,-5.701534375034943841e-02,-3.085820883467480957e+00
-2.331589814759289947e+00,1.634415509112528975e+00,-3.354428612478415950e+00
-2.922917780140510846e+00,-6.521226271966742982e-02,-3.917328330545049919e+00
-2.499552475496741977e+00,6.429944541812790959e-01,-2.628928983454065893e+00
-3.330442037152602008e+00,8.127616942257172017e-01,-3.497532501705924002e+00
-4.662766205179080359e+00,-8.171576058700288359e-01,-4.781484502080198595e+00
-3.050533694373584126e+00,-5.486112879483186905e-02,-3.026149525455668066e+00
-4.582827322767387912e+00,1.167690231684108015e+00,-4.849073453603134354e+00
-2.545597841057567035e+00,-6.053632719061150524e-01,-3.466583468396858159e+00
-3.577078530227665087e+00,-7.466599571196073093e-01,-4.836625720336710899e+00
-2.287285466691856950e+00,3.687510269049321804e-02,-2.255649872998024108e+00
-4.397824096756629331e+00,-2.860759932803795813e-01,-4.396513385936183127e+00
-2.785560830780905217e+00,1.032899847305428942e+00,-3.114847068799317942e+00
-2.982195188919742002e+00,-5.819441903502085012e-01,-3.061284071504123183e+00
-2.533327365155316979e+00,1.747043112480838989e+00,-3.608625034224580030e+00
-3.417477299077487096e+00,-3.879569899383564918e-02,-3.394934698245565929e+00
4.996033301764378765e-01,8.695835383727064105e-01,1.215592025846822022e+00
5.278546495249925030e-01,-5.205944119614793753e-01,8.829615859005166545e-01
5.962658325253784586e-01,-1.029743322796965899e+00,1.338283413398053900e+00
7.052010101371148920e-01,3.823837332107257736e-01,9.301471464141920498e-01
1.009733811827600913e+00,-3.854079576127498186e-01,1.377843147831288029e+00
1.159234582561535998e+00,7.052562688767120003e-01,1.642680622284339087e+00
1.266902522440338963e+00,-6.864103789886992768e-01,1.734077329894450958e+00
9.854700704442700410e-01,6.149264277873051077e-01,1.351853035441733963e+00
1.384654866578546084e+00,8.718960077961946942e-01,1.939714947152993973e+00
6.503722233225479599e-01,1.126673127203668967e+00,1.472722734817796031e+00
7.593853667144909725e-01,-1.302426087942774036e+00,1.767260017683363049e+00
1.249046410298904952e+00,7.911001385743017256e-01,1.745167777161759082e+00
1.375096938435949934e+00,2.262281199969614853e+00,3.100404031303621188e+00
1.557550981716675054e+00,2.576014619559062080e+00,3.522825490105315982e+00
1.624306276751219968e+00,2.915269492811925822e+00,3.775277373006602932e+00
1.138340622460993101e+00,1.967997706415324011e+00,2.766974583906708141e+00
2.157040290847592967e+00,1.324855565588825002e+00,3.001031920292239974e+00
1.035104457669689948e+00,1.691062513686022895e+00,2.305937341529408879e+00
1.773757633844224912e+00,2.936939537823180846e+00,4.040357062555719025e+00
6.539430472694953700e-01,2.940573914995607829e+00,3.073237435921437832e+00
2.371116087494464786e+00,1.440386886322909898e+00,3.310569110362098222e+00
9.768626581139334686e-01,1.636062223763395940e+00,2.186625288117050037e+00
1.201654984711826968e+00,3.479889446939568920e+00,3.874290677599122823e+00
7.830218287772967578e-01,3.354853540449088012e+00,3.525309685953013084e+00
8.097241249675410923e-01,1.827360262854343942e+00,2.537953274625476041e+00
2.749571674753299888e+00,1.675125840254563014e+00,3.792446426743981913e+00
8.019255383084900046e-01,1.580113767706758932e+00,1.952957760319546043e+00
7.252272582706873472e-01,2.322352675029359936e+00,3.167355458591369022e+00
2.950651242023131005e+00,1.766401253794225079e+00,3.983667596353731799e+00
2.678280480812800790e-01,2.587481383953964986e+00,2.600006227773219880e+00
1.355956601050076982e+00,3.718376652892055212e+00,4.189005585209505611e+00
3.935660930577415950e-01,3.213051786253442899e+00,3.248074795518705926e+00
2.887820934334596190e-01,2.139666797429375933e+00,2.163317587971102185e+00
5.499484385816949539e-01,1.406035259338350940e+00,1.600670175524183891e+00
3.513649958609191271e-01,1.737609073651309899e+00,2.347829229539021068e+00
5.520676969247134691e-01,3.762744456854811848e+00,3.832231311689962894e+00
4.324120197453720782e-01,2.654717648197500779e+00,3.569738291917735840e+00
5.358410445451007309e-01,2.802458825757029981e+00,3.774907529742530077e+00
1.651451669452393134e-01,2.559916241791377001e+00,3.428789997452136973e+00
3.746165874103145832e+00,1.360742090903920065e+00,4.216825617655950431e+00
1.663443165358094965e-03,2.405710913923361005e+00,3.222302460818196046e+00
-3.073332164229968022e+00,-2.128075400448326882e+00,4.405210171717443224e+00
-2.697689635992825963e+00,-1.931349262176097037e+00,3.892896371072414929e+00
-2.076491795748919067e+00,-2.927909560878156014e+00,4.231403721531136419e+00
-1.965210013364810049e+00,-2.721598052111860788e+00,3.983432779182403127e+00
-3.281269913679214945e+00,-2.240191212756954098e+00,4.675785957684405858e+00
-2.185915054272883129e+00,-3.140803517770908826e+00,4.488163197587603293e+00
-1.751091958941521920e+00,-2.954112950704046003e+00,3.815448346923020928e+00
-2.449446565482317872e+00,-1.806903747808707106e+00,3.616265528511885208e+00
-2.291463905488717145e+00,-3.332361717497644094e+00,4.751128916068158681e+00
-3.424035232458067846e+00,-2.305713067100607194e+00,4.911626883684128586e+00
-3.718022861204504981e+00,-1.815581435351129924e+00,4.491884022204506444e+00
-1.780058882824333111e+00,-2.309138055556998026e+00,3.437293910240919903e+00
-1.863698765351939013e+00,-3.570789834614382929e+00,4.405834462987202826e+00
-2.251914782723506203e+00,-1.722001595575100907e+00,3.368236828275414041e+00
-1.587564311035237985e+00,-3.372092286103169023e+00,4.010087126158587090e+00
-1.484752857273611060e+00,-2.815540520874992847e+00,3.460522070441511833e+00
-2.388569848205420065e+00,-3.507458453429157963e+00,4.988850090574924678e+00
-1.682291998950268042e+00,-2.955732428912134058e+00,4.249720786726764565e+00
-1.599369034209640938e+00,-2.480654516197950965e+00,3.646624945773801141e+00
-1.688874548798733111e+00,-2.063255908264348903e+00,3.143842813060492958e+00
-3.233600517445446076e+00,-1.563862030794822999e+00,4.557682849420142901e+00
-1.986601025887946070e+00,-1.642253616612572964e+00,3.043068937827039022e+00
-4.114127900912132318e+00,-1.813501784413585005e+00,4.822070324451223300e+00
-1.588363171285664066e+00,-3.339852805536474012e+00,4.703684233066598885e+00
-3.477813118684529137e+00,-1.459043929332904055e+00,4.841298446111641951e+00
-1.690506934601589073e+00,-1.663468087047500044e+00,2.804045247191373047e+00
-1.700159325449617898e+00,-4.132266166741369595e+00,4.748156541500460293e+00
-2.032720535496483016e+00,-1.227706447221428965e+00,2.985947313898015043e+00
-2.148934585254620000e+00,-1.111102353078029958e+00,2.595949947470297836e+00
-4.385690689791240438e+00,-1.228976973407224893e+00,4.690713881400379037e+00
-1.843756638610732024e+00,-9.126488675419147656e-01,2.173331756923106095e+00
-3.189339012671485118e+00,-2.173984940875680838e+00,4.598453318328741268e+00
-3.926575064734421971e+00,-1.520835652976542940e-01,3.911409987991877113e+00
-3.892923420630526987e+00,5.673508064328308675e-01,3.953187527467525886e+00
-3.476857082967101942e+00,6.784118264427070333e-01,3.582775260200388168e+00
-4.397824096756630219e+00,-2.860759932803796923e-01,4.396513385936183127e+00
-4.325228483933511114e+00,5.848710094354381273e-01,4.383459965866973285e+00
-4.607477863759217307e+00,3.982807180694861171e-01,4.623113119585858577e+00
-3.948578268706631977e+00,1.120258891983606064e+00,4.230321509011133685e+00
-3.404159790047240008e+00,3.226110487055048881e-01,4.564874346275436423e+00
-3.433112561593878898e+00,-1.101923490448595944e+00,3.736116373898652920e+00
-3.835286457237259139e+00,-1.211246345071476105e+00,4.169614296918229712e+00
-3.620511268386301218e+00,-4.953902287312936942e-02,4.843962925465667979e+00
-3.592142492397504050e+00,6.018851312043739243e-01,4.836393730293892190e+00
-4.662766205179078582e+00,-8.171576058700285028e-01,4.781484502080196819e+00
-4.308945436738507162e+00,1.281646998661214898e+00,4.651268250068966381e+00
-3.325340841954012028e+00,1.060980941477071005e+00,4.553035323557407921e+00
-3.577065225179656860e+00,-7.466586590006156765e-01,4.836608069639991569e+00
-3.628033981820852016e+00,-1.801578240752559068e-01,3.614371357814336161e+00
-3.479233484608875049e+00,-1.102002360207575915e+00,4.766510462348175992e+00
-3.045362127610317104e-01,-2.813514239729769884e+00,3.779675909256832167e+00
-2.614083619574716910e-01,-2.039296820470345217e+00,2.032736373136438068e+00
-2.586484185722315865e-01,-1.672288984640716958e+00,1.657742368240040953e+00
-1.870073617404257871e-01,-1.540468230073628098e+00,2.101891083924794845e+00
-1.230207377700184984e-01,-4.296794715517643581e+00,4.292239528582953767e+00
-9.310146957020107306e-02,-3.256732945410489855e+00,4.353353880245033558e+00
-7.812193919335277958e-02,-2.122272648102280002e+00,2.851923769757228833e+00
3.249937550882076986e-03,-4.128970826515939940e+00,4.122554075196484646e+00
8.898271492858997322e-02,-3.326992350348581873e+00,3.320739476912538013e+00
2.717488144506994274e-01,-1.912915807508976052e+00,2.574451800514482969e+00
3.228315548701128912e-01,-2.547408974427696204e+00,2.580645158358815916e+00
4.441283975994154143e-01,-3.726420479151959952e+00,3.779913078076790001e+00
4.797463506355417184e-01,-3.106835798732860976e+00,4.163851328532903295e+00
5.021207530498444926e-01,-1.459634709716342016e+00,1.613825462902827024e+00
6.644578558135043611e-01,-4.050282546373177084e+00,4.163737148544570665e+00
3.559564223168740216e-01,-2.203588049542740901e+00,2.251246992309912098e+00
-2.888637404242038742e-01,-2.425063248960550144e+00,2.428031570119646876e+00
4.632523885723787149e-01,-1.406774140532428108e+00,1.930817043783735976e+00
-3.926575064734421083e+00,-1.520835652976542107e-01,-3.911409987991874893e+00
-3.620511268386301218e+00,-4.953902287312934860e-02,-4.843962925465668867e+00
-3.948578268706631977e+00,1.120258891983606064e+00,-4.230321509011134573e+00
-4.219913510855691996e+00,1.859330485541778044e+00,-4.953893280480166084e+00
-2.900513222355234788e+00,1.874784778640192107e+00,-3.956746613408216984e+00
-3.335845775811022929e+00,2.151101187540946924e+00,-4.783341249408901596e+00
-3.338462459332347088e+00,1.257548097907740026e+00,-4.609426870442811186e+00
-3.498867090214579978e+00,1.732289691692157962e+00,-4.253713998350405312e+00
-3.839620119680391852e+00,5.311509487800337714e-01,-3.890809323817959076e+00
-3.347537369665455120e+00,3.114792674288002772e-01,-4.489102045508290395e+00
-3.024179134326447915e+00,2.035564408511603141e+00,-4.302439357107532558e+00
-2.658811645999608064e+00,1.811713793035989895e+00,-3.827874626285507897e+00
-3.592142492397503162e+00,6.018851312043739243e-01,-4.836393730293890414e+00
-3.162549254977382152e+00,2.114061093853278006e+00,-4.505584947332161860e+00
8.667513584534448645e-01,5.322874233698409174e-01,-1.202950232727364899e+00
1.887866451491420960e+00,5.638862295716216000e-01,-2.042715058690856011e+00
1.153258922968734890e+00,7.312847748879583998e-01,-1.611676651798257920e+00
4.563812094740632985e-01,8.059044208659350561e-01,-1.116467750004618953e+00
1.342756852848075999e+00,8.455814574316583565e-01,-1.884423853447164010e+00
1.894655069279207904e+00,9.370215010348542650e-01,-2.650882608224300885e+00
1.721716547357007965e+00,1.023862451545126895e+00,-2.429690271409794988e+00
5.499484385816948429e-01,1.406035259338350940e+00,-1.600670175524183891e+00
9.390306437610216328e-01,1.529142353980748048e+00,-2.084228143234470032e+00
8.097241249675406483e-01,1.827360262854343942e+00,-2.537953274625476041e+00
1.229235714859524098e+00,2.038345268228498153e+00,-2.851251736376619217e+00
1.375096938435951044e+00,2.262281199969617074e+00,-3.100404031303622077e+00
3.526277113138325259e-01,-3.298488940585921902e+00,-4.410787101541420618e+00
4.861559387774139762e-01,-2.143105016313120892e+00,-2.246839983251494033e+00
5.169603134420932555e-01,-3.899126974296342141e+00,-3.969827100106444018e+00
6.856185618868464449e-01,-4.566304353988735798e+00,-4.674533645192725295e+00
7.157346262650428059e-01,-1.923049834258546031e+00,-2.631699918801106985e+00
8.660245351502040556e-01,-2.987120930359489890e+00,-3.241632501649115206e+00
9.803599218598411102e-01,-1.777531838627689043e+00,-2.339753677751942096e+00
9.818045150478020844e-01,-3.263170867667745778e+00,-4.422853343646415247e+00
1.086661130686624066e+00,-3.588761301116584868e+00,-3.922790092117105054e+00
1.164550686025580983e+00,-4.368976520830662125e+00,-4.686184584999116609e+00
1.183468485514634905e+00,-2.116116887685088876e+00,-2.829059963173711889e+00
6.570377810613423630e-01,-4.362052613145784186e+00,-4.465774702329910362e+00
-4.385690689791240438e+00,-1.228976973407224893e+00,-4.690713881400379037e+00
-4.114127900912133207e+00,-1.813501784413585005e+00,-4.822070324451222412e+00
-3.835286457237257807e+00,-1.211246345071474995e+00,-4.169614296918229712e+00
-3.424035232458067846e+00,-2.305713067100608971e+00,-4.911626883684128586e+00
-3.102494434904973009e+00,-1.013761311075404015e+00,-4.262278238549081166e+00
-3.073419196723175872e+00,-2.128121611360652921e+00,-4.405271945680721224e+00
-3.477823680067559042e+00,-1.459069190426002915e+00,-4.841317841850640846e+00
-3.718021966244736021e+00,-1.815612747737477939e+00,-4.491909533201901894e+00
-3.233612974764052961e+00,-1.563886117930737951e+00,-4.557704704101172233e+00
-3.479233484608875049e+00,-1.102002360207575915e+00,-4.766510462348175992e+00
-3.189339012671486895e+00,-2.173984940875675065e+00,-4.598453318328738604e+00
