0
3.894945818247600e-01 -7.818904627730376e-01
-6.376894977814682e-01 -2.037081263451831e-01
6.297133010970284e-01 8.408441556880858e-02
-1.054267824222387e+00 -2.387736354743247e-01
4.427369329378504e-01 -8.441486579534229e-01
2.599201423875689e-01 -1.061703542597087e-01

1
-4.039414951448034e-02 1.443590665626472e-01
-4.796455608906126e-01 -2.135277666397216e-01
-3.121392285860487e-01 -7.738970168515785e-02
-6.815518753296581e-01 -2.841267643623719e-01
5.706196074840220e-01 -7.381152119051587e-01
3.098433778336234e-04 2.703096028850158e-03

2
-6.424176667325167e-01 4.782018043212738e-01
-5.685381615841706e-01 -5.982351922577401e-02
-6.601276608526823e-01 8.892651648571392e-02
-1.023959989680072e+00 3.287364938693695e-02
7.315825797127772e-01 -7.939302727354394e-01
-4.216444794839289e-02 2.882652677148564e-01

3
-2.799600008385498e-01 1.875754033900673e-01
-8.532226508938466e-01 1.407735613722253e-01
-1.208284583002188e-01 -6.739564378062459e-01
-7.548579158534746e-02 -3.926757617843894e-01
5.695417162535228e-01 -7.373113409643873e-01
-5.173752897709472e-05 4.533210374708635e-04

4
3.296374847100794e-01 4.086824366126954e-01
4.940395850815917e-02 -4.171016321594791e-02
2.437928249944363e-01 -1.796388787774897e-01
-2.755361304818675e-01 2.108170183572058e-01
6.376607981727936e-01 -7.035640404496888e-01
-1.041927693501169e-01 7.628568234114221e-02

5
6.396279108856663e-01 4.811791503161639e-01
1.136657433572916e-01 4.345666608508136e-01
-1.311793046699756e-01 -3.813224018610132e-01
-2.080252553384775e-01 -6.856497507995869e-01
6.747175393796334e-01 -1.031653854571571e+00
3.595149753263584e-01 3.893965867904949e-01

6
-6.302754735639460e-01 -5.101645821732645e+00
-1.837849464196346e+00 -1.573604057367335e-01
-3.341668708081366e-01 -4.581190733356013e+00
-5.406062536799370e-01 -4.834814983894762e+00
5.594742778061669e-01 -7.516992294403186e-01
2.945858722688706e-02 -3.377644803542247e-03

7
2.513065754053093e-01 -1.259258047942180e+00
-5.027750877186382e-01 -7.905128754908090e-01
-3.802776661801616e-01 -8.776092487255448e-01
-7.326913328419838e-01 -1.394342772344050e+00
6.132211831563018e-01 -7.358775216441734e-01
-3.648060914708365e-02 6.493413384971963e-02

8
5.331273548828428e-01 4.887641582692093e-01
4.106079802917979e-01 -3.106271036476383e-01
1.243621189934616e-01 7.775198507474404e-02
-4.502827246483670e-01 3.288491965487914e-01
6.206780019441607e-01 -7.366089624514141e-01
-4.123336433256664e-02 7.670813038341993e-02

9
1.553532424243627e-01 2.314743552939518e-02
-2.458885521474582e-01 8.678772905276923e-02
4.540709850037057e-01 -1.439825685932446e-01
-5.991303841267657e-01 1.907627768799207e-01
5.673648917569211e-01 -7.385913857247491e-01
3.579026377289020e-03 -1.811786416931015e-03

10
9.570237287525050e-02 5.222410472242038e-02
-4.305006952630502e-01 9.088996261436225e-03
2.516601337899245e-01 -8.355183548684815e-02
-6.129130146618567e-01 2.992908457612968e-02
5.695556716961195e-01 -7.373338513979921e-01
-2.887802281134322e-05 4.919458581402765e-04

11
-8.383122659670559e-01 -1.485233709840569e+00
-5.964373349822668e-01 -3.180503156311144e-01
-1.038404507597925e+00 -1.422550914489852e+00
-1.371168790705517e+00 -1.660389444822220e+00
5.515975941061581e-01 -7.401427920638129e-01
1.828182133719338e-02 -2.427665165164871e-02

12
1.561522084222721e-01 -1.572771107544140e-01
-4.425267166679552e-01 -2.794323560436198e-01
-9.130809480626849e-02 -2.625416310360699e-01
-5.707746225128465e-01 -4.175216844568166e-01
5.694986890277659e-01 -7.367433018041000e-01
-8.711607007866321e-04 -5.704579938821372e-05

13
4.773563721698915e-02 8.212279009790223e-01
1.335386673601846e-01 -9.130196025919383e-02
-4.811858481862739e-01 5.110390479213320e-02
-5.602756982904670e-01 9.334069059403695e-02
6.314701031960107e-01 -6.771084897320000e-01
-1.390707853555368e-01 4.622766596517289e-02

14
8.828333777916739e-01 5.153809156511046e-01
4.558353597237753e-01 1.802357066475624e-01
1.009337484158304e-01 7.994827967965286e-02
-4.867198092756241e-01 -2.147251116567605e-01
5.013236481854446e-01 -7.529326345477410e-01
7.694196690353804e-02 -8.975120111876826e-02

15
-5.400099833348199e-02 -3.431256594924655e-01
-5.210861418211322e-02 -1.211074536553621e+00
6.159666767156121e-01 -3.296936751883814e-01
-3.133640137969528e-01 9.968881045470938e-01
5.690074354976182e-01 -7.372850248214974e-01
3.279863311667540e-04 -3.698112660561551e-04

16
1.763854705159966e-01 2.723179823356178e-01
-2.823347052199798e-01 1.056569539851056e-01
2.951189585911828e-01 -7.036145366704342e-02
-4.823903310180941e-01 1.456535336544836e-01
4.796069738413590e-01 -6.690883116360249e-01
-3.194991762449555e-02 -1.881620084269325e-01

17
-1.639004178231192e-01 1.388884625223964e-01
-3.821988870533181e-01 8.555351046800778e-03
-2.418134587098581e-01 -5.588403405075997e-01
-3.845526329851753e-01 -3.335788482746441e-01
5.690074443212806e-01 -7.371756803300505e-01
1.637455528447287e-04 -4.556006803675373e-04

18
3.757697577427203e-01 1.861729561162780e-01
-3.862056349150328e-01 -1.902995582289599e-01
3.377073218304282e-02 1.977159229898232e-02
-4.511323263715720e-01 -2.214813689410219e-01
4.974532097413309e-01 -7.248420376396407e-01
3.778742876927084e-02 -1.176072469518051e-01

19
1.533284067575713e-01 7.765825690321061e-01
-3.433844430139789e-01 -1.467295758284879e-01
-1.703274514696464e-02 -1.694573010142680e-01
9.861902816736587e-02 1.843086253556974e-01
5.603317579473502e-01 -7.198213949376966e-01
-1.909432698978522e-02 -2.710427177762064e-02

20
-7.571514630456304e-02 8.680384824162920e-01
6.900791005845242e-02 -9.020947259557984e-01
-3.462842707673076e-02 9.410705367204271e-02
-8.064370628863878e-02 1.065917763647913e+00
5.329537019337568e-01 -7.403721367324202e-01
3.325616357392745e-02 -5.209954284404495e-02

21
4.589983519106866e-01 6.134454464639466e-01
-6.780698438225717e-02 -3.408971459052644e-01
1.471532262072519e-01 -1.498003338066219e-01
1.079511317009281e-01 2.094719127920898e-01
5.579006465755852e-01 -7.488800590438620e-01
2.645906288794797e-02 -7.953420459251593e-03

22
-1.316099304253564e+00 -1.296958787762236e-01
3.613397219317475e-01 -9.968092992652217e-01
2.417712065001234e-01 -1.050026323258662e+00
-5.000010922190338e-01 1.709386727345931e+00
5.203892342823659e-01 -6.719860105399765e-01
-5.959947203303989e-02 -1.246338139459997e-01

23
3.189011453735482e-01 -8.686906529193116e-01
1.102678875989036e+00 -4.737683317605228e-01
-6.706934092218609e-01 -1.983579769968431e+00
-2.310625201915420e-01 -1.355803225482524e+00
5.691153421556647e-01 -7.374318994829603e-01
4.639155625817991e-04 -9.248440962150194e-05

24
5.569522280777371e-01 8.817266008372687e-03
-1.634300176500675e-01 -3.539039294247915e-01
-1.118202062123682e-01 -3.360213093813039e-01
-2.345031490600192e-01 -5.758289122823192e-01
5.183974754164372e-01 -8.384371372489268e-01
1.919706616468281e-01 2.988860326033778e-03

25
-2.992879195700785e-01 1.146525446040396e-01
4.874703826205484e-01 -2.465104515578518e-01
1.302143070804490e-01 -7.198524027866408e-01
-4.945429212688636e-01 6.133072976887166e-01
5.689313495340497e-01 -7.371375497459037e-01
1.661855743387117e-04 -5.998150420034728e-04

26
1.721194049436690e-01 1.757502658676913e-01
-3.254858840307014e-02 -7.952068768022362e-01
5.982967606916124e-01 -1.915340000712085e-01
-6.146255131255404e-02 9.126453892641884e-01
5.695550761261756e-01 -7.373909897780627e-01
5.741034670349847e-05 5.358878309424550e-04

27
8.607945708242556e-01 3.490445511356199e-01
6.854256155044532e-02 4.465921678573844e-02
1.575409346904080e-01 -4.704532331942173e-01
1.803583764319424e-01 -5.259591063113017e-01
6.391093108275168e-01 -7.851464602651772e-01
1.720620403882282e-02 1.424790858466032e-01

28
2.175655168393949e-02 4.576154543491939e-01
-3.047594452604176e-01 -9.722832455836480e-02
-3.075311518006381e-01 -6.508992907006829e-02
-5.108962999189918e-01 -1.381851567656031e-01
4.849710380482862e-01 -6.067456428634578e-01
-1.297968933669986e-01 -2.290255788714826e-01

29
-3.498591301156584e-01 7.668693785669493e-01
5.595467849210240e-02 2.642784975260801e-01
1.609813656829659e-01 -5.198038490225303e-01
-1.435183281303184e-01 6.762086388359642e-01
5.150251216659575e-01 -7.430915284641990e-01
5.140921516140463e-02 -7.689410488525657e-02

30
6.100643612249993e-01 5.199749742669397e-01
1.765358573694250e-01 -6.914880580668947e-02
9.562271677857620e-02 8.132257691773999e-02
-3.881582544293522e-01 2.621846916031181e-02
5.623534708325021e-01 -7.091942062534302e-01
-3.664265056489947e-02 -3.240684740815906e-02

31
7.182896168287581e-02 1.124687789388487e-01
-3.803385370777363e-01 -2.619845229698787e-01
2.607167368820147e-01 -2.938742379461970e-01
-2.562350193537272e-01 1.748427264696103e-01
5.694233089840574e-01 -7.370907803357080e-01
-2.901021898678395e-04 1.024010049013745e-04

32
-2.475583057663225e-01 8.611145879248425e-01
-3.080200055115727e-01 -1.557183213208819e-02
-1.564707786743863e-01 -4.883189683367695e-01
1.576515062589475e-01 2.940976572743551e-01
5.600867561735126e-01 -7.217325787436911e-01
-1.603150339281445e-02 -2.597255420304566e-02

33
3.396272949443541e-01 4.721724125591140e-01
5.463450536410713e-02 4.567119209865343e-02
-2.541858991600055e-01 -3.052778916996047e-01
-2.979277598957116e-01 -3.556711491958638e-01
4.440107001487636e-01 -7.404110622828297e-01
1.031082392037519e-01 -1.856601081265633e-01

34
1.221825390609979e-01 8.028392663968266e-01
2.715030738989682e-01 -3.155997517901905e-02
-1.620165722887218e-03 -4.160504857763825e-01
1.329176842745833e-02 3.769066090669558e-01
5.320763745729167e-01 -7.552658585063757e-01
5.631475873015095e-02 -4.173016633892491e-02

35
-1.157297514321026e-01 3.575742535001479e-01
2.216439665511509e-01 1.555423977114392e-01
-7.082304874983866e-01 -4.680947542902796e-01
-7.719188632746876e-01 -5.036176638350546e-01
5.694101328874356e-01 -7.373141923892905e-01
5.579879162476349e-05 2.579222273328671e-04

36
-1.295658485101486e-01 1.168239639784662e+00
-5.512187827809927e-02 -6.807855491502047e-01
-5.905804908460441e-01 -6.183751062710783e-02
9.052971302244600e-02 4.944527283661374e-01
5.511803614808082e-01 -7.172738458657956e-01
-1.573960451223455e-02 -4.284860052695789e-02

37
-1.073278373238931e-01 2.486765365173802e-02
-7.211623878997211e-01 -1.193402711162865e-01
-1.958837011519140e-02 -1.128948617261155e-02
-7.182137371377642e-01 -1.207646149849302e-01
5.690039363542397e-01 -7.372006069658069e-01
2.039377046221612e-04 -4.413096551272370e-04

38
4.868829430969434e-01 -1.982211405418858e-01
-1.075990499776883e+00 -3.101447998986770e-01
4.897728081257543e-01 -8.562958388022743e-01
7.011409365551459e-01 -6.205543857136876e-01
5.693317399002478e-01 -7.376662981231839e-01
6.461715518478095e-04 4.164746013586789e-04

39
9.359072129051239e-01 -8.526338002733594e-01
-5.190062626657536e-01 -7.441696095371481e-01
3.383405555911522e-01 -9.917272440201912e-04
-6.488272164196799e-01 -7.857270600594093e-01
5.600231108099705e-01 -7.831594661721597e-01
7.628074109239150e-02 2.213355515722559e-02

40
1.049076036432745e-01 1.409319877720142e+00
7.833396779979372e-02 6.116050807073341e-01
1.957078551910120e-01 -6.518301994700075e-02
6.983757984470834e-02 6.494467490808982e-01
6.470822347001286e-01 -7.947382782544354e-01
2.535662014616599e-02 1.619810064108956e-01

41
1.261858983676273e-01 1.693512346340535e-01
-7.490834198708266e-02 -9.023886469184683e-01
3.927941062729920e-01 -1.892169803964745e-01
-9.734268150567307e-02 7.746495303619598e-01
5.690166131242226e-01 -7.370531350757398e-01
-2.751042104678991e-05 -5.379905815085914e-04

42
5.472806195824612e+00 1.652061378646872e+00
8.450523089996078e-01 1.305399042514687e-01
-3.772271922961327e-02 2.854091689546133e+00
8.903919423945111e-03 -2.743549014488099e+00
6.062337510560624e-01 -7.623412717366460e-01
8.750603928487668e-03 7.520522683655959e-02

43
1.247661177429236e-01 8.390462991694955e-02
-4.564952531672009e-01 6.448632339829755e-02
3.171020194033874e-01 2.686550765696392e-02
-6.706294787616651e-01 8.745332443153510e-02
5.692393526753616e-01 -7.369317815390812e-01
-3.845655059379410e-04 -2.986651474797630e-04

44
-5.206183459056789e-01 -9.188855119067026e-01
-8.360055579350556e-01 -3.287248072798180e-01
-2.562322534957686e-01 -6.697986811371668e-01
-1.060893684225094e+00 -6.815423358138385e-01
5.696560453727446e-01 -7.359925084291441e-01
-2.122319146259783e-03 -4.098467006706395e-04

45
-7.294848922624684e-01 2.515302379998679e-01
1.026384952481616e+00 -4.900925099998175e-01
-5.517349222925715e-01 -1.460172045493090e+00
-2.371970293695500e-01 4.852976811952578e-01
5.685197382993596e-01 -7.375353148459779e-01
1.086614541843273e-03 -9.059227625247988e-04

46
8.024102737889358e-02 -4.777618810680843e-02
-6.332985473761815e-01 -2.518596817312419e-01
-3.590440174313977e-02 -4.399582420045971e-02
-6.369683231421503e-01 -2.552612963980941e-01
5.690265826552411e-01 -7.373715014450418e-01
4.428481942333119e-04 -2.731942685410862e-04

47
9.182140634729405e-02 1.819642297982263e-02
-3.408696145045884e-01 -9.260931148497611e-02
2.555922351092272e-01 -2.970037062229429e-01
-4.243891146779538e-01 3.441571209162850e-02
5.692015099766901e-01 -7.372409530953589e-01
1.095009086148203e-04 -1.128972897890023e-04

48
3.617744313861704e-01 6.182307192042210e-01
3.877246785728606e-01 6.802216622418401e-02
-2.942558709539196e-01 -6.911273957976569e-02
-5.796710259194541e-01 -1.168260407634487e-01
5.375041772300886e-01 -5.544808579806266e-01
-2.495206248668942e-01 -1.911337571060399e-01

49
-4.543555496886852e-02 2.512782269513653e-01
1.324698207086568e-01 -7.318414701477176e-01
-1.053309962389650e+00 -4.741689730982354e-01
-5.026317526141940e-01 -5.903701712076223e-01
5.691626699750548e-01 -7.374223822041931e-01
4.124825873747350e-04 -2.886691776257566e-05

50
9.219912928592940e-02 -1.955298662564874e-01
-4.635996598491582e-01 -3.437615008727669e-01
4.695527124109407e-01 -6.352976742582194e-01
-2.674200499156023e-02 8.540731107485032e-02
5.694253767522315e-01 -7.372581046428446e-01
-4.040606427183675e-05 2.368062154741481e-04

51
4.619956137038207e-01 1.292596869950960e-01
2.903303350354243e-01 -1.880068596202513e-01
3.525267748412425e-01 -1.149539890864356e-01
-5.364446580268341e-01 2.498970042765652e-01
5.476076422378171e-01 -6.145549093206911e-01
-1.672184564222833e-01 -1.288183651482540e-01

52
-2.215725157000843e+00 -1.760376565698360e+00
-1.121900953961409e+00 4.979797846911651e-01
1.298531835481242e+00 -1.055455318129703e+00
-2.052510834180969e+00 1.323385662528479e+00
6.122037661941340e-01 -7.265877356146428e-01
-4.963536672037454e-02 5.611628928639282e-02

53
-5.180386492087150e-01 -2.585830651909771e-01
-8.618044278416617e-01 -2.682733443400302e-01
2.411601577324294e-01 -5.966412633224748e-01
-3.773548364159560e-01 1.701014091450216e-01
5.696590266871802e-01 -7.366400004723772e-01
-1.152134843300988e-03 1.027184628837418e-04

54
3.144201887623898e-01 -2.268652902480218e-01
-1.980441411196428e-01 -3.440256746781186e-01
-2.963263775503470e-01 -5.399679442686215e-01
-4.242995968824824e-01 -7.639373341745069e-01
5.723220727589412e-01 -7.373424057098826e-01
-2.186825618945330e-03 4.653753061168135e-03

55
4.906578358965498e-02 2.474072982665501e-01
1.122171265491624e-01 -5.955812840306421e-01
-6.497707376057948e-01 -1.819522539328383e-01
-6.646041145711694e-01 -2.400331186422211e-01
5.693771226267623e-01 -7.370379868032557e-01
-3.331548632058408e-04 -8.397346441786828e-06

56
-1.194550903871353e-01 1.732069004619650e-01
3.732980766195691e-01 -5.994972488636456e-01
1.958646485330294e-01 -3.288234780979101e-01
-5.064279391259646e-01 8.042382567976530e-01
5.658231226446037e-01 -7.405070237594737e-01
7.666114024625919e-03 -2.624299509374366e-03

57
8.769485761055755e-01 -4.322103193481570e-01
9.462039319372092e-01 3.680604965282607e-01
4.161369347185178e-01 -1.527498379612037e+00
7.941462992762069e-02 -8.332762432485687e-01
5.686969212876567e-01 -7.372427855673686e-01
5.082042066556508e-04 -8.693443060144335e-04

58
-1.953326419003497e-01 -5.349862949707194e-01
-7.483554914959789e-02 -1.356884223564687e+00
1.125291356881774e+00 -4.442877963475713e-01
-1.954130326923878e-01 1.561340845178788e+00
5.694946240745249e-01 -7.372909167833958e-01
-4.546110304954224e-05 3.665623983297351e-04

59
3.537970219731478e-01 -4.612424790894144e-01
1.566561690206187e+00 1.196680313311388e+00
-9.791322617096231e-01 -7.552191373033956e-01
-2.176106197714779e+00 -1.656230373234084e+00
5.834766890627134e-01 -7.364910015022050e-01
-1.221865449309148e-02 2.073972917713364e-02

60
-5.014438142918716e-01 1.025378417576002e-01
9.946645584277803e-01 1.977367898748409e-02
3.455003157670535e-01 -9.861607585443580e-01
-6.345267952747279e-01 1.016126115996534e+00
5.695797721738418e-01 -7.372096329658767e-01
-2.343639770440575e-04 4.306701745752380e-04

61
6.548268066314533e-02 3.670462272632463e-01
6.582271021495750e-01 -7.004973009164465e-02
-8.720770296236516e-02 -9.248474348041499e-01
-9.323839844466834e-02 1.182605486247593e-01
5.694730285003585e-01 -7.375029351902943e-01
2.899335523862582e-04 5.004970872844595e-04

62
1.749398463122667e-01 1.965979699011026e-02
3.463190379185691e-01 -1.908794198123823e-01
3.464757393445659e-01 -3.325488045887611e-01
-5.986700134153542e-01 3.955383511854899e-01
5.697808632261816e-01 -7.369093439539934e-01
-8.431899877365169e-04 4.970691337281269e-04

63
6.267833191536779e-01 -3.006727398398223e-01
2.562512607029618e-01 7.440865133179025e-01
-2.722822348892044e-01 -1.112361316029130e+00
-4.344091530604056e-01 -1.584912514771240e+00
5.537775443467960e-01 -7.353379935638911e-01
9.354475207734312e-03 -2.477272508101334e-02

64
-6.417842545765035e-02 5.530181990977118e-01
-2.024244893679591e-01 2.190219457090400e-01
2.032300235129870e-01 -2.069786958342264e-01
-3.408807974843521e-01 3.574142597560605e-01
7.510458550473006e-01 -7.738261709808834e-01
-8.763335994400086e-02 3.017231305944881e-01

65
-1.326491597687252e+00 4.928924609327481e-02
-7.555414657752296e-01 6.949006061496084e-01
5.184171216661692e-01 -4.533182876181910e-01
-1.073504300594315e+00 9.864018820699813e-01
5.696556153791537e-01 -7.027500802927024e-01
-5.205163095076334e-02 -2.649583954986518e-02

66
9.402973647099954e-03 3.865183550530108e-01
1.080133270323478e+00 -5.811839527771722e-02
-6.845235759930732e-01 3.308678279738955e-02
-1.501125008801634e+00 8.394639142431752e-02
5.774539078844072e-01 -7.364441728931316e-01
-7.562911527759749e-03 1.165685199247893e-02

67
3.431503035183211e-01 5.443743281947215e-01
-1.591513387214173e-01 -2.066148383356947e-01
1.674166692313806e-01 -2.737403393358216e-01
9.959926838472997e-02 1.487532642644053e-01
5.609982950227750e-01 -7.495130571310932e-01
2.497909090787094e-02 -2.804083159538897e-03

68
-1.930494089737927e-01 -7.695486244386003e-03
-6.502779958246659e-01 -1.426429459386390e-01
1.245166459679452e-01 -3.766772543517212e-01
-3.954745864526161e-01 3.120853417956158e-03
5.694200849846210e-01 -7.371961115604965e-01
-1.293663306284301e-04 1.802120594221461e-04

69
-2.572405643196761e-01 1.586206459765906e-01
-3.654598395307751e-01 -1.869655646493093e-01
2.716996310392820e-01 -6.278688665164714e-01
-9.021188141089928e-02 3.648879851434505e-01
5.693495071656739e-01 -7.365393171611820e-01
-1.060479633866297e-03 -4.411816448843794e-04

70
4.313880599363440e-01 7.863901438716049e-01
1.395197829562701e+00 -2.777300826006479e-01
-2.311077862780166e-01 -1.000178683201112e+00
2.509311505292086e-01 2.730261073870700e-01
5.687555087221716e-01 -7.366628389261756e-01
-4.088408959400588e-04 -1.236431188950343e-03

71
2.008435532305139e-01 -5.450011510816700e-02
4.995416355790006e-01 -3.899317364757583e-01
3.569826049408527e-01 -2.475780134052022e-01
-7.200945963983911e-01 5.365523329561016e-01
5.684930986746012e-01 -7.411360931803549e-01
6.515835965497809e-03 1.879597141156403e-03

72
4.600449728291148e-01 6.586167295649989e-01
1.195057162495437e-01 -1.427982939109411e-01
1.905465300966175e-01 -1.184759079186946e-02
-1.558006494157987e-01 3.131837911274916e-01
5.899686736634406e-01 -7.434046075151405e-01
-6.928780621880994e-03 3.591570620543143e-02

73
1.995405927554853e-01 -2.071773239673605e-01
-3.879220778254491e-01 -3.856842301647958e-01
-2.244620181135991e-01 -3.261405688951345e-01
-5.522825107662021e-01 -5.663379657555395e-01
5.687298159547579e-01 -7.361451713050529e-01
-1.166209096563173e-03 -1.681235351089855e-03

74
-5.437450364141165e-01 -1.617489912702328e+00
-9.429380572952185e-01 -8.855124956536311e-01
-8.089392285610896e-01 -8.073212738313317e-01
-1.457344235489507e+00 -1.433286847644310e+00
5.830526443573334e-01 -7.442496694054377e-01
-2.324987743217143e-04 2.619105001371998e-02

75
-2.461238714650111e-01 -1.258509931875546e-01
-6.274090020869535e-01 1.908537129173162e-01
4.430404244251435e-01 -5.464827123774987e-02
-9.109976123264589e-01 2.721146516512648e-01
5.697404656270182e-01 -7.360822062508060e-01
-2.053838915660636e-03 -2.126627747627991e-04

76
3.952149244417139e-02 1.183383647248076e-01
-5.559296081233996e-01 -5.141890477421018e-02
3.931046167136855e-02 8.144041004152387e-02
-7.377913921777340e-01 -6.961325549133321e-02
5.694737329419750e-01 -7.372326728432119e-01
-1.165493836954277e-04 2.894801737657154e-04

77
-5.445288733256461e-02 4.045896565339328e-01
4.792947486076750e-01 1.911417510841558e-01
-7.388559689639438e-01 -2.684478454483182e-01
-1.050979232727031e+00 -3.976672345978223e-01
5.663980625863656e-01 -7.371238894469699e-01
2.133539309485006e-03 -4.415494865101411e-03

78
-3.416445815594223e-01 -1.046335604020378e+00
-1.051143802533555e+00 -5.253757996621672e-01
-1.116620574219389e-01 -6.835695241298041e-01
-8.223526672994373e-01 -7.719003733533804e-01
5.690207017494558e-01 -7.377919097055213e-01
1.078910107536996e-03 4.786723008425582e-05

79
4.986510646167194e-02 -4.745915111362096e-01
-1.597616458387345e+00 -8.413328471276214e-01
-7.353527554947530e-01 1.203270937923620e+00
-1.826213610545824e+00 -8.907191100137983e-01
5.694292529348447e-01 -7.372528800633892e-01
-5.129494960134528e-05 2.385284563980909e-04

80
-6.949444614723560e-03 7.636491698874592e-01
6.952906617629928e-01 -1.437117165435360e-01
-6.249475901661133e-01 2.110094616529616e-01
-1.104164501809019e+00 2.967565742501544e-01
5.819701305888207e-01 -8.303198658114048e-01
1.298931480177011e-01 9.210444834631556e-02

81
3.766142966429793e-01 -1.681816350325210e-03
-3.865775836465790e-01 -1.460571764598792e-01
2.243157007977060e-01 -6.673734222719099e-01
1.270510736423073e-01 -3.896037737789728e-01
5.689097268309369e-01 -7.365845387925301e-01
-6.474615844135042e-04 -1.066239953394080e-03

82
6.388204655187522e-02 5.954950359931732e-01
-4.207884533091806e-01 1.444692000777593e-01
5.101714324818204e-02 1.079380734280308e-01
-4.674548800215010e-01 1.561570334189080e-01
5.854015238218281e-01 -6.529134369135118e-01
-1.392613737527863e-01 -4.195254592518056e-02

83
5.058099559547791e-01 -7.080576231245023e-02
6.583889686233273e-02 -3.204200599247515e-02
5.283973639980846e-01 -9.346209077601444e-02
-6.163188501580662e-01 1.116962673141578e-01
5.154751890858926e-01 -7.364098075278365e-01
4.102019827160288e-02 -8.146125925164172e-02

84
1.212979882515942e-01 1.748831269101092e-02
-4.901002237163223e-01 -1.652049665771829e-01
1.725759280305479e-01 -1.575575048929713e-01
-4.752903123879308e-01 -6.096496567449513e-02
5.693304148015850e-01 -7.372671868428287e-01
4.775195120805535e-05 1.013015366811217e-04

85
9.657563601579518e-02 8.007085819114274e-02
-5.273585904487054e-01 8.621930795548684e-02
2.911423192195314e-01 2.115962552637421e-02
-6.680929547156933e-01 4.020449441953201e-02
5.692844549545741e-01 -7.373898746649761e-01
2.680920073247637e-04 1.285436915200547e-04

86
-1.824891025676417e-01 -7.776895909630264e-01
7.338663823081559e-01 -1.276535000997773e+00
-1.302160758261183e+00 -8.654403122347678e-01
-1.245521847035284e+00 -8.855842524127747e-01
5.694561364435085e-01 -7.368852549942043e-01
-6.245580194080616e-04 -9.568442726514272e-06

87
-7.234503275435648e-02 -2.539362653559186e-01
-6.608388956121054e-01 -4.721036268998094e-01
3.619830679021256e-01 -4.880489719744202e-01
-2.044615458725429e-01 1.177073948985554e-01
5.692633955740648e-01 -7.370794796873353e-01
-1.815914828161661e-04 -1.466542616635785e-04

88
4.081686274746684e+00 2.195927694397879e+00
-1.171484190633892e+00 2.297964324193526e+00
3.523475663315926e+00 5.865021590624288e-01
3.295758489766591e+00 -2.814701343852263e-01
5.818518212115342e-01 -7.158572409751202e-01
-4.193523173679937e-02 2.107880665218470e-03

89
-1.496306511069858e-01 -7.905109374978354e-02
-5.306154575026736e-01 6.019253269896677e-02
2.838671472762953e-01 -1.611898285134323e-01
-7.502892544070657e-01 1.172889993382791e-01
5.696869738040671e-01 -7.376056600643566e-01
2.763418689718038e-04 9.024481089635576e-04

90
5.624252819825293e-01 9.346162105066898e-02
-3.978025445699838e-01 -3.044973472179435e-01
5.010458648524553e-01 -5.367107381016049e-01
3.536860590456758e-01 -1.066088049367010e-01
5.693674143379461e-01 -7.357246067915360e-01
-2.298214663527079e-03 -1.053588891044462e-03

91
1.068356681197629e+00 4.830558661331357e-01
2.031109028048417e-01 1.045886034503375e-01
1.252091861124067e-01 1.330477617527685e-01
-3.041152550809349e-01 -4.341715195807498e-01
5.540537824724180e-01 -7.663913894913835e-01
5.577946534601544e-02 9.793144931771051e-06

92
7.269024788820515e-01 -7.298370519428961e-01
7.497739252466257e-01 3.526138195085352e-02
8.152602498505800e-01 -1.448374640439712e-01
-1.303300309055825e+00 9.917419175574427e-02
5.140468305617839e-01 -9.092689969011024e-01
3.017730494816468e-01 5.203604363851785e-02

93
2.088158282595961e-01 1.893645583946274e-02
4.841857978669912e-01 -1.980609753388818e-01
3.704173420380634e-01 -3.062517150829067e-01
-6.629323426994114e-01 4.631373075885873e-01
5.687891525913201e-01 -7.375432764939862e-01
8.871633172090342e-04 -4.950188602111769e-04

94
-1.027288823232672e-01 -4.662815081441672e-03
-4.288686279964012e-01 -6.974834163503188e-02
1.590535457368025e-01 -4.073469765557664e-01
-4.398836884664540e-01 1.127405029778701e-02
5.692451567387091e-01 -7.372332091751088e-01
6.362001963968586e-05 -5.341713803232141e-05

95
2.291659070159717e-01 3.927753968996393e-01
1.732881301472750e-01 -2.516032129523738e-01
1.899342653932893e-01 -2.061214025444026e-01
-3.025741396206548e-01 3.862580370291657e-01
5.829347455486219e-01 -8.508199461723160e-01
1.599270402882939e-01 1.096397076248530e-01

96
-2.030475673350048e-01 -2.631546794754289e-01
-8.892980306526814e-01 4.156351168856807e-01
5.982972379641648e-01 1.455870973407436e-01
-1.136727143900582e+00 1.596106725728716e-01
5.692600235500791e-01 -7.375656722100233e-01
5.513087261365958e-04 2.297964789208550e-04

97
2.236958070504206e+00 6.098877074975807e-01
-2.226495520137935e-02 1.699009032731742e+00
5.671486657246994e-01 1.169405710115432e-01
1.526318435854059e-02 -1.852844121274452e+00
6.307038643241288e-01 -7.091251463837248e-01
-9.038095932787507e-02 7.020026981159104e-02

98
-2.574896345973688e-01 6.711407698317150e-01
9.648613845303821e-01 -1.137068529159402e+00
-7.454534156186875e-01 -7.198926614786514e-01
-1.017920386202927e-01 6.303543469752316e-01
5.698149021404848e-01 -7.374272030679256e-01
-9.208339255646596e-05 9.545593530107131e-04

99
2.735572557345416e-01 -1.607467896673538e-01
-3.656558309588079e-01 -3.088132727199553e-01
-1.949921671763754e-01 -4.158748043330566e-01
-4.129560184623225e-01 -6.363077954025591e-01
5.693606963749772e-01 -7.379973808038026e-01
1.120730821412040e-03 7.197675255644951e-04

100
1.439550706714137e+00 -3.873182799257286e-01
1.212870980532782e-01 1.363943147011070e+00
2.922747516218784e-01 -1.338453108663288e+00
1.458332937182338e-01 -2.232239701936270e+00
5.684571232927171e-01 -6.827023718195039e-01
-8.122254367131136e-02 -4.402740250477245e-02

101
-2.475161777077375e-01 -9.051427880442157e-03
-3.286498661131643e-01 1.839229899016213e-01
4.693683743988302e-01 -3.157896280105665e-01
-6.714355701567674e-01 4.109952656390765e-01
5.667405358174089e-01 -7.386800743652543e-01
4.202167802520329e-03 -2.679966050718296e-03

102
1.561236850103579e-01 9.613311123745125e-03
2.538786067386062e-01 -1.980744940419891e-01
4.066729226095071e-01 -3.170178163268881e-01
-5.651455068960297e-01 4.360933911525095e-01
5.725453760228238e-01 -7.364657621766099e-01
-3.678757767524552e-03 4.301248813237348e-03

103
-7.238777864638302e-02 1.953850059415652e-01
-2.821121024294046e-01 -1.618265042406059e-01
-4.361233095382949e-01 -2.776707756067687e-01
-6.098208549529029e-01 -3.596899555448216e-01
5.674409412169236e-01 -7.363770162234673e-01
1.933991741355413e-04 -3.435177877849189e-03

104
-5.588491689373225e-02 3.399813848387730e-01
1.931859129957358e-01 6.074331626872773e-02
-6.297988445392347e-01 -2.834854960354555e-01
-8.603939804992423e-01 -3.904349400017137e-01
5.691066917346048e-01 -7.371721331987477e-01
8.053832663841171e-05 -3.093159275669944e-04

105
-2.080081064696874e-01 8.562305829242275e-02
2.020543563827732e-01 -3.320756914655226e-01
3.335854794453291e-01 -4.979320717870604e-01
-4.507893158887755e-01 7.127334334606190e-01
5.736214124939022e-01 -7.347359970956790e-01
-7.121206315309002e-03 4.560092756316430e-03

106
2.220639817125137e+00 -1.785739313621919e+00
4.419694078009722e+00 1.884958833318422e-01
2.253067027633403e-01 -3.572835467840596e+00
7.632880617648555e-03 -2.054190056536331e+00
5.697279894155618e-01 -7.372615617018774e-01
-2.726738924383923e-04 6.940388415602683e-04

107
2.334683000359664e-01 1.922073162689616e+00
-3.107742821438370e-01 5.291227311573915e-01
-3.906699745063446e-01 -3.852424420007930e-02
6.010642958071163e-01 8.929042776537147e-02
5.966658806197234e-01 -7.350135231657760e-01
-2.478736974560444e-02 3.939032745180379e-02

