108

2.756531383063491e-01 2.889484700332175e-01;
-3.639061000363858e-01 -6.009081960309984e-03;
4.692943649087506e-01 -1.564586290020067e-01;
-1.752813868909538e-01 2.303732277743872e-01;
3.012556760058206e-01 -4.949772174430470e-01;
-1.535099417316625e-01 -5.926681411687760e-01;

3.690123614840312e-02 2.193131962754391e-01;
-3.478053865024797e-01 2.105635162676473e-02;
1.345580863995706e-02 -1.635835362088693e-01;
-5.394266526892448e-01 -6.504828058070278e-02;
3.012556760058206e-01 -4.949772174430470e-01;
-1.535099417316625e-01 -5.926681411687760e-01;

1.831251555293835e-02 7.454676494893717e-01;
-3.006513778163095e-01 -2.607178659948381e-02;
2.361522399076857e-01 7.754729254798409e-01;
-9.560304724097534e-01 8.359517300173396e-01;
3.012556760058206e-01 -4.949772174430470e-01;
-1.535099417316625e-01 -5.926681411687760e-01;

1.315706470802124e-01 -1.714990611453473e-01;
-5.886297129934024e-01 -2.571274278163253e-01;
4.387043249621312e-01 -4.395868429150444e-01;
-1.722122283373715e-01 1.047296458704334e-03;
3.012556760058206e-01 -4.949772174430470e-01;
-1.535099417316625e-01 -5.926681411687760e-01;

3.053758346226162e-01 -3.616887598082711e-01;
-4.686387972109092e-01 -4.823640917978188e-01;
4.683907082256298e-01 -4.142393945944042e-01;
-2.226651725797930e-01 -5.892594118532293e-02;
3.012556760058206e-01 -4.949772174430470e-01;
-1.535099417316625e-01 -5.926681411687760e-01;

-1.441078008152820e-01 -9.813666889366205e-01;
-1.052333522003509e+00 -9.664017241321320e-01;
5.599303609419028e-01 -4.854648909877958e-01;
-4.274085378803996e-01 5.201140317518865e-02;
3.012556760058206e-01 -4.949772174430470e-01;
-1.535099417316625e-01 -5.926681411687760e-01;

1.754647302296052e-02 -4.615642343416119e-01;
-7.449854231766261e-01 -4.085993711819686e-01;
4.059678121875744e-01 -6.206159136267552e-01;
-1.807848982966396e-01 -1.468622725739952e-01;
3.012556760058206e-01 -4.949772174430470e-01;
-1.535099417316625e-01 -5.926681411687760e-01;

1.394213906000772e-01 -3.395678322576459e-01;
-5.628998950705553e-01 -3.851257289007575e-01;
3.492721223374058e-01 -4.795978900846942e-01;
-2.657035580019468e-01 -1.297496165094149e-01;
3.012556760058206e-01 -4.949772174430470e-01;
-1.535099417316625e-01 -5.926681411687760e-01;

5.940756810640583e-01 -1.079185392592901e+00;
-6.611707006153640e-01 -1.304203906877482e+00;
1.106161908412334e+00 -3.671075857467562e-01;
-8.247601613519016e-02 2.660215110338789e-01;
3.012556760058206e-01 -4.949772174430470e-01;
-1.535099417316625e-01 -5.926681411687760e-01;

1.449392682643937e-01 2.498000610630647e-01;
-4.696502312523954e-01 -4.838867801633392e-03;
2.701450951243098e-01 4.279925319647136e-02;
-5.040963153501252e-01 1.451581354782339e-01;
3.012556760058206e-01 -4.949772174430470e-01;
-1.535099417316625e-01 -5.926681411687760e-01;

-7.534664135138360e-03 2.977590387486322e-01;
-2.464297862818600e-01 4.436489320028154e-02;
-4.004968866501451e-02 -1.756872165892757e-01;
-5.582023783737086e-01 -6.530896791372099e-03;
3.012556760058206e-01 -4.949772174430470e-01;
-1.535099417316625e-01 -5.926681411687760e-01;

1.754177887301488e-01 5.951113926006604e-01;
-2.613430776173941e-01 -4.546863119091653e-01;
-3.372686767884389e-01 5.979234852671959e-01;
-8.506116709898209e-01 1.890224972567084e-01;
3.012556760058206e-01 -4.949772174430470e-01;
-1.535099417316625e-01 -5.926681411687760e-01;

3.819198601259309e-01 -6.795498600111239e-01;
-5.871026486730566e-01 -6.579681818522235e-01;
6.104965656369213e-01 -5.080039363711172e-01;
-1.884157432048963e-01 -1.576017033044465e-01;
3.012556760058206e-01 -4.949772174430470e-01;
-1.535099417316625e-01 -5.926681411687760e-01;

6.102501241875830e-02 -7.123550456703251e-01;
-7.808250130928827e-01 -4.101193441540646e-01;
5.345963457491066e-01 -7.134134411815756e-01;
-2.273408236512053e-01 -2.395760230261155e-01;
3.012556760058206e-01 -4.949772174430470e-01;
-1.535099417316625e-01 -5.926681411687760e-01;

1.780803277287971e+00 -8.434742076906546e-01;
4.035549340442470e-03 -1.897813079382131e+00;
1.128465002218872e+00 2.957173046774407e-01;
5.510097147807368e-02 1.549715204529004e-01;
3.012556760058206e-01 -4.949772174430470e-01;
-1.535099417316625e-01 -5.926681411687760e-01;

2.613582310417247e-01 -5.060785323405849e-01;
-6.132357973656796e-01 -5.141552755973667e-01;
4.977989075330798e-01 -4.206069412132241e-01;
-2.768952899716923e-01 -1.194792246686577e-01;
3.012556760058206e-01 -4.949772174430470e-01;
-1.535099417316625e-01 -5.926681411687760e-01;

4.844475032844157e-02 -3.747014777155497e-01;
-5.979309663424808e-01 -2.639557553837096e-01;
3.483829628408978e-01 -5.281841559131001e-01;
-3.353360318078832e-01 -1.584660661430428e-01;
3.012556760058206e-01 -4.949772174430470e-01;
-1.535099417316625e-01 -5.926681411687760e-01;

1.475205388416385e+00 -4.654710553334131e-01;
-3.108611046961879e-03 -1.567018408197152e+00;
8.130621582216798e-01 4.157330477379499e-01;
-1.452885957695815e-01 1.951429279911478e-01;
3.012556760058206e-01 -4.949772174430470e-01;
-1.535099417316625e-01 -5.926681411687760e-01;

3.298332628931122e-01 9.652076614268008e-02;
-3.681825697444089e-01 -1.608823614916314e-01;
1.725815106582052e-01 -4.433586911114565e-01;
-5.841958970290730e-02 -2.533634313885691e-01;
3.012556760058206e-01 -4.949772174430470e-01;
-1.535099417316625e-01 -5.926681411687760e-01;

-2.950923341846035e-02 4.658228888779299e-01;
-5.335050411375940e-02 1.332891647989578e-02;
-1.418156576725743e-01 -1.589608863380068e-01;
-5.495575758529212e-01 1.086814390890750e-01;
3.012556760058206e-01 -4.949772174430470e-01;
-1.535099417316625e-01 -5.926681411687760e-01;

2.504168613033092e-01 8.056434705654035e-01;
1.241348723874158e-01 -2.377044931643962e-01;
7.022041125205464e-02 1.347244785128653e-01;
-2.881583108732110e-01 5.597505292680353e-01;
3.012556760058206e-01 -4.949772174430470e-01;
-1.535099417316625e-01 -5.926681411687760e-01;

7.508368700148278e-01 2.657924022804100e-01;
-5.902601723947781e-02 -1.712225715967960e-01;
4.932018789025478e-01 -1.981544439013379e-01;
4.091741189301676e-02 1.282707543385838e-02;
3.012556760058206e-01 -4.949772174430470e-01;
-1.535099417316625e-01 -5.926681411687760e-01;

1.377838995373549e-02 4.162276334973070e-01;
-8.601425700750289e-03 -6.246960749982756e-02;
-8.342676233799606e-02 -1.901233301277790e-01;
-5.066054254550924e-01 1.478605013591092e-01;
3.012556760058206e-01 -4.949772174430470e-01;
-1.535099417316625e-01 -5.926681411687760e-01;

8.285793741422764e-02 9.570018920553723e-01;
7.270802466611219e-02 -9.306300177069693e-02;
-1.086361791474719e-01 2.270467643714472e-01;
-4.384629331380878e-01 5.508261385204398e-01;
3.012556760058206e-01 -4.949772174430470e-01;
-1.535099417316625e-01 -5.926681411687760e-01;

1.899590312095152e-02 1.285669518410051e-01;
-5.532109112155289e-01 -5.532159849364490e-02;
-1.014788480960058e-01 -4.898032708981999e-01;
-2.044049620331273e-01 -3.836411738661298e-01;
3.012556760058206e-01 -4.949772174430470e-01;
-1.535099417316625e-01 -5.926681411687760e-01;

1.297143480231682e-01 1.591984834562366e-01;
8.081730823676078e-02 -4.287370508678547e-01;
1.172880785324488e-01 -3.903189391607124e-01;
-2.819081468880835e-01 2.551943294434282e-01;
3.012556760058206e-01 -4.949772174430470e-01;
-1.535099417316625e-01 -5.926681411687760e-01;

1.223690526714872e-01 1.103415824570623e-01;
-1.768509372995085e-01 -6.124556189029482e-01;
1.180799566585754e-01 -4.936736451053156e-01;
-1.737764115350511e-02 1.738271771055540e-01;
3.012556760058206e-01 -4.949772174430470e-01;
-1.535099417316625e-01 -5.926681411687760e-01;

6.350149161175882e-01 3.628379134516953e-01;
-8.097035249115583e-02 -3.419002095442522e-02;
9.554762481499187e-01 -7.372989427561164e-01;
7.255629452859544e-01 3.807197577533069e-01;
3.012556760058206e-01 -4.949772174430470e-01;
-1.535099417316625e-01 -5.926681411687760e-01;

-1.610693639266645e-02 4.186939913793190e-01;
-1.098781204584890e-01 1.402600570032335e-02;
-1.120061455645635e-01 -1.594336051840960e-01;
-5.471497678709799e-01 7.536909310621830e-02;
3.012556760058206e-01 -4.949772174430470e-01;
-1.535099417316625e-01 -5.926681411687760e-01;

8.624217740954600e-02 8.408679101654485e-01;
-7.528415535052388e-02 2.815780186470241e-02;
3.752979807757144e-01 4.836689351976962e-01;
-6.194512294280536e-01 9.423650406090436e-01;
3.012556760058206e-01 -4.949772174430470e-01;
-1.535099417316625e-01 -5.926681411687760e-01;

5.403567920412632e-02 7.023494920934190e-01;
-3.666983043166104e-01 3.227267112888674e-01;
2.288131538041264e-01 -2.447001071456965e-01;
-6.009543084829722e-02 2.211496684057407e-01;
3.012556760058206e-01 -4.949772174430470e-01;
-1.535099417316625e-01 -5.926681411687760e-01;

5.015533413275505e-02 3.245178735672229e-01;
-6.227810391791373e-02 -1.133635008139288e-01;
-1.740062900637668e-02 -2.154901292795796e-01;
-4.724251764251488e-01 1.239474822880549e-01;
3.012556760058206e-01 -4.949772174430470e-01;
-1.535099417316625e-01 -5.926681411687760e-01;

-1.855228553589152e-01 3.704590425380518e-01;
-3.698729076055420e-01 -2.533842903411498e-01;
2.921136778707806e-02 -6.498353884192724e-02;
-4.856820630049469e-01 3.928272257824039e-01;
3.012556760058206e-01 -4.949772174430470e-01;
-1.535099417316625e-01 -5.926681411687760e-01;

-3.321557173713805e-01 2.819479274930040e-01;
-7.140860131042106e-01 1.502171795283927e-01;
-3.105486565300020e-01 -7.582682869574905e-01;
-6.946629215305243e-02 -4.589058258988459e-01;
3.012556760058206e-01 -4.949772174430470e-01;
-1.535099417316625e-01 -5.926681411687760e-01;

1.397953737939353e-01 6.940569274386486e-02;
-3.600859040379015e-02 -4.316227979442109e-01;
1.606186447685247e-01 -4.025462698575317e-01;
-2.725562998993583e-01 1.860384743125629e-01;
3.012556760058206e-01 -4.949772174430470e-01;
-1.535099417316625e-01 -5.926681411687760e-01;

1.077166663315667e-02 -8.296493413329474e-02;
-3.238910836338195e-01 -6.211236195986085e-01;
2.423752144411056e-01 -6.150935195238139e-01;
-1.181837869776432e-02 1.927121906833766e-01;
3.012556760058206e-01 -4.949772174430470e-01;
-1.535099417316625e-01 -5.926681411687760e-01;

8.129099287862712e-01 3.451321284335538e-01;
-4.088163126744646e-01 -5.760385422481774e-02;
1.446235160638744e+00 -3.180948584831666e-01;
7.175584583554603e-01 7.204345698461849e-01;
1.916420330021044e-01 -6.510489696181445e-01;
1.669214572584809e-01 -6.348366893281815e-01;

4.564610057319402e-02 2.292142502928652e-01;
-3.477604147979343e-01 1.938420076604105e-02;
3.372213804787029e-02 -1.503298737608637e-01;
-5.314576032280097e-01 -4.145091447033001e-02;
1.916420330021044e-01 -6.510489696181445e-01;
1.669214572584809e-01 -6.348366893281815e-01;

3.331351040117425e-01 2.723117665250426e-01;
-3.706667111823555e-01 -9.431607655875392e-03;
5.628187273992170e-01 -2.137846301683151e-01;
-6.321347264340493e-02 2.434384736410202e-01;
1.916420330021044e-01 -6.510489696181445e-01;
1.669214572584809e-01 -6.348366893281815e-01;

8.437185973415051e-01 -2.269044936002498e-01;
8.105760295946227e-02 -4.854425253076591e-01;
4.507290234053844e-01 -3.320335500535408e-01;
-1.606278318975784e-01 -2.159267693301916e-01;
1.916420330021044e-01 -6.510489696181445e-01;
1.669214572584809e-01 -6.348366893281815e-01;

1.401022743895557e+00 -1.426023204011615e+00;
3.208739581782507e-01 -1.773080033819697e+00;
6.351486844428877e-01 -2.537651140502953e-01;
-5.001216326646517e-01 -4.316423574597586e-01;
1.916420330021044e-01 -6.510489696181445e-01;
1.669214572584809e-01 -6.348366893281815e-01;

-2.396819823745107e-02 2.264594616974647e-01;
-6.399930740711477e-01 1.629732441198118e-01;
3.776500482464679e-01 -4.611078237038156e-01;
-5.837369770082700e-02 6.376639570690092e-02;
1.916420330021044e-01 -6.510489696181445e-01;
1.669214572584809e-01 -6.348366893281815e-01;

6.637342396849832e-01 -2.362184412282881e-01;
-5.386553593922223e-02 -6.392748209291295e-01;
4.470026247021961e-01 -1.883592093086229e-02;
-4.546280433713704e-01 6.097216309699265e-02;
1.916420330021044e-01 -6.510489696181445e-01;
1.669214572584809e-01 -6.348366893281815e-01;

4.229756593439556e-01 2.295175113979472e-02;
-8.805199636575883e-02 -2.642158125918566e-01;
1.535870852530319e-01 -1.242677203734265e-01;
-4.962056557333302e-01 -1.117958309630867e-01;
1.916420330021044e-01 -6.510489696181445e-01;
1.669214572584809e-01 -6.348366893281815e-01;

-1.462487909863691e+00 -7.084806715132580e-01;
-2.152722830539759e+00 3.465780933757636e-01;
9.376500538246110e-02 -1.905743400653226e+00;
3.337549394771391e-01 -6.976853354823870e-01;
1.916420330021044e-01 -6.510489696181445e-01;
1.669214572584809e-01 -6.348366893281815e-01;

7.259964676556001e-01 1.370580872296013e-01;
-1.270408858012321e+00 -2.791641275714672e-01;
1.320175040797378e+00 9.763327728938606e-01;
-3.684086445422179e-01 7.258962361508299e-01;
1.916420330021044e-01 -6.510489696181445e-01;
1.669214572584809e-01 -6.348366893281815e-01;

-8.136278083120688e-03 2.456045649985525e-01;
-2.828531509110022e-01 1.094561453175319e-01;
5.745870030082890e-02 -2.519827995953561e-01;
-5.057133489525089e-01 -9.126824398639415e-03;
1.916420330021044e-01 -6.510489696181445e-01;
1.669214572584809e-01 -6.348366893281815e-01;

-1.017831536180470e-01 1.424713563195568e-01;
-2.402478793600722e-01 3.040633415483462e-01;
1.170354713675509e-01 -5.772496619049734e-01;
-4.054466936725341e-01 -1.073511522867190e-01;
1.916420330021044e-01 -6.510489696181445e-01;
1.669214572584809e-01 -6.348366893281815e-01;

7.102611938793919e-01 -1.750386014706246e-01;
-1.403081692515461e-04 -6.670032680621554e-01;
4.010871195089231e-01 -1.570894146896013e-01;
-2.618688264719118e-01 -5.017948285111070e-03;
1.916420330021044e-01 -6.510489696181445e-01;
1.669214572584809e-01 -6.348366893281815e-01;

2.411882470493929e-01 1.991283155917681e-01;
6.512519614605920e-02 -8.549615171061670e-02;
3.282945660957146e-02 -3.312023050832162e-01;
-4.203053288024668e-01 -6.326107567908391e-02;
1.916420330021044e-01 -6.510489696181445e-01;
1.669214572584809e-01 -6.348366893281815e-01;

-4.285739755740502e-01 9.503440328588035e-02;
-3.686123745156257e-01 4.133068433338529e-01;
-1.038721908451250e-01 -7.705728820979743e-01;
-4.929796030308639e-01 -2.395526984047321e-01;
1.916420330021044e-01 -6.510489696181445e-01;
1.669214572584809e-01 -6.348366893281815e-01;

6.906950493956753e-01 -1.555888535791667e-01;
-1.005658173970106e-01 -7.275329309523819e-01;
3.808921886781851e-01 -2.985317176720200e-02;
-3.161530478998072e-01 3.111619368546607e-02;
1.916420330021044e-01 -6.510489696181445e-01;
1.669214572584809e-01 -6.348366893281815e-01;

1.601358212612754e-01 1.533868760593827e-01;
-7.868114683913986e-02 -1.127668479754020e-01;
2.106815643094709e-02 -3.031228811822282e-01;
-4.570836658923160e-01 -6.818755682437902e-02;
1.916420330021044e-01 -6.510489696181445e-01;
1.669214572584809e-01 -6.348366893281815e-01;

-4.710797716804376e-01 1.868357721805960e-01;
-3.477625970817987e-01 4.605495057204633e-01;
-1.799525051652140e-01 -7.226177816037492e-01;
-5.394502864145179e-01 -2.254129605270090e-01;
1.916420330021044e-01 -6.510489696181445e-01;
1.669214572584809e-01 -6.348366893281815e-01;

9.295073628833582e-01 2.725513369895846e-01;
-3.598030154352352e-01 -5.972222711183927e-01;
6.557369252301636e-01 -2.674044517474910e-01;
6.081681686856321e-01 6.810882295030310e-02;
1.916420330021044e-01 -6.510489696181445e-01;
1.669214572584809e-01 -6.348366893281815e-01;

2.167101976502991e-02 3.215160120172291e-01;
-1.599732140438683e-01 5.370664045053203e-03;
-9.223185383833353e-02 -2.747663408185191e-01;
-4.618937318836544e-01 -5.002423570359444e-02;
1.916420330021044e-01 -6.510489696181445e-01;
1.669214572584809e-01 -6.348366893281815e-01;

-2.323570090769869e-01 7.316101427628051e-01;
1.629848165941208e-01 1.011368255254017e-01;
-3.222950407399175e-01 4.864273302038713e-02;
-8.378736450724442e-01 3.800172201382935e-01;
1.916420330021044e-01 -6.510489696181445e-01;
1.669214572584809e-01 -6.348366893281815e-01;

1.039124447204502e+00 -7.090853296959670e-02;
-1.218321717341146e-01 -2.035434530718883e-01;
7.584271633981364e-01 -4.105764570350952e-01;
2.466451420753930e-01 -2.481172283774251e-01;
1.916420330021044e-01 -6.510489696181445e-01;
1.669214572584809e-01 -6.348366893281815e-01;

1.090037194510029e-01 1.554856323677246e-01;
-5.253163141070893e-02 -6.764813633115688e-02;
2.553754117547700e-02 -3.729093704924518e-01;
-4.431851738182795e-01 -5.033294798597374e-02;
1.916420330021044e-01 -6.510489696181445e-01;
1.669214572584809e-01 -6.348366893281815e-01;

-6.971920429514631e-01 6.951442566991093e-01;
6.078556654651056e-02 3.751449875655328e-02;
-6.587573418762706e-01 -8.159570132018142e-02;
-1.030691052236185e+00 3.783402480264365e-01;
1.916420330021044e-01 -6.510489696181445e-01;
1.669214572584809e-01 -6.348366893281815e-01;

2.396306193804488e-01 1.157284308627727e-01;
3.700715120643035e-01 -1.128403430713548e+00;
3.586186265186095e-01 -4.442140902245058e-01;
5.041147276679205e-02 8.278904612977402e-01;
1.916420330021044e-01 -6.510489696181445e-01;
1.669214572584809e-01 -6.348366893281815e-01;

7.101661125350321e-02 1.802088619115521e-01;
-8.379738912585004e-02 -6.491135666306512e-02;
-1.086753107754897e-02 -3.660910572143574e-01;
-4.471672477333896e-01 -5.247283581989122e-02;
1.916420330021044e-01 -6.510489696181445e-01;
1.669214572584809e-01 -6.348366893281815e-01;

1.022767803349022e-01 2.331037036124334e-01;
2.989469514471859e-01 2.667001230519287e-02;
3.643641555964666e-02 -2.465757708570722e-01;
-7.141550921399766e-01 1.647342769832409e-01;
1.916420330021044e-01 -6.510489696181445e-01;
1.669214572584809e-01 -6.348366893281815e-01;

8.632949109958969e-01 4.160501167294222e-01;
-6.575950959172472e-02 -4.742700606382005e-02;
1.383700135708379e+00 -8.159218597113138e-01;
1.125763904816702e+00 6.261161472841318e-01;
1.916420330021044e-01 -6.510489696181445e-01;
1.669214572584809e-01 -6.348366893281815e-01;

1.274343379662826e-02 3.432380833306519e-01;
-1.136861469534465e-01 8.212940895721535e-03;
-1.188152445965840e-01 -3.093284542696871e-01;
-4.446343814712256e-01 -4.979658213260345e-02;
1.916420330021044e-01 -6.510489696181445e-01;
1.669214572584809e-01 -6.348366893281815e-01;

7.815357427610103e-02 5.365712722096659e-01;
-9.690994951631798e-02 1.339179715131676e-02;
1.359181610745009e-01 -2.856697991067019e-02;
-4.425111912042834e-01 3.589582911472369e-01;
1.916420330021044e-01 -6.510489696181445e-01;
1.669214572584809e-01 -6.348366893281815e-01;

1.103163150362404e-01 -9.764555614907048e-01;
1.070161830934783e+00 -1.554834460222540e+00;
-8.703706697946116e-01 -1.628764159531168e-01;
-1.872448268166366e+00 -2.907774611492382e-01;
1.916420330021044e-01 -6.510489696181445e-01;
1.669214572584809e-01 -6.348366893281815e-01;

2.062144209181835e-01 3.490810802831768e-01;
9.645414814784510e-02 4.235466973360753e-02;
-1.239548499984346e-02 -3.190335206204424e-01;
-4.037940123478921e-01 -3.933661182698820e-02;
1.916420330021044e-01 -6.510489696181445e-01;
1.669214572584809e-01 -6.348366893281815e-01;

-1.365623701622026e-01 5.274224319609176e-01;
-4.420871307059849e-01 -3.351242593671146e-02;
1.281532248459283e-01 -1.080072405516220e-01;
-3.016766949293146e-01 3.816670282704398e-01;
1.916420330021044e-01 -6.510489696181445e-01;
1.669214572584809e-01 -6.348366893281815e-01;

3.715702895411335e-01 -1.099763958458898e-01;
2.604666352863164e-01 -8.415749151709545e-01;
4.670433600136376e-01 -2.689378072401292e-01;
-2.991652760427037e-01 5.679786641432563e-01;
1.916420330021044e-01 -6.510489696181445e-01;
1.669214572584809e-01 -6.348366893281815e-01;

7.862444283381158e-02 2.831427530916912e-01;
-3.321747466186895e-02 -4.786439272881751e-02;
-8.671899232754510e-02 -3.466583328862433e-01;
-4.277692515645297e-01 -5.942978348073457e-02;
1.916420330021044e-01 -6.510489696181445e-01;
1.669214572584809e-01 -6.348366893281815e-01;

6.197571664788251e-01 2.080909873740847e-01;
8.263919006388996e-01 -4.357017457742868e-01;
2.847968118355895e-01 1.535919891152407e-01;
-8.250613418849622e-01 5.334311844597310e-01;
1.916420330021044e-01 -6.510489696181445e-01;
1.669214572584809e-01 -6.348366893281815e-01;

8.030802149447327e-01 -2.146985432258369e-02;
-1.182852947083852e-01 -3.558587085360261e-01;
8.102889861688153e-01 -2.756705757305967e-01;
1.089224795705439e-01 1.682175835958530e-01;
3.625123580096611e-01 -4.325038818608494e-01;
-2.954121372736667e-01 -5.496843374049124e-01;

-8.081776074261979e-01 2.443878190874895e-01;
-1.065931056238101e+00 2.789807389880517e-01;
-1.531230459513236e-01 -3.066199354770349e-01;
-6.582861646869275e-01 4.981434275173797e-02;
3.625123580096611e-01 -4.325038818608494e-01;
-2.954121372736667e-01 -5.496843374049124e-01;

4.370064510584474e-01 3.925796681893226e-01;
-2.313525921614123e-01 1.323835600185740e-02;
5.508259402252689e-01 -7.794287683875903e-02;
-1.177325511390296e-01 3.010703590402899e-01;
3.625123580096611e-01 -4.325038818608494e-01;
-2.954121372736667e-01 -5.496843374049124e-01;

6.952745981177630e-01 -1.378712823554463e-01;
-1.089212077725561e-01 -5.357434973961547e-01;
6.156069274424240e-01 -8.040936290893444e-02;
-2.465592508161282e-01 1.623290383760092e-01;
3.625123580096611e-01 -4.325038818608494e-01;
-2.954121372736667e-01 -5.496843374049124e-01;

7.875295635661458e-02 2.128715947923081e-01;
-3.244664884080189e-01 -4.013824323585601e-03;
4.391114488748485e-02 -1.476650032091389e-01;
-5.281817210339567e-01 -4.735905958898375e-02;
3.625123580096611e-01 -4.325038818608494e-01;
-2.954121372736667e-01 -5.496843374049124e-01;

2.771851998211511e+00 2.084920880217197e+00;
2.323646451082901e+00 -1.656991997034869e-01;
9.039153909492070e-01 2.371320609122134e+00;
-8.410383748963985e-01 1.545755683524547e+00;
3.625123580096611e-01 -4.325038818608494e-01;
-2.954121372736667e-01 -5.496843374049124e-01;

4.642253518306994e-01 -6.561269045542339e-02;
-3.506525574790463e-01 -6.665437908311267e-01;
7.570677402648102e-01 3.158238586740796e-01;
-4.876574577572535e-01 6.482985312026139e-01;
3.625123580096611e-01 -4.325038818608494e-01;
-2.954121372736667e-01 -5.496843374049124e-01;

-8.153015047146767e-01 -8.106556288126344e-01;
-1.376868163888042e+00 -6.118002373645139e-01;
4.250519423924370e-02 -5.353261673451651e-01;
-7.693113882181676e-01 -1.081153634150277e-01;
3.625123580096611e-01 -4.325038818608494e-01;
-2.954121372736667e-01 -5.496843374049124e-01;

2.183854995573417e+00 -3.273973799741817e-01;
5.476672120541610e-01 -1.473148956362387e+00;
2.038148546069366e+00 5.675896362226249e-01;
3.276028999892477e-01 1.132551826672501e+00;
3.625123580096611e-01 -4.325038818608494e-01;
-2.954121372736667e-01 -5.496843374049124e-01;

7.576764081331128e-01 -1.172758543062627e-01;
-1.891872291632148e-01 -4.117682479902094e-01;
7.389911711923658e-01 -6.991181141991314e-02;
-1.783918859769482e-01 1.506541681022885e-01;
3.625123580096611e-01 -4.325038818608494e-01;
-2.954121372736667e-01 -5.496843374049124e-01;

-2.987827124409262e-01 8.727583212643104e-02;
-7.956572649543703e-01 2.015088084483291e-02;
1.713412635881342e-02 -1.515103379399883e-01;
-6.367533656077157e-01 -2.468431915555138e-02;
3.625123580096611e-01 -4.325038818608494e-01;
-2.954121372736667e-01 -5.496843374049124e-01;

1.490672144604897e+00 6.633401690512091e-01;
4.963002175260710e-01 -1.305998098064443e-01;
1.053513511428184e+00 5.809800305232902e-01;
-8.264717418240358e-02 6.295287516060204e-01;
3.625123580096611e-01 -4.325038818608494e-01;
-2.954121372736667e-01 -5.496843374049124e-01;

7.287895809131228e-01 -1.268774444193198e-01;
-1.795003010764752e-01 -5.407842727397576e-01;
6.036223057015477e-01 -2.653803321956815e-02;
-2.409756761903530e-01 1.151513601663068e-01;
3.625123580096611e-01 -4.325038818608494e-01;
-2.954121372736667e-01 -5.496843374049124e-01;

-5.451865490284206e-03 1.654300508913168e-01;
-3.192808792286552e-01 -1.133161700505324e-02;
3.131040628579253e-02 -2.497900543243080e-01;
-5.165951932368045e-01 -3.920253591241396e-02;
3.625123580096611e-01 -4.325038818608494e-01;
-2.954121372736667e-01 -5.496843374049124e-01;

-1.142350693820561e+00 1.348110389609021e+00;
-1.290548187422309e-01 1.109354708713230e+00;
-1.242026555024907e+00 -1.805469841616189e-01;
-1.170021787001254e+00 -9.438393572785046e-02;
3.625123580096611e-01 -4.325038818608494e-01;
-2.954121372736667e-01 -5.496843374049124e-01;

6.107097838792463e-01 -1.211686593098873e-01;
-3.252286443687445e-01 -1.021635377689166e+00;
1.741255334160880e-01 3.202709318549061e-01;
-5.174003340115876e-01 7.427561168006698e-02;
3.625123580096611e-01 -4.325038818608494e-01;
-2.954121372736667e-01 -5.496843374049124e-01;

-1.754077194818986e-01 -4.803999531224165e-01;
-8.981091592770607e-01 -8.877128736768775e-01;
-1.719985623152065e-01 -1.698898322421094e-01;
-6.751685167445663e-01 -2.530945402950870e-01;
3.625123580096611e-01 -4.325038818608494e-01;
-2.954121372736667e-01 -5.496843374049124e-01;

9.265590492625255e-01 4.718926111501009e+00;
1.860342471034552e+00 1.453021543411463e+00;
-1.327341894714331e+00 3.334406121256179e+00;
-1.715446901483022e+00 1.724650258204624e+00;
3.625123580096611e-01 -4.325038818608494e-01;
-2.954121372736667e-01 -5.496843374049124e-01;

8.927485929938376e-01 -1.890728566768563e-02;
-4.890367007634865e-02 -3.878420869178197e-01;
6.825425412582139e-01 -4.084451962662180e-01;
2.325061538012546e-01 -4.165274210836539e-02;
3.625123580096611e-01 -4.325038818608494e-01;
-2.954121372736667e-01 -5.496843374049124e-01;

1.313839068289842e-01 8.823844491908889e-01;
-2.755905321703030e-01 3.838486228848337e-01;
-1.843925341127341e-01 1.830702863166840e-01;
-5.057137606480937e-01 -1.356923079061926e-02;
3.625123580096611e-01 -4.325038818608494e-01;
-2.954121372736667e-01 -5.496843374049124e-01;

1.030416511732051e+00 1.261354646287248e+00;
3.894157156222646e-01 3.726806378229680e-01;
4.961155368791698e-01 7.216914734790684e-01;
-3.016798113117273e-01 5.622513638317633e-01;
3.625123580096611e-01 -4.325038818608494e-01;
-2.954121372736667e-01 -5.496843374049124e-01;

4.163777693908899e-01 -7.111311784185229e-02;
4.012009684712424e-01 -8.017163326509067e-01;
4.689312216446707e-01 -5.044610626381300e-01;
-8.410207709653100e-02 5.127521988204129e-01;
3.625123580096611e-01 -4.325038818608494e-01;
-2.954121372736667e-01 -5.496843374049124e-01;

-2.322362574462522e-01 3.917003187995837e-01;
-3.379935324531931e-01 -3.443187587252532e-02;
-3.058986418917696e-01 -3.009923152386609e-01;
-4.801921798573758e-01 -6.887933575452938e-02;
3.625123580096611e-01 -4.325038818608494e-01;
-2.954121372736667e-01 -5.496843374049124e-01;

2.001908881540402e-01 5.898441811874374e-01;
2.789744252085470e-01 1.200718545395882e-01;
2.980754270216835e-02 3.959807604332895e-02;
-6.635017275679214e-01 3.090927018721663e-01;
3.625123580096611e-01 -4.325038818608494e-01;
-2.954121372736667e-01 -5.496843374049124e-01;

5.897799121773025e-01 9.353241836830481e-02;
9.742454854367884e-02 -7.733395689674215e-01;
5.247525367668993e-01 -4.017987949328675e-01;
2.091159588940253e-01 3.882387705788263e-01;
3.625123580096611e-01 -4.325038818608494e-01;
-2.954121372736667e-01 -5.496843374049124e-01;

-6.862148247887995e-01 3.215226615800671e-01;
-5.925645582042706e-01 -2.251685906013779e-01;
-6.268700316874013e-01 -4.956610932992156e-01;
-4.957894865289881e-01 -1.119605731035851e-01;
3.625123580096611e-01 -4.325038818608494e-01;
-2.954121372736667e-01 -5.496843374049124e-01;

-1.435238042010246e-01 1.453649423625484e+00;
9.750025710791299e-02 2.771812170177984e-01;
-4.167630378572361e-01 6.035780022918467e-01;
-7.804618462381694e-01 6.753416485796436e-01;
3.625123580096611e-01 -4.325038818608494e-01;
-2.954121372736667e-01 -5.496843374049124e-01;

8.458193841773451e-01 3.105177011155476e-01;
3.997572815185267e-02 -1.187479381760605e-01;
1.225320092849900e+00 -8.237841215842295e-01;
9.543761890054863e-01 5.015795335734113e-01;
3.625123580096611e-01 -4.325038818608494e-01;
-2.954121372736667e-01 -5.496843374049124e-01;

-3.497666416868155e-01 8.631065729203180e-01;
-5.836208892696614e-01 5.230933675032043e-01;
-2.828028503492671e-01 -2.348584297592734e-04;
-5.464490829615478e-01 4.341987189100616e-02;
3.625123580096611e-01 -4.325038818608494e-01;
-2.954121372736667e-01 -5.496843374049124e-01;

-1.110574269061201e-01 8.149576759850049e-01;
-4.439603815956784e-01 4.343803190999816e-01;
2.372847227345822e-02 -8.372316809416722e-02;
-2.961563413112573e-01 1.901369057817390e-01;
3.625123580096611e-01 -4.325038818608494e-01;
-2.954121372736667e-01 -5.496843374049124e-01;

4.758091630114299e-01 -9.708985251091141e-02;
2.982298828861212e-01 -7.221733557188345e-01;
5.184847404102170e-01 -4.158980995492724e-01;
-1.342349521608780e-01 4.412103003431417e-01;
3.625123580096611e-01 -4.325038818608494e-01;
-2.954121372736667e-01 -5.496843374049124e-01;

-1.896153244120485e-01 3.348742105115812e-01;
-3.331566686947217e-01 -2.995349983669923e-02;
-2.302740415229579e-01 -3.004119894456486e-01;
-4.872435758619646e-01 -6.121578712592213e-02;
3.625123580096611e-01 -4.325038818608494e-01;
-2.954121372736667e-01 -5.496843374049124e-01;

3.364714277786032e-01 5.183434389912634e-01;
3.227373824792102e-01 2.263694074198387e-02;
1.560114757201436e-01 6.548970123145242e-02;
-6.142153809576182e-01 3.509101216349678e-01;
3.625123580096611e-01 -4.325038818608494e-01;
-2.954121372736667e-01 -5.496843374049124e-01;

5.082553982436879e-01 1.215535647920386e-01;
7.730027876415198e-02 -5.784857370059752e-01;
8.454364816754720e-01 -3.941621278437681e-01;
2.155457646726586e-01 7.044547906161704e-01;
3.625123580096611e-01 -4.325038818608494e-01;
-2.954121372736667e-01 -5.496843374049124e-01;

-5.907514965466115e-01 4.807335351847990e-02;
-7.294271700824799e-01 -4.002854698851047e-01;
-4.692466299734390e-01 -4.308290062626715e-01;
-5.588328718283065e-01 -1.412827238063299e-01;
3.625123580096611e-01 -4.325038818608494e-01;
-2.954121372736667e-01 -5.496843374049124e-01;

-4.675806483708320e-02 3.602144156168800e-01;
-2.721177372143886e-01 -2.899405806086056e-01;
1.943022062866006e-01 -8.364700317961675e-02;
-3.738650696040635e-01 4.849185793301499e-01;
3.625123580096611e-01 -4.325038818608494e-01;
-2.954121372736667e-01 -5.496843374049124e-01;

