52                                               

-1.738547921900345e-01 -8.776859908943077e-01
3.018321640475260e-01 8.125373408071277e-01
-3.992536269902258e-01 -1.408786509174907e+00
1.000000000000000e+00 0.000000000000000e+00
1.296269508037333e-01 7.946510122674484e-02

5.226141829724777e-01 4.795278689866139e-01
7.298049175727450e-01 4.096529013454114e-01
1.051247000160633e+00 7.318193556807914e-01
1.000000000000000e+00 0.000000000000000e+00
-2.161354286960151e-01 1.274479677009128e-01

-1.340757300769477e-02 -1.232088207699737e-01
2.340355225499680e-02 -5.813172447204412e-01
-1.303786489488046e-02 6.636028214623664e-01
1.000000000000000e+00 0.000000000000000e+00
-1.275433360866113e-01 -3.733386613728629e-02

4.509280349125494e-01 3.420011823381559e-01
-4.043957074174977e-01 -2.945095214837986e-01
-7.223262517018613e-01 -5.324021334602430e-01
1.000000000000000e+00 0.000000000000000e+00
-7.830109158162335e-02 3.423006881812756e-01

4.487369115555423e-02 -2.763775381827634e-01
9.567163657744273e-01 4.616869730232570e-02
1.058943680672542e+00 3.577429544214017e-02
1.000000000000000e+00 0.000000000000000e+00
2.376070363371478e-02 3.038357061615646e-02

5.366243135019635e-01 -5.720523810636445e-01
6.302275386784690e-01 -4.227600044009633e-01
9.708032406801371e-01 -8.274148119326711e-01
1.000000000000000e+00 0.000000000000000e+00
-3.940298838819114e-02 -2.414622632078554e-02

1.255463230773547e-01 -7.012277209933266e-01
1.959558446773712e-01 -3.586444271330003e-02
-1.487890544579606e-01 7.574393296448045e-01
1.000000000000000e+00 0.000000000000000e+00
-9.301063024047881e-02 1.227118006751426e-02

3.590631224231519e-01 -3.829114346579026e-01
9.066519741068151e-01 -2.354455623448822e-01
1.102455644093431e+00 -4.492711007251719e-01
1.000000000000000e+00 0.000000000000000e+00
2.278308629340959e-02 4.508609604434140e-03

-9.466654506175778e-02 -1.586603495204224e-01
2.585177321340696e-02 5.854493846318364e-01
6.696857634738448e-02 6.808487020676131e-01
1.000000000000000e+00 0.000000000000000e+00
-1.481193399709120e-01 -7.572361445261885e-02

4.728932413242186e-01 -7.839982428296915e-02
1.266672197566285e-01 6.191391701817407e-03
-5.181529172168553e-01 6.536921794197723e-02
1.000000000000000e+00 0.000000000000000e+00
1.256026745667152e-01 2.657413412785012e-02

-1.964053089872534e-01 9.073797969713605e-01
3.114383267219109e-01 -8.835735622990646e-01
-4.279323279545948e-01 1.493626970395663e+00
1.000000000000000e+00 0.000000000000000e+00
1.470101967682761e-01 -1.781134657604719e-01

-1.046703802164769e+00 1.578626222988772e-02
9.523450439047394e-02 9.398137457527149e-03
-1.221555876567560e+00 1.832138707308700e-02
1.000000000000000e+00 0.000000000000000e+00
1.237156004589634e-01 -3.589758469733324e-02

-2.588310809474770e-01 4.117001232093674e-01
-2.119256487956664e-01 -1.063063512258838e-02
2.261593235155934e-01 -1.304815208789974e-01
1.000000000000000e+00 0.000000000000000e+00
1.305246154745902e-02 -3.141031086970142e-02

-1.052633947767289e+00 1.876489076977822e-02
1.522910273978613e-01 -1.279801366595950e-02
1.247782145774539e+00 -3.249535211107609e-02
1.000000000000000e+00 0.000000000000000e+00
6.342031208499821e-02 -2.324029369259500e-03

-4.037216851978004e-01 -1.513221487912945e-01
-6.963669881203159e-02 -2.638264628374281e-01
3.387701493060085e-01 -3.035974767655047e-04
1.000000000000000e+00 0.000000000000000e+00
2.323236841743748e-02 1.970881063283427e-02

-2.356465372467816e-01 6.560540028530745e-01
-1.796274711339517e-01 6.745786728208804e-01
3.464340681562171e-01 -1.112665423737661e+00
1.000000000000000e+00 0.000000000000000e+00
1.827811601697177e-02 -1.768087846887340e-01

-2.661897570772915e-01 -6.158645175406432e-01
-1.910730957427475e-01 -5.865716818138897e-01
-3.896367084626038e-01 -1.003193998476056e+00
1.000000000000000e+00 0.000000000000000e+00
1.755849195399251e-01 1.779977320189510e-01

6.395718438829853e-02 4.886394855400001e-02
-4.705946720402038e-02 -5.407060194922619e-01
-5.137331214449684e-02 -6.147534462726959e-01
1.000000000000000e+00 0.000000000000000e+00
-9.980774685853032e-02 1.108096750061781e-01

-2.411456786556951e-01 6.604440806062539e-01
-1.695852981114564e-01 6.668833914479980e-01
-3.488221031845522e-01 1.107350449559942e+00
1.000000000000000e+00 0.000000000000000e+00
1.400401995126662e-01 -3.056838069584965e-01

1.636432316438470e-01 -2.074004623636707e-01
-6.109847021242861e-01 8.536338755240142e-02
7.209502606078384e-01 -1.765394210620720e-01
1.000000000000000e+00 0.000000000000000e+00
9.504418669630593e-02 3.798448382107620e-02

1.131707838827758e-01 -2.116968149398729e-01
1.500855284578913e-01 -1.666355563328920e-03
-3.459300045444859e-01 3.430328671814385e-01
1.000000000000000e+00 0.000000000000000e+00
2.847628861876679e-03 -5.489321886037339e-02

7.097865806226050e-02 3.324437173241865e-01
-4.197079974946228e-01 3.012443872154811e-01
1.871029055181993e-01 -2.570449193310625e-01
1.000000000000000e+00 0.000000000000000e+00
1.799630843460076e-02 -3.186505609744961e-02

1.252782645170467e-01 -4.079448752503205e-02
-6.775244329441543e-01 4.345372460241637e-02
-7.926266751785093e-01 5.613976358025746e-02
1.000000000000000e+00 0.000000000000000e+00
2.241439126080023e-01 -1.040745138591377e-02

4.736684192260929e-02 -3.057443121708300e-01
-5.227208848203657e-01 -6.833133969273738e-03
5.172692365801902e-01 -6.656526333412902e-02
1.000000000000000e+00 0.000000000000000e+00
7.635280623760246e-02 3.812338727551497e-02

-5.466773627806092e-01 1.116975708711198e-01
-1.394088352565952e-02 5.089297022452628e-01
3.577435162529420e-01 -1.594568788750112e-01
1.000000000000000e+00 0.000000000000000e+00
2.171131586573390e-02 -4.410812698281329e-02

1.159637841920265e-01 -6.986920714010640e-01
1.963741005566182e-01 1.695996816684724e-01
6.965871535680507e-02 -7.882139475308054e-01
1.000000000000000e+00 0.000000000000000e+00
3.629968491714842e-02 7.714057853352638e-02

4.388829836555458e-01 -3.064739707720568e-02
-2.749657036083280e-02 -1.338977302483940e-01
4.659353859129653e-01 -2.837113496444530e-02
1.000000000000000e+00 0.000000000000000e+00
-1.063500260847753e-01 1.214006119888319e-01

1.675589378409743e-01 -2.977588703135803e-03
1.286948441123711e-01 4.884037075500784e-01
-1.341746604658308e-01 -4.617751627037007e-01
1.000000000000000e+00 0.000000000000000e+00
-5.007191065610499e-02 4.984677282477854e-02

5.718835963082125e-01 -6.140814676115718e-01
6.964528317711717e-01 -1.579429408890906e-02
9.756583360344785e-01 -6.768130404631088e-01
1.000000000000000e+00 0.000000000000000e+00
2.264827209948696e-04 -1.461392617189070e-03

3.546160489889881e-01 -4.169899229332645e-01
-2.934819973940167e-01 3.046325836744498e-01
-5.510677408821221e-01 6.134326847236085e-01
1.000000000000000e+00 0.000000000000000e+00
-2.181220687053437e-02 -3.900856200058421e-01

4.781750067435239e-01 -5.470954890276112e-01
6.449206892629188e-01 -4.328570076153855e-01
-9.379226531971854e-01 8.123516284551278e-01
1.000000000000000e+00 0.000000000000000e+00
1.048653186438815e-02 -2.559001685723519e-01

1.613786969803790e-01 -3.408506425913326e-01
-1.633070217311809e-01 5.471707203427989e-01
2.804042056316527e-01 -7.592805256962982e-01
1.000000000000000e+00 0.000000000000000e+00
-8.761143818782192e-02 2.014453277741134e-02

1.598602465326352e+00 -4.816336046558911e-01
2.819159286427017e-01 1.120926269674612e+00
4.524879811475520e-01 -4.793689817672021e-01
1.000000000000000e+00 0.000000000000000e+00
-4.367593630241641e-04 -9.184753591180108e-04

-7.171478151700115e-01 2.204366092644730e+00
2.994398284374703e+00 9.444565876939759e-01
4.576016668054723e-01 -3.321789274008772e-01
1.000000000000000e+00 0.000000000000000e+00
-3.298568130998240e-04 1.846517047671242e-04

4.248499120560123e-01 3.254702526383987e-01
-4.133644254816032e-01 -3.213142086001700e-01
7.034380792819220e-01 5.440055207229786e-01
1.000000000000000e+00 0.000000000000000e+00
-2.804208815972437e-01 1.247993843811138e-01

5.022101241792419e-01 -4.919536215517917e-01
-3.036716723453186e-01 3.100809775332169e-01
6.885570518171158e-01 -6.883014931823799e-01
1.000000000000000e+00 0.000000000000000e+00
-2.181289320983798e-03 -8.044984258849364e-02

-4.240837591699108e-01 3.983090706842443e-02
-1.912458014084146e-01 -4.202833955286975e-01
3.320463268724351e-01 -7.954684875008214e-02
1.000000000000000e+00 0.000000000000000e+00
1.748619866711101e-02 1.993311740357750e-02

1.390664278059486e+00 -2.908493501747751e+00
-2.085383553058652e+00 -9.563492657747175e-01
5.091000778395189e-01 -2.938015997203278e-01
1.000000000000000e+00 0.000000000000000e+00
1.690296828783828e-04 -2.615502949222930e-04

-6.489321772936664e-02 -2.104801024781709e-01
1.073640782830740e-01 -1.955267678722691e-01
2.244135472484417e-01 3.801399649015383e-01
1.000000000000000e+00 0.000000000000000e+00
-3.650870896576055e-02 1.784582371376415e-02

5.536715924345671e-01 -3.715407093715083e-01
5.286545534819894e-01 -3.604818851459460e-01
9.032893225383105e-01 -6.068895346613891e-01
1.000000000000000e+00 0.000000000000000e+00
-2.238894228401824e-02 2.605252785343286e-02

6.160556399384205e-01 -7.659624205505519e-01
6.944441135990788e-01 -6.541388171282453e-02
9.378238287229553e-01 -5.689981090768645e-01
1.000000000000000e+00 0.000000000000000e+00
-4.514162404139727e-04 5.093347269209239e-04

-1.965365118690786e-01 -8.904282846573510e-01
2.775882225711578e-01 8.139187573123511e-01
3.969966390982417e-01 1.425299008457989e+00
1.000000000000000e+00 0.000000000000000e+00
2.657168554922819e-02 1.865973562258962e-01

1.648137651880761e-01 7.228040047336233e-01
1.901383045312681e-01 -6.139919273377471e-02
1.766352958412569e-01 8.026495045116733e-01
1.000000000000000e+00 0.000000000000000e+00
-7.053010068019430e-02 -1.533031624446971e-01

1.764344650106418e-01 -6.556302326903350e-02
1.035444179406894e+00 -2.925348090808819e-02
-1.214800868928353e+00 4.612520705090603e-02
1.000000000000000e+00 0.000000000000000e+00
1.036817054836922e-01 -1.665229805952035e-02

3.446666619279715e-02 5.697762574203109e-01
6.951296773865724e-01 -2.378343017236950e-01
5.011774085808993e-01 -3.695933026804262e-01
1.000000000000000e+00 0.000000000000000e+00
-2.149040976537832e-02 -3.653195690982919e-02

-9.505396309874276e-01 -4.132946038853370e-01
6.325621848246361e-01 -1.259777092735655e+00
5.390890463429028e-01 -1.433822100688958e-01
1.000000000000000e+00 0.000000000000000e+00
1.850903687776638e-04 -2.087895220128822e-03

2.205886381284885e-01 1.062871756866353e-02
1.588807206018982e-01 6.079225340575512e-02
-4.091952023894283e-01 -2.214480852757558e-01
1.000000000000000e+00 0.000000000000000e+00
3.265561525554605e-02 4.716001132677841e-02

5.305582482416252e-01 4.724980118892694e-01
7.132993409810476e-01 4.151563738423781e-01
-1.047072082476473e+00 -7.327995117288653e-01
1.000000000000000e+00 0.000000000000000e+00
-2.642483497170885e-02 2.368227034231657e-01

-2.809005284013446e-01 -6.099515388036247e-01
-1.819836426373365e-01 -5.901858477924042e-01
3.952484109665907e-01 1.006480234675814e+00
1.000000000000000e+00 0.000000000000000e+00
-2.769949033241971e-02 1.863579685567831e-01

1.769839869427337e-01 7.187594840183841e-01
2.448982298375894e-01 6.469115287014415e-02
-2.241557520814743e-01 -7.996959363729021e-01
1.000000000000000e+00 0.000000000000000e+00
-9.771564593663459e-02 -3.297198987593133e-02

-1.878880028634028e-01 9.165565847173404e-01
3.196396795621887e-01 -8.656300679780509e-01
4.226628899824632e-01 -1.485295880759665e+00
1.000000000000000e+00 0.000000000000000e+00
3.042577440942514e-02 -1.452828287074454e-01

2.588681158217568e-01 2.092100946515146e-01
-3.659448650956377e-02 2.002453741466595e-01
4.906721696395553e-02 -3.040338440114926e-01
1.000000000000000e+00 0.000000000000000e+00
-4.764706737512404e-02 2.252007516523977e-03

