19
-1.011898385020415e-01 9.791254317745177e-01
-3.814630281614496e-01 4.609827827288752e-01
1.818607335650269e-01 1.711759466040962e-01
3.149920304363733e-01 2.964854365519919e-01
-2.165795743419921e-01 5.048126588955432e-02
3.076152009245958e-01 1.020209563565302e+00
4.331591486839839e-01 -1.009625317791081e-01
7.502536532839420e-01 -1.748722347022027e-01
-8.660904615863787e-01 -3.137277943686752e-01

19
-8.507231129155830e-02 1.055232927028744e+00
-3.797430691582614e-01 4.633821382508881e-01
1.904662456614288e-01 1.759362921034235e-01
3.298972146124900e-01 3.047305968184086e-01
-2.256927024072157e-01 1.111838998560240e-01
5.746462284871834e-01 1.010706319237904e+00
4.513854048144318e-01 -2.223677997120482e-01
7.818224549336412e-01 -3.851523270685675e-01
-7.177669068676752e-01 -2.174903623308101e-01

27
-1.672374321776980e-01 7.414227860283208e-01
-2.547685964618714e-01 1.136250951818284e-01
-7.679870417864355e-02 1.238857262978494e-01
-1.330192575928628e-01 2.145763722804470e-01
2.973491260556799e-01 2.893355922681959e-01
-3.197160365202019e-01 -1.555532149502602e+00
-5.946982521113594e-01 -5.786711845363919e-01
-1.030047587829280e+00 -1.002287892493096e+00
-1.665497491033403e+00 8.032592523481462e-01

27
-2.066091846153458e-01 8.478764035806967e-01
-2.647569643631732e-01 6.497813116365350e-02
-1.118353645533166e-01 1.607130599491080e-01
-1.937045334893318e-01 2.783631852717179e-01
3.636876777904758e-01 3.438220271962174e-01
-1.270528636826137e-01 -1.387880446054345e+00
-7.273753555809518e-01 -6.876440543924347e-01
-1.259851072039687e+00 -1.191034439730354e+00
-1.567509210963881e+00 9.341312385269916e-01

19
-9.236033395818702e-02 1.139489552110643e+00
-3.781362000339778e-01 4.655894598818914e-01
1.995807485651794e-01 1.840756867252464e-01
3.456839967275201e-01 3.188284418462586e-01
-2.594888792169087e-01 1.709959636572470e-01
8.260737182358535e-01 1.096749143795734e+00
5.189777584338171e-01 -3.419919273144938e-01
8.988958456055788e-01 -5.923473938871060e-01
-5.614027202610777e-01 -6.552190923517903e-02

19
-7.630495054960047e-02 1.066956621521528e+00
-3.792655972995241e-01 4.635948747346752e-01
1.924476952081325e-01 1.759435448737401e-01
3.333291859000150e-01 3.047431589850925e-01
-2.228162343582238e-01 1.226750429280197e-01
6.189551574138947e-01 9.911504040223020e-01
4.456324687164474e-01 -2.453500858560393e-01
7.718580773192353e-01 -4.249588143440464e-01
-6.827164138958985e-01 -2.152477174260156e-01

27
-2.729037958528567e-01 9.572532668038759e-01
-2.590176988304611e-01 -1.979155709904688e-02
-1.660215716281268e-01 1.978372748939154e-01
-2.875577972123511e-01 3.426642117472321e-01
4.396932718180824e-01 4.365433372617755e-01
1.984341584570821e-01 -1.230512728838135e+00
-8.793865436361648e-01 -8.730866745235513e-01
-1.523142173070223e+00 -1.512230479686142e+00
-1.599376145242895e+00 1.136011487020572e+00

27
-2.035118646163378e-01 8.693299605576211e-01
-2.721820438219852e-01 5.517785859411306e-02
-1.146698498450885e-01 1.709176704347379e-01
-1.986140060279874e-01 2.960380891042790e-01
3.819540350787232e-01 3.471963424244910e-01
-7.404387722334377e-02 -1.391000475919642e+00
-7.639080701574463e-01 -6.943926848489821e-01
-1.323127589824588e+00 -1.202723410562600e+00
-1.544325910191969e+00 9.567184413656523e-01

19
-1.535538937319918e-01 1.036382367259373e+00
-3.826528117962602e-01 4.640772885113459e-01
1.823742078406556e-01 1.812533482254348e-01
3.158813939701419e-01 3.139400081684273e-01
-2.691566837465292e-01 7.711172235416561e-02
4.758978890970827e-01 1.220430013329209e+00
5.383133674930584e-01 -1.542234447083311e-01
9.323861028914738e-01 -2.671228419531190e-01
-8.687685834441388e-01 -1.313767458824883e-01

19
-7.691826936246590e-02 1.066052235783338e+00
-3.792995867773103e-01 4.635779698739901e-01
1.922988052678974e-01 1.759377550714352e-01
3.330713009587919e-01 3.047331307533348e-01
-2.229887888118449e-01 1.218033800845780e-01
6.155822995623067e-01 9.924198717712235e-01
4.459775776236900e-01 -2.436067601691558e-01
7.724558234807239e-01 -4.219392856802242e-01
-6.853387487062418e-01 -2.155023638990007e-01

27
-2.82301653865267625e+00
1.289196135496306e-18 -1.715519434447712e-17
-3.557507675988067e-01 6.712526999485824e-01
1.468446242089020e-01 1.475111342927662e-01
3.559474487185742e-02 5.128900310262763e-01
3.301798139118318e-17 -4.943619657272904e-17
-7.118948974371497e-02 -1.025780062052553e+00
1.233038132010170e-01 1.776703184866177e+00
-1.220186235093967e+00 8.315118413427910e-01

26
-9.267538811001391e-02 1.369898382649495e+00
2.131277022886943e-18 -1.543011991309525e-17
-2.275097835663025e-01 6.741265830103034e-01
1.190494403428796e-01 1.948745800907160e-01
1.578495511340897e-02 5.008972195484758e-01
1.571670033635413e-17 -4.856856298394586e-17
-3.156991022681795e-02 -1.001794439096951e+00
5.468068850323668e-02 1.735158867255885e+00
-8.674189257056198e-01 6.731878183790656e-01

17
2.077925132145979e+00 3.071313282550605e+00
1.899839669964779e+00 1.640907362780646e+00
7.475288287614328e-01 -8.283172045804301e-01
-1.294757911537257e+00 1.434687483116729e+00
7.253145449570239e-01 8.240356412336592e-01
3.636096328726762e+00 -3.343788109430206e+00
-1.450629089914046e+00 -1.648071282467317e+00
2.512563286668530e+00 2.854543195728592e+00
-1.215715718664093e+00 2.081243516178517e+00

17
-3.500281416242297e-01 1.116639126976211e+00
-4.578588678245674e-01 5.201397396606409e-01
-2.740077211238755e-01 -1.714303323430818e-01
4.745952946527163e-01 2.969260455766359e-01
-9.275684732850314e-02 4.710036740820160e-01
-1.928464133742865e+00 -7.196958343149306e-01
1.855136946746563e-01 -9.420073481640586e-01
-3.213191446763249e-01 1.631604588123375e+00
-3.093437841385930e-01 9.272057031788143e-01

29
1.489709240995043e+00 2.433923189587474e-01
-9.572492763902130e-02 3.058412443445920e+00
-1.720081668862442e+00 -1.201347879691430e-01
2.979268843637615e+00 2.080795565190698e-01
3.262469938588913e-01 -2.902964893037099e+00
1.034015013077044e+01 7.611011849777385e-01
-6.524939877177817e-01 5.805929786074199e+00
1.130152738360421e+00 -1.005616537465802e+01
-2.900636547032867e+00 -1.038749369689004e+00

29
2.337156388618553e+00 2.577361900020426e+00
1.919396780014800e+00 1.294615796981997e+00
5.918877310965748e-01 -8.567977131973111e-01
-1.025179622635933e+00 1.484017171066570e+00
8.510515001431118e-01 6.555266451691705e-01
2.872467185288583e+00 -3.816395343065620e+00
-1.702103000286224e+00 -1.311053290338341e+00
2.948128876211164e+00 2.270810910296359e+00
-9.259906227638882e-01 1.743726038764696e+00

6843109040500e-01

24
3.606339853498496e-02 4.640959833122573e-01
9.557376650556695e-18 1.808877944047491e-17
-3.861782922834796e-02 7.597908902444742e-01
1.607971503422956e-01 2.865638126847057e-01
-8.611592257896269e-02 -5.822587196169227e-01
-8.520612968815207e-18 -1.126245228388244e-16
1.722318451579254e-01 1.164517439233845e+00
-2.983143064948624e-01 -2.017003371053023e+00
-6.342533266669905e-01 5.268956141278259e-01

24
1.255520322331842e-01 4.354185738012173e-01
9.286447078563545e-18 2.564610550987353e-17
2.907526609029179e-02 6.412675822170121e-01
1.874889567058988e-01 3.370739066673385e-01
-9.101219056300641e-02 -5.429229150831333e-01
-4.204325351299014e-18 -1.172366489302746e-16
1.820243811260127e-01 1.085845830166266e+00
-3.152754763265355e-01 -1.880740147034780e+00
-5.913302655648131e-01 1.148768999269034e-01

1

9
-6.144182718168263e-01 6.988931495190778e-01
-2.856824086919179e-18 -1.035685825212349e-17
-1.346837863540530e+00 -7.226421729318868e-01
3.370035868017979e-02 5.308265269341839e-01
6.987192330435243e-01 8.907087955167807e-01
1.051318776090368e-16 1.951788894144917e-16
-1.397438466087049e+00 -1.781417591033562e+00
-2.420434423713887e+00 -3.085505777167084e+00
-2.576934260146329e+00 3.935526834468974e-01

9
-3.370751265493962e-01 7.778914925281140e-01
-2.312237991173467e-17 -1.230681304195712e-17
9.093062413162776e-03 5.034714720520485e-01
-4.281919714355778e-01 -3.268515332611100e-01
8.202378247301889e-02 6.012715537371754e-01
-2.644057195908659e-17 -1.021064963732137e-16
-1.640475649460379e-01 -1.202543107474351e+00
-2.841387173444927e-01 -2.082865760437337e+00
-1.465114375012679e+00 -1.253039801759657e-01

34
-1.894972005258748e-01 8.342008702164539e-01
-4.406338401307461e-01 2.580984141029392e-01
2.399490110578285e-01 3.076301543177674e-01
1.017493647918653e-17 1.097213986846719e-17
1.118762854704284e-02 2.684723017957474e-01
-1.401026844454780e+00 -1.277095662769806e-01
4.475051418817214e-02 1.073889207182989e+00
-5.195397859182758e-18 3.400286882418908e-17
7.475513293466721e-02 1.234819922427605e+00

34
3.085698715676656e-01 9.602612125305513e-01
4.662479813537223e-01 4.142826901169826e-01
-3.545761981861661e-01 4.125632733738069e-01
-2.504422427906965e-17 2.123613029568812e-17
1.968980884001094e-01 1.334152490397617e-01
6.266754904398754e-01 -8.927868003884207e-01
7.875923536004388e-01 5.336609961590486e-01
4.937661655858173e-17 4.703142202061237e-17
-5.166731001260019e-01 4.563940369300457e-01

75157202e-01
4.786819500216995e-02 2.910956682329447e-01
-2.145622735484707e-01 6.279708691231843e-02
-3.716327591734431e-01 1.087677450994542e-01
1.521926356070268e-01 4.396342172710028e-01
-1.200438383266634e+00 2.577815400938027e-01
-3.043852712140534e-01 -8.792684345420057e-01
-5.272107548183731e-01 -1.522937602118304e+00
-9.386053876238994e-01 4.702764806936950e-01

31
4.832643565416530e-01 4.052687953578689e-01
4.126190444113842e-01 -3.358587803097598e-01
1.479447148183998e-01 2.144504926463978e-01
2.562477627767566e-01 3.714391489717369e-01
-3.335471654648876e-01 1.552379340494940e-01
-7.399429010969658e-01 -1.307763003987468e+00
6.670943309297752e-01 -3.104758680989879e-01
1.155441274611537e+00 -5.377599780715003e-01
-3.173389220995141e-01 1.443488122422871e-01

4066798848781e-01
-6.966650207201717e-01 -2.459317280025057e-01

