9
1
7
37
52
9.124786585078859e-02 1.476116896565660e+00
2.753265403470483e-01 1.298988952075879e+00
-2.359297251453654e-59 -6.331527301735781e-60
-1.010081758360024e-59 -7.663729702827761e-59
-1.840786744962597e-01 1.771279444897808e-01
1.364107072928857e-01 3.200619268115716e-02
-2.587145553138223e-61 2.060838344737971e-60
-6.680644339131248e-60 -4.196000761985844e-60
-5.162011347145111e-01 5.137722245253729e-01
52
9.124786584985489e-02 1.476116896565657e+00
2.753265403440964e-01 1.298988952076867e+00
6.042112860630865e-13 -1.945382481385378e-13
4.074914238888444e-13 -1.341010505138253e-13
-1.840786744962948e-01 1.771279444897339e-01
1.364107072936390e-01 3.200619268079697e-02
1.220497812088537e-13 1.296544369588540e-13
-2.850186294739868e-14 -2.757814247709032e-14
-5.162011347147745e-01 5.137722245258758e-01
1.355820734921680e+01
0
7.375606333810536e-02
0.000000000000000e+00
10
1
18
0
52
-2.403056211631441e-02 1.048460323246677e+00
-3.882250139134127e-65 3.247854988137976e-65
-5.223335841277349e-65 -6.921819577210616e-65
-5.362454426814955e-01 5.122148805651812e-01
5.122148805651812e-01 5.362454426814955e-01
-1.333883935548153e-64 -3.250733294878439e-64
-1.024429761130362e+00 -1.072490885362991e+00
-2.894925842973118e-01 -1.413973113736214e+00
-1.413973113736214e+00 2.894925842973116e-01
52
-2.403056211624052e-02 1.048460323246562e+00
-1.168260581731197e-14 -4.597550912837480e-15
-5.306250018492311e-14 -3.762400338771768e-14
-5.362454426815009e-01 5.122148805650548e-01
5.122148805649771e-01 5.362454426815343e-01
7.123162642243293e-14 2.865978060881076e-14
-1.024429761130101e+00 -1.072490885363041e+00
-2.894925842970061e-01 -1.413973113736402e+00
-1.413973113736124e+00 2.894925842971144e-01
4.595511298751510e+01
0
2.176036429878164e-02
0.000000000000000e+00
10
1
0
0
52
6.595653979861705e-01 2.044979459968436e+00
1.774484665419029e+00 1.099388374330223e-01
2.406191804550535e-02 1.709585927453469e+00
-1.709216724960958e-63 -1.123419682598986e-63
-1.138981185478364e+00 2.254546950819442e-01
5.755863665411618e-01 4.794969986564782e+00
-4.555924741913455e+00 9.018187803277771e-01
-2.914468995597274e-63 -8.514891058599648e-63
-1.112240594877444e+00 4.864652862082031e-01
52
6.595653979860313e-01 2.044979459968609e+00
1.774484665419090e+00 1.099388374332584e-01
2.406191804524668e-02 1.709585927453547e+00
-1.850467514006320e-15 3.366377836799771e-15
-1.138981185478392e+00 2.254546950817747e-01
5.755863665404184e-01 4.794969986565292e+00
-4.555924741913990e+00 9.018187803270111e-01
4.962384718628779e-15 -1.448970226524341e-14
-1.112240594877518e+00 4.864652862081167e-01
1.071892985655103e+02
0
9.329289522207624e-03
0.000000000000000e+00
10
1
21
0
52
-1.847979421587793e+00 2.534091320336961e-01
-1.711443631929625e+00 -3.730227143976512e-01
1.865113571988256e-01 -8.557218159648124e-01
-3.230471468569930e-01 1.482153662396160e+00
1.309392445374960e-59 -5.169077531886457e-60
-5.433185030766179e+00 -8.725359247767257e+00
4.362679623883629e+00 -2.716592515383090e+00
-7.556382765711925e+00 4.705276260104847e+00
-7.460454287953020e-01 3.422887263859249e+00
52
-1.847979421579772e+00 2.534091319910792e-01
-1.711443631910091e+00 -3.730227144343225e-01
1.865113572170739e-01 -8.557218159550846e-01
-3.230471468884714e-01 1.482153662379430e+00
9.488331943269198e-13 6.325947620222770e-13
-5.433185030608365e+00 -8.725359247919693e+00
4.362679623965535e+00 -2.716592515299447e+00
-7.556382765852706e+00 4.705276259966670e+00
-7.460454288567082e-01 3.422887263870674e+00
1.443703030997084e+02
0
6.926632268059702e-03
0.000000000000000e+00
10
1
1
0
52
-3.614387118053531e-01 1.121085856271133e+00
-4.708023755562217e-01 5.197760755759383e-01
-2.733873498424110e-01 -1.753558928587795e-01
4.735207800736633e-01 3.037253158380106e-01
-9.076976648038369e-02 4.729403577159642e-01
-1.949753938210517e+00 -7.234495350519595e-01
1.815395329607673e-01 -9.458807154319283e-01
-3.144356946703740e-01 1.638313457027699e+00
-3.085197647872768e-01 9.726370963371710e-01
52
-3.614387118053413e-01 1.121085856271113e+00
-4.708023755562431e-01 5.197760755759032e-01
-2.733873498424038e-01 -1.753558928587847e-01
4.735207800736498e-01 3.037253158380204e-01
-9.076976648038169e-02 4.729403577159608e-01
-1.949753938210463e+00 -7.234495350520469e-01
1.815395329607907e-01 -9.458807154319203e-01
-3.144356946704035e-01 1.638313457027678e+00
-3.085197647872993e-01 9.726370963371874e-01
6.406888349527431e+01
0
1.560820082144493e-02
0.000000000000000e+00
10
1
19
0
52
2.815355691083565e-01 7.278646115378486e-01
-1.571330191207393e-65 1.098934151815863e-67
2.749144320533984e-02 -1.161556846267335e-01
1.369240386776009e-01 5.068473536479092e-01
1.171200872254158e-01 3.371729425166730e-01
6.283730291484233e-65 7.924538852848759e-65
4.684803489016629e-01 1.348691770066692e+00
4.903860624346725e-64 1.352820042527420e-64
-1.099657728213593e-01 4.646227385069338e-01
52
2.815355691083644e-01 7.278646115377386e-01
4.547139722734175e-15 -1.200078624523169e-14
2.749144320532123e-02 -1.161556846267485e-01
1.369240386776196e-01 5.068473536479831e-01
1.171200872254175e-01 3.371729425167016e-01
6.161232158882270e-14 2.490461731729144e-15
4.684803489016590e-01 1.348691770066904e+00
-9.446501683401215e-14 -2.507947646799308e-13
-1.099657728213629e-01 4.646227385068890e-01
4.042855447087074e+01
0
2.473499270720926e-02
0.000000000000000e+00
10
1
15
0
52
-2.141393988268311e-01 7.695215418862456e-01
7.392933335071838e-66 7.973916113373080e-66
-3.209164969738495e-01 2.529299280246270e-01
-1.852812259152438e-01 1.460291620311311e-01
2.920583240622621e-01 3.705624518304875e-01
-2.603856397480200e-65 2.687111692474986e-65
2.859397336876107e-01 -5.920425648668494e-01
-5.093924258491199e-01 -1.197593259461191e+00
-1.111520531026983e+00 7.065139599732238e-03
52
-2.141393988268338e-01 7.695215418863007e-01
7.058679371244458e-15 -1.026395788851681e-14
-3.209164969738130e-01 2.529299280246174e-01
-1.852812259152188e-01 1.460291620311414e-01
2.920583240622833e-01 3.705624518304559e-01
9.858604789999923e-15 1.545833659604721e-14
2.859397336875085e-01 -5.920425648668525e-01
-5.093924258491757e-01 -1.197593259461130e+00
-1.111520531027020e+00 7.065139599794642e-03
3.703272881811190e+01
0
2.700314105697017e-02
0.000000000000000e+00
10
1
2
0
52
-1.719210272558831e-01 1.692264310079578e+00
-3.150866703141516e-01 1.929457317425052e+00
1.200920005211074e-58 6.492530127733699e-60
-9.332820789764707e-60 3.199602735278206e-58
1.431656430582685e-01 -2.371930073454743e-01
-8.753690975956446e-02 6.701763541235589e-02
1.495445470610453e-60 4.494413001686559e-60
-1.131028454911537e-59 1.244721596974977e-59
-3.974441465045755e-01 6.687646579740609e-01
52
-1.719210272559083e-01 1.692264310079625e+00
-3.150866703141089e-01 1.929457317425279e+00
-5.081563455934198e-14 1.090478561403467e-14
4.330645985395010e-15 3.817229499799434e-15
1.431656430582793e-01 -2.371930073454797e-01
-8.753690975959766e-02 6.701763541234129e-02
-3.478053883946855e-15 -6.738500575972883e-15
-1.114698193521526e-14 4.890610261189981e-15
-3.974441465045462e-01 6.687646579740617e-01
1.711968780125200e+01
0
5.841228015424836e-02
0.000000000000000e+00
10
1
18
0
52
2.708972505719524e-01 -1.543517116470060e-01
1.890700230032151e-01 -2.235561431602910e-01
-1.117780715801455e-01 -9.453501150160755e-02
1.936052991488827e-01 1.637394430148925e-01
7.495278357701207e-60 1.695921729512945e-59
-2.915422334322425e+00 -5.319841927424692e-01
-2.659920963712346e-01 1.457711167161212e+00
4.607118253267356e-01 -2.524829804283750e+00
4.471122863205818e-01 3.781400460064301e-01
52
2.708972505719507e-01 -1.543517116470038e-01
1.890700230032146e-01 -2.235561431602884e-01
-1.117780715801443e-01 -9.453501150160731e-02
1.936052991488806e-01 1.637394430148920e-01
-3.042507295945272e-17 -7.153390334615860e-17
-2.915422334322425e+00 -5.319841927424654e-01
-2.659920963712327e-01 1.457711167161212e+00
4.607118253267325e-01 -2.524829804283748e+00
4.471122863205818e-01 3.781400460064297e-01
1.191348163816876e+03
0
8.393851859360502e-04
0.000000000000000e+00
10
1
3
0
52
-6.670382517997060e-01 6.152450515593121e-01
7.907397288178572e-64 -8.344148956523897e-64
-1.723349569132223e+00 -9.497523141197992e-01
1.557174803199483e-01 5.727101651068172e-01
9.005938370125695e-01 9.922872005722938e-01
2.903226056070557e-63 3.931326252605186e-63
-1.801187674025138e+00 -1.984574401144588e+00
-3.119748565378349e+00 -3.437383694183004e+00
-2.907277963182933e+00 8.442157971273750e-02
52
-6.670382517997039e-01 6.152450515593075e-01
-1.714678019540548e-16 -1.480875933391842e-16
-1.723349569132218e+00 -9.497523141198082e-01
1.557174803199452e-01 5.727101651068184e-01
9.005938370125638e-01 9.922872005722987e-01
-2.028446479614361e-16 1.395004328607566e-16
-1.801187674025127e+00 -1.984574401144600e+00
-3.119748565378332e+00 -3.437383694183021e+00
-2.907277963182931e+00 8.442157971272486e-02
6.233842532551002e+01
0
1.604147032553904e-02
0.000000000000000e+00
10
1
16
0
52
-4.546101097411987e-01 3.611952919047863e-01
7.258735749593697e-01 1.074503627549838e+00
6.054081800188766e-01 -4.222416158335554e-01
-1.048597727110500e+00 7.313439316936973e-01
-7.372941376089459e-01 -1.022410651505193e+00
-3.630500664269647e+00 2.536774004968703e+00
1.474588275217892e+00 2.044821303010387e+00
-2.554061812922746e+00 -3.541734389213184e+00
1.030349322384380e+00 -8.840067707731227e-01
52
-4.546101097411279e-01 3.611952919052105e-01
7.258735749597514e-01 1.074503627549974e+00
6.054081800189455e-01 -4.222416158337534e-01
-1.048597727110610e+00 7.313439316940258e-01
-7.372941376093266e-01 -1.022410651505405e+00
-3.630500664268838e+00 2.536774004969441e+00
1.474588275218230e+00 2.044821303009988e+00
-2.554061812923435e+00 -3.541734389212522e+00
1.030349322384134e+00 -8.840067707734042e-01
5.556463900203796e+01
0
1.799705744445353e-02
0.000000000000000e+00
10
1
19
0
52
-9.303681774997050e-02 6.876299385423785e-01
-3.903333781461745e-01 2.972965603962040e-01
2.972965603962040e-01 3.903333781461745e-01
1.872703674098400e-65 -1.671228878519210e-64
6.570334853190902e-64 1.547412067481883e-63
-1.810022733248150e+00 3.172993152453085e-01
3.172993152453085e-01 1.810022733248150e+00
-9.605792853460435e-64 -2.105604939518791e-63
5.945931207924080e-01 7.806667562923491e-01
52
-9.303681774998407e-02 6.876299385423368e-01
-3.903333781461729e-01 2.972965603961664e-01
2.972965603961754e-01 3.903333781461752e-01
8.806124980122472e-17 -1.018765018496396e-15
-6.626265882565249e-15 -1.769142719476439e-14
-1.810022733248184e+00 3.172993152454762e-01
3.172993152454764e-01 1.810022733248245e+00
1.454146672830286e-14 -5.550738195450636e-15
5.945931207924914e-01 7.806667562922480e-01
1.225551772012901e+02
0
8.159590013545938e-03
0.000000000000000e+00
10
1
4
0
52
2.543170557688171e-01 7.467138636549430e-01
-1.133129303410699e-64 -1.546533620805608e-64
3.306088917824607e-01 2.313751139804023e-01
1.908771326670875e-01 1.335844843403655e-01
-2.671689686807311e-01 3.817542653341750e-01
-9.652567723832616e-64 3.620852260070863e-64
4.988147930458534e-02 6.975699735023451e-01
6.457993894518185e-01 -4.788814994397161e-01
-3.646725682504103e-01 3.660983229820277e-01
52
2.543170557689256e-01 7.467138636545404e-01
-6.999910150363029e-15 -1.296973619799804e-13
3.306088917824072e-01 2.313751139805153e-01
1.908771326671047e-01 1.335844843404720e-01
-2.671689686810874e-01 3.817542653340301e-01
1.918213626830850e-13 -1.554824208279380e-13
4.988147930478095e-02 6.975699735021584e-01
6.457993894520607e-01 -4.788814994407330e-01
-3.646725682505487e-01 3.660983229816044e-01
1.862088022601727e+01
0
5.370315408628162e-02
0.000000000000000e+00
10
1
5
0
52
-8.596295595901102e-02 9.724590081709231e-01
-4.934941132733552e-01 2.983335128214446e-01
1.491667564107224e-01 2.467470566366775e-01
2.583644009036218e-01 4.273784387128009e-01
2.187783526093528e-61 -1.581991239742458e-61
9.330984795208798e-01 1.948635566612619e+00
9.743177833063096e-01 -4.665492397604399e-01
1.687567903404411e+00 -8.080869874977155e-01
-5.966670256428894e-01 -9.869882265467101e-01
52
-8.596295595869402e-02 9.724590081707389e-01
-4.934941132733043e-01 2.983335128209951e-01
1.491667564105441e-01 2.467470566367581e-01
2.583644009033323e-01 4.273784387129383e-01
6.635356960665656e-13 5.563079605645363e-14
9.330984795201972e-01 1.948635566618635e+00
9.743177833096042e-01 -4.665492397597042e-01
1.687567903410341e+00 -8.080869874966541e-01
-5.966670256400141e-01 -9.869882265501189e-01
8.745628186336839e+01
0
1.143428440694843e-02
0.000000000000000e+00
10
1
6
0
52
6.005474299847111e-03 8.474497396945320e-01
-2.145038662504851e-01 3.045137099019277e-01
-3.601948532124933e-63 -9.695018492406727e-64
-7.121610686536945e-63 3.097094034999040e-63
2.205093405503323e-01 5.429360297926044e-01
-9.721575785809180e-01 -1.440310583711987e+00
-4.967922420542487e-63 -1.631191893102552e-62
-2.334537180468084e-62 -2.622680042151805e-62
-4.359599247243908e-01 1.014838973148624e+00
52
6.005474299722495e-03 8.474497396946864e-01
-2.145038662499461e-01 3.045137099020523e-01
-3.312947793240058e-14 -7.114719096775540e-15
1.649138777875706e-13 2.206033673590914e-13
2.205093405506814e-01 5.429360297927460e-01
-9.721575785817406e-01 -1.440310583712290e+00
-6.693829656231603e-14 -6.387870561207342e-14
-3.617809570364729e-13 7.359431224701119e-13
-4.359599247242587e-01 1.014838973148887e+00
4.202020469833471e+01
0
2.379807540632068e-02
0.000000000000000e+00
10
1
18
0
52
-3.547231199585719e-01 1.024146657340313e+00
6.711816149776127e-02 1.115998985697596e-01
-4.442575354382173e-62 4.217201670207721e-62
-2.003401507792763e-62 -2.062482957361672e-62
-4.218412814563332e-01 9.125467587705534e-01
-1.217060539847350e+00 2.579476392179057e+00
7.769989945801832e-64 -3.195526686931525e-61
-1.182598061059974e-61 -2.123851274077799e-61
-1.879281456254236e-01 -3.180991187947935e-01
52
-3.547231199559837e-01 1.024146657340457e+00
6.711816150023794e-02 1.115998985696603e-01
-2.661185429398749e-14 -1.325097474484608e-12
1.573719645955029e-12 -1.176261550572917e-13
-4.218412814574162e-01 9.125467587674058e-01
-1.217060539850452e+00 2.579476392170013e+00
1.778174064761776e-12 -1.280322896288860e-12
2.331867577491072e-12 2.963593129271593e-12
-1.879281456237757e-01 -3.180991187922373e-01
2.515985221733206e+01
0
3.974586143678230e-02
0.000000000000000e+00
10
1
18
0
52
-6.463592192729289e-01 6.555701699732737e-01
-1.740131052583954e-64 -3.268916519597932e-65
-1.138326247479500e-01 4.631858277440918e-01
-2.113804910151487e+00 4.293193447527853e-01
1.581278315626507e+00 -2.369350025236031e-01
1.584331530409296e-64 -7.703805547948393e-65
6.325113262506029e+00 -9.477400100944127e-01
-2.740722921448961e-64 3.206360042926061e-64
4.553304989918001e-01 -1.852743310976367e+00
52
-6.463592192728322e-01 6.555701699723679e-01
-6.326113737517929e-15 4.118176270370350e-14
-1.138326247483611e-01 4.631858277442381e-01
-2.113804910152278e+00 4.293193447511488e-01
1.581278315627175e+00 -2.369350025224025e-01
1.811162517987883e-13 6.533080957977945e-14
6.325113262508150e+00 -9.477400100894291e-01
-2.221384218807330e-13 -6.453693616709070e-13
4.553304989937930e-01 -1.852743310976156e+00
2.224268712693132e+01
0
4.495859669712324e-02
0.000000000000000e+00
10
1
15
0
52
2.310799999504338e+00 2.624701414480432e+00
1.916711337423716e+00 1.328240938446291e+00
6.069922497111704e-01 -8.536382155241393e-01
-1.051341416300283e+00 1.478544760570241e+00
8.384378286697347e-01 6.715539309880392e-01
2.944751777350492e+00 -3.769228209922689e+00
-1.676875657339469e+00 -1.343107861976077e+00
2.904433836487419e+00 2.326331056987774e+00
-9.544355352720123e-01 1.776376422376250e+00
52
2.310799999498079e+00 2.624701414486579e+00
1.916711337420483e+00 1.328240938451058e+00
6.069922497133269e-01 -8.536382155225304e-01
-1.051341416304036e+00 1.478544760567456e+00
8.384378286687880e-01 6.715539309903191e-01
2.944751777360449e+00 -3.769228209909329e+00
-1.676875657333050e+00 -1.343107861980489e+00
2.904433836476331e+00 2.326331056995598e+00
-9.544355352759450e-01 1.776376422373391e+00
4.999229717239336e+01
0
2.000308160578422e-02
0.000000000000000e+00
10
1
19
0
52
-4.174965244667516e-01 4.721809617552323e-01
-4.606831410159004e-01 -3.110202007785297e-01
-3.471522975371403e-01 4.928237733326437e-01
-3.662432135118901e-64 -8.726910904853974e-65
3.903389140862890e-01 2.903773892011182e-01
-1.042219849150295e+00 1.460656621225899e+00
1.561355656345156e+00 1.161509556804473e+00
-1.010778032755722e-63 3.825498722850313e-63
2.754158628082993e-01 -2.497280107451465e-01
52
-4.174965244667627e-01 4.721809617552275e-01
-4.606831410158992e-01 -3.110202007785325e-01
-3.471522975371438e-01 4.928237733326420e-01
9.598363439190043e-16 3.426447440118865e-16
3.903389140862844e-01 2.903773892011232e-01
-1.042219849150285e+00 1.460656621225942e+00
1.561355656345204e+00 1.161509556804466e+00
-5.826795550165015e-16 -2.905261079316489e-15
2.754158628083029e-01 -2.497280107451806e-01
4.387732412895544e+01
0
2.279081552605625e-02
0.000000000000000e+00
10
1
21
0
52
-7.737127729366738e-02 1.059507062805887e+00
-3.794249292196923e-01 4.633840158576771e-01
1.915501088067807e-01 1.754589631878513e-01
3.317745206486908e-01 3.039038388847157e-01
-2.212709775294467e-01 1.167602448756433e-01
5.941437844084412e-01 9.888927362092458e-01
4.425419550588935e-01 -2.335204897512866e-01
7.665051506428661e-01 -4.044693528575958e-01
-6.980550611769691e-01 -2.247497368873902e-01
52
-7.737127729371036e-02 1.059507062805941e+00
-3.794249292196902e-01 4.633840158578750e-01
1.915501088068427e-01 1.754589631878137e-01
3.317745206488048e-01 3.039038388846442e-01
-2.212709775296858e-01 1.167602448756796e-01
5.941437844086417e-01 9.888927362084199e-01
4.425419550584265e-01 -2.335204897513673e-01
7.665051506420550e-01 -4.044693528577352e-01
-6.980550611773810e-01 -2.247497368869143e-01
2.662238557939269e+01
0
3.756237385330560e-02
0.000000000000000e+00
10
1
17
0
52
2.933336180870318e-02 2.013294010499458e-01
1.153313814293245e-01 8.599801962062131e-02
-8.599801962062131e-02 1.153313814293245e-01
-3.744468604274506e-59 8.342568774410693e-61
-4.247168586803538e-58 -3.286520050535992e-59
-4.771989453745871e-01 -3.606749954462570e+00
3.606749954462570e+00 -4.771989453745871e-01
7.754172704978938e-59 1.340929204027882e-57
-1.719960392412426e-01 2.306627628586489e-01
52
2.933336180146579e-02 2.013294010488755e-01
1.153313814251651e-01 8.599801962367609e-02
-8.599801962367350e-02 1.153313814251609e-01
-1.523488585325201e-15 -1.086932839300308e-15
-1.922424274833193e-14 -1.189315907490549e-14
-4.771989454020252e-01 -3.606749954468724e+00
3.606749954468922e+00 -4.771989454020866e-01
4.342540621704852e-13 4.851265859804369e-13
-1.719960392410830e-01 2.306627628550019e-01
6.569402818583850e+03
0
1.522208376644451e-04
0.000000000000000e+00
10
1
7
0
52
-3.409116984969072e-01 7.836594832272621e-01
1.013354460087126e-64 -1.161747174027022e-64
-1.911690545897999e-03 4.958480177442004e-01
-4.227119812797861e-01 -3.098460539611409e-01
8.371197332877717e-02 5.976575194442024e-01
4.909141153799935e-66 3.665678364657432e-64
-1.674239466575547e-01 -1.195315038888405e+00
-2.899867820145862e-01 -2.070346378405886e+00
-1.468140638181184e+00 -8.164218048244808e-02
52
-3.409116984969109e-01 7.836594832272301e-01
-3.414656455145013e-15 1.170184472131170e-15
-1.911690545910902e-03 4.958480177442030e-01
-4.227119812797812e-01 -3.098460539611693e-01
8.371197332874840e-02 5.976575194442126e-01
-2.730418029812281e-15 -9.023872892627234e-15
-1.674239466574503e-01 -1.195315038888405e+00
-2.899867820145471e-01 -2.070346378405910e+00
-1.468140638181157e+00 -8.164218048249283e-02
2.960327664691528e+01
0
3.378004441627248e-02
0.000000000000000e+00
10
1
16
0
52
-7.109131598586436e-02 9.240926520092506e-01
7.004534712833810e-66 -1.425384079707891e-65
-2.459147248071514e-65 -4.831709592376804e-65
4.265006680116930e-01 4.975919839975574e-01
-4.975919839975574e-01 4.265006680116930e-01
-2.168746278890776e-65 -3.272539574051217e-65
9.951839679951150e-01 -8.530013360233860e-01
6.980168024034159e-03 7.475804307001498e-01
-7.475804307001495e-01 6.980168024034078e-03
52
-7.109131598585718e-02 9.240926520092457e-01
-2.362731208071483e-16 1.331255004972758e-15
2.729529117740004e-15 3.974059134789923e-15
4.265006680116818e-01 4.975919839975589e-01
-4.975919839975544e-01 4.265006680116774e-01
-8.767303706747529e-15 3.044060391497175e-15
9.951839679951275e-01 -8.530013360233628e-01
6.980168024047663e-03 7.475804307001368e-01
-7.475804307001307e-01 6.980168024029836e-03
4.303140388143274e+01
0
2.323884209670142e-02
0.000000000000000e+00
10
1
8
0
52
4.743832444017442e-01 4.040164061938291e-01
4.068366562450639e-01 -3.376625401942769e-01
1.487420714081330e-01 2.137749878275262e-01
2.576288249019244e-01 3.702691403046937e-01
-3.388243081533771e-01 1.576348182558860e-01
-7.543351006917816e-01 -1.316519388584721e+00
6.776486163067545e-01 -3.152696365117723e-01
1.173721833122046e+00 -5.460630285221612e-01
-3.161334523496839e-01 1.804787413662305e-01
52
4.743832444024280e-01 4.040164061934333e-01
4.068366562451690e-01 -3.376625401941168e-01
1.487420714081307e-01 2.137749878276002e-01
2.576288249019003e-01 3.702691403047933e-01
-3.388243081530840e-01 1.576348182559898e-01
-7.543351006910403e-01 -1.316519388587304e+00
6.776486163080383e-01 -3.152696365115988e-01
1.173721833124123e+00 -5.460630285217618e-01
-3.161334523491498e-01 1.804787413663257e-01
1.058054154466216e+02
0
9.451312069224810e-03
0.000000000000000e+00
10
1
17
0
52
1.170919002332394e-01 4.368875534998006e-01
-3.287078833911370e-63 -4.664185250556607e-64
2.258008422075259e-02 6.527606556265924e-01
1.850303831213164e-01 3.322675393542205e-01
-9.051856710882958e-02 -5.481406414810122e-01
-1.888939814012904e-62 -8.113412938418100e-63
1.810371342176591e-01 1.096281282962024e+00
-3.135655145216517e-01 -1.898814881477019e+00
-5.958038805786043e-01 1.545127915183819e-01
52
1.170919002307319e-01 4.368875535020675e-01
1.102116070247736e-13 3.243667039232371e-13
2.258008422244942e-02 6.527606556235741e-01
1.850303831221423e-01 3.322675393533802e-01
-9.051856711065305e-02 -5.481406414792090e-01
-6.227178435059670e-13 5.618271378891417e-13
1.810371342232534e-01 1.096281282955481e+00
-3.135655145261118e-01 -1.898814881470659e+00
-5.958038805800663e-01 1.545127915176173e-01
2.607640490473572e+01
0
3.834884462230415e-02
0.000000000000000e+00
10
1
20
0
52
-3.794451815047430e-01 1.805165030194862e+00
-6.769554697503687e-01 2.358847654469562e+00
1.088963233851299e-01 -2.026619061185748e-01
1.886139648604959e-01 -3.510207181561255e-01
-1.185061950569288e-23 1.815512468420146e-23
5.642578619516995e-23 -1.142169200360678e-22
2.932901271031459e-24 8.097932735690153e-24
-2.109874232046123e-23 -1.352670083031348e-24
-4.355852935405198e-01 8.106476244742992e-01
52
-3.794451815046610e-01 1.805165030195199e+00
-6.769554697485388e-01 2.358847654469300e+00
1.088963233847676e-01 -2.026619061184042e-01
1.886139648600735e-01 -3.510207181557914e-01
1.722126542018240e-12 7.434265845747650e-14
-9.124319085084521e-13 4.119665677287914e-13
5.982292956292526e-15 -5.258881967708495e-14
1.192648717157076e-13 2.030983713288024e-14
-4.355852935403136e-01 8.106476244739980e-01
1.734585290270369e+23
1
6.292668837146704e-01
6.325870086784049e-12
15
2
9
1
52
-9.262810142460577e-02 1.361901227692734e+00
8.024182501539360e-65 6.129206557610577e-65
-2.316764373272085e-01 6.648212528710330e-01
1.234978975149338e-01 1.952922102113363e-01
1.555043838766887e-02 5.017877646103643e-01
-2.198527920972873e-64 6.530994868478876e-65
-3.110087677533775e-02 -1.003575529220729e+00
5.386829873482385e-02 1.738243805843126e+00
-8.911621409020164e-01 6.531304449251542e-01
52
-9.262810142458242e-02 1.361901227692849e+00
-1.682974276238331e-15 9.112914997769395e-15
-2.316764373270527e-01 6.648212528711379e-01
1.234978975149573e-01 1.952922102113961e-01
1.555043838768775e-02 5.017877646104034e-01
3.625605404825167e-14 1.239079987914291e-14
-3.110087677567244e-02 -1.003575529220771e+00
5.386829873498823e-02 1.738243805843387e+00
-8.911621409020569e-01 6.531304449253013e-01
5.095745082861953e+01
0
1.962421557081431e-02
0.000000000000000e+00
10
1
20
0
52
-1.996860030258595e-01 8.589086684809777e-01
-2.711083589241398e-01 6.147795250732608e-02
-1.109115262929418e-01 1.669701822827952e-01
-1.921043986843865e-01 2.892008390628382e-01
3.744382808756085e-01 3.412596946280188e-01
-9.864085441324243e-02 -1.401724423926920e+00
-7.488765617512171e-01 -6.825193892560375e-01
-1.297092253550600e+00 -1.182158259342337e+00
-1.549237728427165e+00 9.403434343253425e-01
52
-1.996860030258593e-01 8.589086684809774e-01
-2.711083589241394e-01 6.147795250732627e-02
-1.109115262929418e-01 1.669701822827953e-01
-1.921043986843868e-01 2.892008390628383e-01
3.744382808756094e-01 3.412596946280185e-01
-9.864085441323348e-02 -1.401724423926911e+00
-7.488765617512116e-01 -6.825193892560406e-01
-1.297092253550590e+00 -1.182158259342345e+00
-1.549237728427166e+00 9.403434343253333e-01
1.207653958854567e+02
0
8.280517715095121e-03
0.000000000000000e+00
10
1
17
0
52
1.090698605352681e-01 1.570358512543126e+00
1.831692127537639e-01 1.470719428196469e+00
1.012215975344363e-01 -1.361095204273543e-01
-1.753209497529321e-01 2.357486047740115e-01
1.538592487119477e-23 -1.264243382764286e-23
-7.212361139451363e-23 -1.348359323474806e-22
-1.137396795692720e-24 6.032864684239099e-24
-1.185532742339500e-23 -2.928313941208785e-23
-4.048863901377448e-01 5.444380817094169e-01
52
1.090698605355735e-01 1.570358512544035e+00
1.831692127560335e-01 1.470719428198262e+00
1.012215975343990e-01 -1.361095204276373e-01
-1.753209497528873e-01 2.357486047742424e-01
1.603524671623341e-13 -7.671430488364067e-13
-9.926788831666010e-13 3.493468892507173e-13
5.329300269174070e-14 2.994482275898234e-14
-1.371038941386932e-13 -7.749515546752386e-15
-4.048863901371453e-01 5.444380817092147e-01
1.112678479522728e+23
1
7.061857287154546e-01
2.560051077416615e-12
15
2
10
1
52
1.554974339703021e+00 1.865055383724716e-01
6.455893518186602e-02 2.962092986327026e+00
-1.666042084255910e+00 -5.719175476988468e-02
2.885669537479185e+00 9.905902503546006e-02
2.707879512978806e-01 -2.817454718220130e+00
1.005312725555749e+01 3.994247487492023e-01
-5.415759025957613e-01 5.634909436440260e+00
9.380369794508320e-01 -9.759949439963840e+00
-2.828732538511719e+00 -1.277086601825574e+00
52
1.554974339778524e+00 1.865055383195857e-01
6.455893529051722e-02 2.962092986444968e+00
-1.666042084321936e+00 -5.719175471169587e-02
2.885669537596203e+00 9.905902493786957e-02
2.707879511825133e-01 -2.817454718331935e+00
1.005312725603047e+01 3.994247487230070e-01
-5.415759025817917e-01 5.634909436686752e+00
9.380369794125091e-01 -9.759949440429200e+00
-2.828732538630973e+00 -1.277086601908069e+00
4.987089264393288e+01
0
2.005177663732186e-02
0.000000000000000e+00
10
1
19
0
52
3.046267197291471e-01 9.750528174966560e-01
4.766253098146653e-01 4.216719296620159e-01
-3.610670265813599e-01 4.182555757109544e-01
3.341017298129845e-65 -1.167051621553854e-65
1.890684364958417e-01 1.351253121236856e-01
6.330458062235188e-01 -8.633883012213496e-01
7.562737459833668e-01 5.405012484947426e-01
-2.981519638525544e-64 -2.058612114355146e-64
-5.248667158046194e-01 4.989691461267758e-01
52
3.046267197291481e-01 9.750528174966591e-01
4.766253098146657e-01 4.216719296620169e-01
-3.610670265813615e-01 4.182555757109535e-01
-7.133973961263767e-17 1.164217780684246e-16
1.890684364958419e-01 1.351253121236862e-01
6.330458062235221e-01 -8.633883012213389e-01
7.562737459833562e-01 5.405012484947440e-01
3.106365437713168e-16 1.312582265449568e-16
-5.248667158046210e-01 4.989691461267762e-01
4.385786722111212e+01
0
2.280092634141188e-02
0.000000000000000e+00
10
1
21
0
52
-2.508132948134517e-01 8.806073970811774e-01
1.644432784961913e-01 2.750593859443622e-01
-1.941672547418222e-01 7.771520345210285e-02
-3.363075503790051e-01 1.346066808995944e-01
1.152182318111843e-01 3.932261267851181e-01
-1.134445144233854e+00 5.384371535282559e-01
-2.304364636223686e-01 -7.864522535702360e-01
-3.991276629104397e-01 -1.362175260910691e+00
-8.002603380859175e-01 -8.668302586046932e-03
52
-2.508132948133110e-01 8.806073970813411e-01
1.644432784962380e-01 2.750593859443291e-01
-1.941672547418407e-01 7.771520345210554e-02
-3.363075503790274e-01 1.346066808995990e-01
1.152182318111803e-01 3.932261267852624e-01
-1.134445144233042e+00 5.384371535284064e-01
-2.304364636223891e-01 -7.864522535699690e-01
-3.991276629104423e-01 -1.362175260910194e+00
-8.002603380860012e-01 -8.668302585965942e-03
1.410733146563057e+02
0
7.088512823536342e-03
0.000000000000000e+00
10
1
17
0
52
-2.408543696001982e-01 1.279550981636621e+00
1.366055274777412e-64 -2.928514892044512e-65
9.098756560517127e-01 5.416236070862173e-01
-5.253169549505436e-01 -3.127065353506836e-01
-6.254130707013673e-01 1.050633909901087e+00
3.274572057527158e-65 -2.087061252566836e-65
4.680655128559622e-01 1.315333967973995e+00
-1.714567368742350e+00 1.666926662320523e+00
-3.056492995658049e-01 1.262640309139830e+00
52
-2.408543696001963e-01 1.279550981636624e+00
-1.751145129180152e-16 1.904203758269901e-16
9.098756560517156e-01 5.416236070862113e-01
-5.253169549505462e-01 -3.127065353506799e-01
-6.254130707013604e-01 1.050633909901091e+00
-5.241444487980461e-16 1.245575855819495e-16
4.680655128559671e-01 1.315333967973992e+00
-1.714567368742337e+00 1.666926662320533e+00
-3.056492995658001e-01 1.262640309139828e+00
4.763459644344226e+01
0
2.099314520670548e-02
0.000000000000000e+00
10
1
11
0
52
1.016909538528102e-01 1.400730337071833e+00
3.560363467833959e-01 1.148935670369624e+00
-2.543453929305858e-01 2.517946667022089e-01
1.888736315779591e-23 -1.603314552994815e-23
-2.491195545906893e-24 -6.739709144401053e-24
-2.129416759516007e-22 -5.960050808579597e-24
-3.365811594027506e-23 -7.111671012970913e-23
-1.867777118489840e-23 2.245154328069765e-23
-5.086907858611714e-01 5.035893334044178e-01
52
1.016909538544798e-01 1.400730337071167e+00
3.560363467872814e-01 1.148935670365311e+00
-2.543453929306681e-01 2.517946667013451e-01
-2.614828931761620e-13 -9.107938960384677e-14
-8.971867546042735e-13 2.291190942961734e-12
1.021453660970094e-12 1.644429646943501e-12
-3.734752299157063e-13 1.371747732898065e-13
1.350964148522401e-13 8.817034701186377e-14
-5.086907858616738e-01 5.035893334032877e-01
7.583696824813613e+23
1
5.359047200804449e-01
7.278070436527039e-12
15
2
12
1
52
-5.090168260568117e-02 8.405415062816269e-01
-3.535216856438111e-01 3.266019215027413e-01
3.114522388659409e-01 2.520954342588119e-01
7.702230197570376e-63 -7.575995175285021e-63
-8.832235827810836e-03 2.618441505200739e-01
-1.238846176984291e+00 -2.231526025555997e-01
-3.532894331124325e-02 1.047376602080296e+00
2.861226941244457e-62 -2.592365139576159e-62
6.245637094064457e-02 8.984248448343188e-01
52
-5.090168260568360e-02 8.405415062816299e-01
-3.535216856438050e-01 3.266019215027471e-01
3.114522388659485e-01 2.520954342588083e-01
1.014866391225382e-15 -7.081876308714410e-17
-8.832235827812946e-03 2.618441505200764e-01
-1.238846176984290e+00 -2.231526025555819e-01
-3.532894331122863e-02 1.047376602080303e+00
3.541431416596767e-15 2.247704440094731e-15
6.245637094065148e-02 8.984248448343096e-01
1.832315121744249e+02
0
5.457576527819421e-03
0.000000000000000e+00
10
1
21
0
52
3.058096580156155e-01 1.041978542911508e+00
-9.502388897172489e-65 -1.258589005614361e-64
-7.102823236235142e-01 5.248203068694006e-01
4.100816907446688e-01 -3.030051454472305e-01
6.060102908944610e-01 8.201633814893378e-01
-5.795816018331613e-64 2.775318825312492e-64
-9.033812994168622e-02 7.611497967138309e-01
1.451677561958322e+00 1.454636156303012e+00
-6.814301811196730e-02 8.040738964390407e-01
52
3.058096580157844e-01 1.041978542911398e+00
-1.853945302081917e-14 -1.664641954437853e-14
-7.102823236238973e-01 5.248203068695095e-01
4.100816907448412e-01 -3.030051454474070e-01
6.060102908946953e-01 8.201633814896899e-01
3.912692952779498e-14 3.135837612547376e-14
-9.033812994200927e-02 7.611497967145539e-01
1.451677561958902e+00 1.454636156303409e+00
-6.814301811166096e-02 8.040738964392582e-01
5.890159964363845e+01
0
1.697746760784286e-02
0.000000000000000e+00
10
1
13
0
52
1.409429478411541e-01 2.806671772539771e-02
6.255450388477389e-02 -5.738432370233581e-02
2.869216185116790e-02 3.127725194238695e-02
4.969628210521228e-02 5.417378948534655e-02
3.436439829841109e-58 -6.213439839017599e-59
-2.442725454100284e+00 -1.967499526960377e+00
9.837497634801883e-01 -1.221362727050142e+00
1.703904572281552e+00 -2.115462297721725e+00
-1.147686474046716e-01 -1.251090077695480e-01
52
1.409429478411521e-01 2.806671772539689e-02
6.255450388477278e-02 -5.738432370233510e-02
2.869216185116754e-02 3.127725194238639e-02
4.969628210521165e-02 5.417378948534558e-02
1.063266269333033e-16 -2.454965158836073e-17
-2.442725454100291e+00 -1.967499526960374e+00
9.837497634801874e-01 -1.221362727050145e+00
1.703904572281551e+00 -2.115462297721730e+00
-1.147686474046716e-01 -1.251090077695492e-01
4.203357157972414e+04
0
2.379050750192194e-05
0.000000000000000e+00
10
1
14
0
-1

2
7 0

9
7484480026436948750976594205234188560573521922238356767014107157702199145707405352445027579699102646921400203667983788440873839818163543555899500967436802674104982988824336820839862673492324809793758928451354218093550138498856766832776816102287020241448068907465525038394554842431440595516635589518802152664213/10000000000000000000000000000000000000000000000000000000000000000000000000000000000000000000000000000000000000000000000000000000000000000000000000000000000000000000000000000000000000000000000000000000000000000000000000000000000000000000000000000000000000000000000000000000000000000000000000000000000000000000000 902185526795871174576564296717158555158467135807339833149757671258692085075014986288775026284682053484015723282454528150921880894033997314518115128795971236825215996949641163996150967357385034797049257805263518665664077250908931098155287275066103606932646129761596874962712524132101662134718763869682731371881/200000000000000000000000000000000000000000000000000000000000000000000000000000000000000000000000000000000000000000000000000000000000000000000000000000000000000000000000000000000000000000000000000000000000000000000000000000000000000000000000000000000000000000000000000000000000000000000000000000000000000000000000000000000000000000000000000000000000000000000000000000000000000000000000000000000000000000000000000000000000000000000000000000000000000000000000000000000000000000000000000000000000000000000000000000000000000000000000000000000000000000000000000000000000000000000000000000000000000000000000000000000000000000
8972643395299627741284546102496692770707580662794570272400982392423985049685507772141977656216484178426352970528086524141446687599765631366253026003848110897389104306299524385829284619081006738659292137624588447123887416094798288793268866694723320282538328877035923553929534881972261993172152674568354093430961/100000000000000000000000000000000000000000000000000000000000000000000000000000000000000000000000000000000000000000000000000000000000000000000000000000000000000000000000000000000000000000000000000000000000000000000000000000000000000000000000000000000000000000000000000000000000000000000000000000000000000000000000 1287559792034525224274066636703038646231438113600499631642499529210138047214709453056081096413858472630039874103940789225250418508381575405474995133407189645898778436205330394163216626280279228450336408986534270218249940221382437919602865761967746915136142398689221188914969169794408577589971788004170138811933/20000000000000000000000000000000000000000000000000000000000000000000000000000000000000000000000000000000000000000000000000000000000000000000000000000000000000000000000000000000000000000000000000000000000000000000000000000000000000000000000000000000000000000000000000000000000000000000000000000000000000000000000
-3568276178172142829040447003482829864453009308480181767110661926048791618619566880311502048545854654269212493138085481033964560826117365310260054001026554430014984586330736570952371007254769548410589585335655402011825959292891784856431818789498582037285078261667451302963935493924173613056225854992101855334609/50000000000000000000000000000000000000000000000000000000000000000000000000000000000000000000000000000000000000000000000000000000000000000000000000000000000000000000000000000000000000000000000000000000000000000000000000000000000000000000000000000000000000000000000000000000000000000000000000000000000000000000000 1527411565067082481345178640656163854568683395283457862930387627857313039391048291884325631250963352478479750125289687211909836820982058967003500135102108979662568138536006914287393060837233635257282662246640050032369854799487178197591974602738640568505929502976279006194588554503258413482257419028415649099017/100000000000000000000000000000000000000000000000000000000000000000000000000000000000000000000000000000000000000000000000000000000000000000000000000000000000000000000000000000000000000000000000000000000000000000000000000000000000000000000000000000000000000000000000000000000000000000000000000000000000000000000000
-1074948571261982911527583447775752184524162705427656655999641916489380306955149140701982030818487218744498323900800343525789474452654251957043277754976064132665609640014171133320368640271579035819683033050778087259328047313594515433523308326230755088024252382734412439220385222896644517793890680062684692889901/100000000000000000000000000000000000000000000000000000000000000000000000000000000000000000000000000000000000000000000000000000000000000000000000000000000000000000000000000000000000000000000000000000000000000000000000000000000000000000000000000000000000000000000000000000000000000000000000000000000000000000000000 -1001600354523929904876745733696902429204589517223759526294511680944302301027815428063550787893676333171728104023774110898184440271974576343046052147501068249427342913346752976695919294753931374442633427768772692169457814971069560028466021740482269081553612533728808672998922588336852601683396680234379956479103/10000000000000000000000000000000000000000000000000000000000000000000000000000000000000000000000000000000000000000000000000000000000000000000000000000000000000000000000000000000000000000000000000000000000000000000000000000000000000000000000000000000000000000000000000000000000000000000000000000000000000000000000
-103179081255499817685494759928719534247882707065334109501735835908411530407487513296483568381564620169706460739047144701264779183116066708934806141076623823994292022772794079034243728218704970423384015659891073515956244244714908626211807560236110073347606289441117071078547692086954751125641207583245232742009/1562500000000000000000000000000000000000000000000000000000000000000000000000000000000000000000000000000000000000000000000000000000000000000000000000000000000000000000000000000000000000000000000000000000000000000000000000000000000000000000000000000000000000000000000000000000000000000000000000000000000000000000 -9993507368972135285539344702291511065326345726550113525421114829381457920539534699393016967778649305632385530274482064510873181765155648976320418194201524255146156373228204629952022580203147614177326153988937075739294376362733331790562766859325221007303847775437861267343716253338606842685932687067328144311057/10000000000000000000000000000000000000000000000000000000000000000000000000000000000000000000000000000000000000000000000000000000000000000000000000000000000000000000000000000000000000000000000000000000000000000000000000000000000000000000000000000000000000000000000000000000000000000000000000000000000000000000000000
9547036459303982833686787588288483208140978837721694251454300496516761521360537763714702614175887890464649591482581076850246552507713500047533406770497646085367576726369173230076949527818072649920833221376290109712210235180643044528330760944036443748677955684939982645923874389708234852725081313328713234058273/100000000000000000000000000000000000000000000000000000000000000000000000000000000000000000000000000000000000000000000000000000000000000000000000000000000000000000000000000000000000000000000000000000000000000000000000000000000000000000000000000000000000000000000000000000000000000000000000000000000000000000000000 -1262902676461751113313443265277917051073268672571999275455172883796604958494147466226675463880414378349111838305611012013592437053913323909628623020609488266958495716402034749816245864187680848745292251262046103603989805224826761837220801660856141556840347149064695253613209155044834251454683336251891953954241/25000000000000000000000000000000000000000000000000000000000000000000000000000000000000000000000000000000000000000000000000000000000000000000000000000000000000000000000000000000000000000000000000000000000000000000000000000000000000000000000000000000000000000000000000000000000000000000000000000000000000000000000
4201332605640361747416725246010997124687489977836104193814840610155623118682204711295145183267473298908065323106493805962628823463314943228246754893727381190943541403585621192278836038585842870671098963742910102992948623053563379072351560268409071119716916042678115294804425099362499400003621877779045080747637/100000000000000000000000000000000000000000000000000000000000000000000000000000000000000000000000000000000000000000000000000000000000000000000000000000000000000000000000000000000000000000000000000000000000000000000000000000000000000000000000000000000000000000000000000000000000000000000000000000000000000000000000 8036905486676586605511236001197926442976545419722410030704974311686402312630561388873240393765551354530177548980432218789750889865399686761256560115803703222740640903319219155182325028779443655845801313040889535665485877370023734610912109927326536444719457873387627517060344606355801576304961938901962630032139/100000000000000000000000000000000000000000000000000000000000000000000000000000000000000000000000000000000000000000000000000000000000000000000000000000000000000000000000000000000000000000000000000000000000000000000000000000000000000000000000000000000000000000000000000000000000000000000000000000000000000000000000
323672284222960362902196087344753471312868823692290454922718584368636195506884684552581290744968483989189269098719924941902627906265048136772196038707489880068861836928115891262601739711608741016502481494981783051303976535946197685584090437596109484032275303283521848472076237758961352792719046583493767764063/6250000000000000000000000000000000000000000000000000000000000000000000000000000000000000000000000000000000000000000000000000000000000000000000000000000000000000000000000000000000000000000000000000000000000000000000000000000000000000000000000000000000000000000000000000000000000000000000000000000000000000000000 8884829399151240774276190554087835308754807910537973808620145239102312332293052785959538104184807860853355566164655439388641998525033821537816201591283734602704887002472611568383292280394836370306717798497069723804324902365398503305378382051446582097718888937782880660377478209403237044991220811410819870866047/100000000000000000000000000000000000000000000000000000000000000000000000000000000000000000000000000000000000000000000000000000000000000000000000000000000000000000000000000000000000000000000000000000000000000000000000000000000000000000000000000000000000000000000000000000000000000000000000000000000000000000000000
1910345164551724075881875829709630476002294670972922465834597751378583378349633047495378070108185822311443194626681882680288388281483472790487234184573878763341056845227986153914927657781935491976368986081963829944580076643483345091291858882324903503213561929865216656744323380300248932050146879523674843838983/10000000000000000000000000000000000000000000000000000000000000000000000000000000000000000000000000000000000000000000000000000000000000000000000000000000000000000000000000000000000000000000000000000000000000000000000000000000000000000000000000000000000000000000000000000000000000000000000000000000000000000000000 -1494003114127368754291391429001886248760041212993430473966479644466417591039316642563473956249305232257401245893553700348643671655048692983751265835848424605815446711743277243816910576292191971338800818870681402814732126635009911209835684719570642939405405645942055024303158831354246007407148537512449423347221/5000000000000000000000000000000000000000000000000000000000000000000000000000000000000000000000000000000000000000000000000000000000000000000000000000000000000000000000000000000000000000000000000000000000000000000000000000000000000000000000000000000000000000000000000000000000000000000000000000000000000000000000

0 0
1 9
-1786321068622348503467219623818803671880264637443214651560240886800826877318017553103449001238289327561401735654952622723311180455405869464635754876970854032641635321650229174590648189886912387141325808721700060602702804252363064382686742445494749191066287845676978728948712109023677837922404476798085262521103/2500000000000000000000000000000000000000000000000000000000000000000000000000000000000000000000000000000000000000000000000000000000000000000000000000000000000000000000000000000000000000000000000000000000000000000000000000000000000000000000000000000000000000000000000000000000000000000000000000000000000000000000 -213544946808894723557448242753297295881659490854820787941203360663401155770157370556439897609320841832115962188996488635653037743389924788257452158043546838761004711995652284283049064879960949815240958990690546066007140954349217021686111405650877270175543220783934398013052501868693558205189054891525727588767/125000000000000000000000000000000000000000000000000000000000000000000000000000000000000000000000000000000000000000000000000000000000000000000000000000000000000000000000000000000000000000000000000000000000000000000000000000000000000000000000000000000000000000000000000000000000000000000000000000000000000000000
-911713435996067822038398078661199736966101458945384645140083210325207594519403586534311854253085354241116837866876834401960371239939884222403254757325024290724017074869459237715681165057135735055926657266393637447252709446075217785732059947898322175510830144377911812836874480122401727961472431662024755809289/5000000000000000000000000000000000000000000000000000000000000000000000000000000000000000000000000000000000000000000000000000000000000000000000000000000000000000000000000000000000000000000000000000000000000000000000000000000000000000000000000000000000000000000000000000000000000000000000000000000000000000000000 7922215617192186322316043604675290179620231795339791736074761520359204013061784935052001479749336349557079701231223171338029867314448153438381767717865413934643716583159806255990950979871559900813867717429342884187843906382576811087236321089535741471933728621296255009243187669816817238175779039409559995819799/10000000000000000000000000000000000000000000000000000000000000000000000000000000000000000000000000000000000000000000000000000000000000000000000000000000000000000000000000000000000000000000000000000000000000000000000000000000000000000000000000000000000000000000000000000000000000000000000000000000000000000000000
-766107781387172455980983716204373786732612867037740052299265929108106834154351872661960793160625141853060081490761921446385698050476224224405675736774405310454518292950809598730733147074590216779221396011200813362056806429667815586016357592545348308741001297359114338861393026820656154486391524438965552453307/2500000000000000000000000000000000000000000000000000000000000000000000000000000000000000000000000000000000000000000000000000000000000000000000000000000000000000000000000000000000000000000000000000000000000000000000000000000000000000000000000000000000000000000000000000000000000000000000000000000000000000000000 -4412772977229761436905594879301593035727228518643297978981818609761533936921953485957065482115826370157460261358810242514138340551905589134364501985783613972180429782930338145563756803137536361300730401256851100454404663544373500064077674891711611081927881254434760666160880916742564654832103909243720536672931/10000000000000000000000000000000000000000000000000000000000000000000000000000000000000000000000000000000000000000000000000000000000000000000000000000000000000000000000000000000000000000000000000000000000000000000000000000000000000000000000000000000000000000000000000000000000000000000000000000000000000000000000
812101196471809486789340879883454450450028496603542542533044692542199201210982178828625832068967118561876173252650633125314560139471264378762572267057393918851479136343468359832635839810735128069017581710155612210019973264422774589741769112879946945439844362522043164924732791667113810283687020780502242453637/1250000000000000000000000000000000000000000000000000000000000000000000000000000000000000000000000000000000000000000000000000000000000000000000000000000000000000000000000000000000000000000000000000000000000000000000000000000000000000000000000000000000000000000000000000000000000000000000000000000000000000000000 -3575053285521816155631424771495934747767164593995809565506349601277631904889491031899319938479781799701146094458791692519612301925263318924354449705421809632156784453094934522049588084812888436941455599029154937207188238693829876223880937876945859417554202109202945699028988939488851733240106776579195795093369/10000000000000000000000000000000000000000000000000000000000000000000000000000000000000000000000000000000000000000000000000000000000000000000000000000000000000000000000000000000000000000000000000000000000000000000000000000000000000000000000000000000000000000000000000000000000000000000000000000000000000000000000
-1807831285395392945800622489526856991675348871862670621796319512320314073938886440324537763339868416244306747116303656989963561340216908313066193097937275783998771677171149119774675930715846093117055204711568463503030750407592585954641805104697932609085275643661684905122769281785413726795165389302177379161861/10000000000000000000000000000000000000000000000000000000000000000000000000000000000000000000000000000000000000000000000000000000000000000000000000000000000000000000000000000000000000000000000000000000000000000000000000000000000000000000000000000000000000000000000000000000000000000000000000000000000000000000000 -45129805116357924360693778548539499359986200719450182869288057750395973574116692211093709592209382980009168985883512775516722621618119452003409569518277439729255582419376832370323282042997952663048774193213116127891762790465894269313419740165592439652924314195284672531922198526237710743838993508915788209069/100000000000000000000000000000000000000000000000000000000000000000000000000000000000000000000000000000000000000000000000000000000000000000000000000000000000000000000000000000000000000000000000000000000000000000000000000000000000000000000000000000000000000000000000000000000000000000000000000000000000000000000
6142505973432139036661749676439297778532201659841592242369948366011063712922396821638956449481314514062446116545811655016409291129668054561510933795017564202770451455477916272599953536920760499674136099019770953852510777012683870521979915108452616831253593667745316715999607531554448538100992739680192475570221/10000000000000000000000000000000000000000000000000000000000000000000000000000000000000000000000000000000000000000000000000000000000000000000000000000000000000000000000000000000000000000000000000000000000000000000000000000000000000000000000000000000000000000000000000000000000000000000000000000000000000000000000 631094754902458124599117344047999833105531948773177417714558797803543807530266118547051864860089106900822871670864326214333877510669638448967268934059284963013313475300088093545772680297307761932544181698227398151010977742034921582345597536082966903141510373837228818771490835485007637614210585869861775042247/1250000000000000000000000000000000000000000000000000000000000000000000000000000000000000000000000000000000000000000000000000000000000000000000000000000000000000000000000000000000000000000000000000000000000000000000000000000000000000000000000000000000000000000000000000000000000000000000000000000000000000000000
-4264705893863445802969658548706754206854576758557877870614390328015266928954853141035070489233271206151875970022271304540797580694889991003543986586516506156820692557254523999552750163191233607079225671834028266866752825211441949432737215582488898308724519530315279368819799305811642218621733122652222163749877/10000000000000000000000000000000000000000000000000000000000000000000000000000000000000000000000000000000000000000000000000000000000000000000000000000000000000000000000000000000000000000000000000000000000000000000000000000000000000000000000000000000000000000000000000000000000000000000000000000000000000000000000 5136108779543548840188085328282924866794385547928131193358977990670482968114218850693751440912823160298646571410973148224525723394896254128469430721496400049251820719704024655648934998900702015988869690200429746483493492364322778460035186802371306782841642680804066909373428614277821126125971875212081645622887/10000000000000000000000000000000000000000000000000000000000000000000000000000000000000000000000000000000000000000000000000000000000000000000000000000000000000000000000000000000000000000000000000000000000000000000000000000000000000000000000000000000000000000000000000000000000000000000000000000000000000000000000
-1140729821283303361389417530032750619093934080489182356707657768779519734951347384828660601761339299788377681268699071841983858070863172515784613763120889659386258372805231368538250115405590805664915574319913142294174066958707324170208308939791434120998893442267593294717580881166863160863192686824047697914239/2500000000000000000000000000000000000000000000000000000000000000000000000000000000000000000000000000000000000000000000000000000000000000000000000000000000000000000000000000000000000000000000000000000000000000000000000000000000000000000000000000000000000000000000000000000000000000000000000000000000000000000000 6040755657008768042488349659331691722584750165671262594662846478824925038357109952627544848530384947089493526004905611125247824716192738376676726093896843745626238796675178879865562706565181577985618876952727131329137092758795536575817167325193120831405221484390483328825936524095060928707187296487782845679389/10000000000000000000000000000000000000000000000000000000000000000000000000000000000000000000000000000000000000000000000000000000000000000000000000000000000000000000000000000000000000000000000000000000000000000000000000000000000000000000000000000000000000000000000000000000000000000000000000000000000000000000000
6429669653712353874256154982667014494131525978805715542948966333893243283522296957397185207272670285515101413867931828767497240371152069461676139978174292266558832991587993407636265474029638218849869704884993193329150252498490097939792500501902034817137743637417153057357110696900342462638039548619064350111/2500000000000000000000000000000000000000000000000000000000000000000000000000000000000000000000000000000000000000000000000000000000000000000000000000000000000000000000000000000000000000000000000000000000000000000000000000000000000000000000000000000000000000000000000000000000000000000000000000000000000000000 4486313258429932343209846632434799603180141318891939115022648266827594548264052480204694428428578991969856989924942788260183379155867028833800960266885993452134670874168458876981673759138833637441882103537191277766705996035244245650282239579308547321586814526978506140614286082243786397941480449343628380434737/10000000000000000000000000000000000000000000000000000000000000000000000000000000000000000000000000000000000000000000000000000000000000000000000000000000000000000000000000000000000000000000000000000000000000000000000000000000000000000000000000000000000000000000000000000000000000000000000000000000000000000000000

9
1452919094132126303390471048541354915754694881043123970306218485906318961753351737722950304260772597075319597715504082040082809685436951675207221859405375569223818408091348532219417420493845854321414161545753740749512374292090107826053642852766351617899932171596751289106603483544629406475289377086742942484301/5000000000000000000000000000000000000000000000000000000000000000000000000000000000000000000000000000000000000000000000000000000000000000000000000000000000000000000000000000000000000000000000000000000000000000000000000000000000000000000000000000000000000000000000000000000000000000000000000000000000000000000000 -7437063123187855742291647851078953443251602768675285164253310575770715757312663309207478797391047289451070773504420725271904461776826808944747605909447105845413487330350075018499587134868174611802173997452521583852909298536430471524444453578146172362297177079800482658043739682556376184617676475545368080744067/10000000000000000000000000000000000000000000000000000000000000000000000000000000000000000000000000000000000000000000000000000000000000000000000000000000000000000000000000000000000000000000000000000000000000000000000000000000000000000000000000000000000000000000000000000000000000000000000000000000000000000000000
-981268514463587441637908290918077682073776053933620174085826421694571432569579846671014965655654527178093059499058088091414540263276439818171221722754693400086140490229635049807655954867156204544168766164368466210458296554743617911541776948898872261159171566145189949231377304948113407457029365557644157968403/5000000000000000000000000000000000000000000000000000000000000000000000000000000000000000000000000000000000000000000000000000000000000000000000000000000000000000000000000000000000000000000000000000000000000000000000000000000000000000000000000000000000000000000000000000000000000000000000000000000000000000000000 285891116959127551588357769564213657028867543615260590962230544096880293113510351164699736481824378291850937003476503847535747959301890961881818955586810760775806169788214784497542230718558996397406900917717939989679785305476020516013231688622624526695574173558210060327944611428948216604492374772927521247841/2500000000000000000000000000000000000000000000000000000000000000000000000000000000000000000000000000000000000000000000000000000000000000000000000000000000000000000000000000000000000000000000000000000000000000000000000000000000000000000000000000000000000000000000000000000000000000000000000000000000000000000000
-174347232648914172964408323326612028768114501005596239391536106058618667502805556035359581597826705144971622413926560163380883082679665254743429022737768679350924016645542726065674662442055809992532063982934981550206852631628155938813288401088994825250848902067547298890933451905771689034317732780720910871333/1250000000000000000000000000000000000000000000000000000000000000000000000000000000000000000000000000000000000000000000000000000000000000000000000000000000000000000000000000000000000000000000000000000000000000000000000000000000000000000000000000000000000000000000000000000000000000000000000000000000000000000000 -939396874172330113818375797780843437072726170162596180773329534699518788550706309858846097181033137855553621387575140566771239798138490349988932105316458307735600591753502503519617854964022696829792967081024103931352376785009295456821018230782241543398376274286662763701895730117363792333862231011320102591697/5000000000000000000000000000000000000000000000000000000000000000000000000000000000000000000000000000000000000000000000000000000000000000000000000000000000000000000000000000000000000000000000000000000000000000000000000000000000000000000000000000000000000000000000000000000000000000000000000000000000000000000000
8636290576091098942623302734699901925048006715357314935062844381362401797621371663155064346604290589327065542875109381156852374333780725814102932210602076986344756277641418752768091359072775833880168263196701438437171793395994449979485071595291787143262658452707049898816886039041465823581690034721939920837989/100000000000000000000000000000000000000000000000000000000000000000000000000000000000000000000000000000000000000000000000000000000000000000000000000000000000000000000000000000000000000000000000000000000000000000000000000000000000000000000000000000000000000000000000000000000000000000000000000000000000000000000000 -1606415781182525000714945064673214924751887735383151405954622752350704536409343946683883006876960576202777201279936537361260700067907534969448717098578805144986200071980138802592542622680948728256816427487937313101084731791358855749881483555477758349382910458339787300697076545372848217079552029105953622370351/10000000000000000000000000000000000000000000000000000000000000000000000000000000000000000000000000000000000000000000000000000000000000000000000000000000000000000000000000000000000000000000000000000000000000000000000000000000000000000000000000000000000000000000000000000000000000000000000000000000000000000000000
-1102788741561172707352012427216182179381451412362376611752417553324432321630418955334836844421122369239791508143247496630445876664302956083197695240923144434679770307694950238373643562124537614484285238478078949087621754626789225647648329126711015015914939312492173065934028859498377227270817969831909435269353/10000000000000000000000000000000000000000000000000000000000000000000000000000000000000000000000000000000000000000000000000000000000000000000000000000000000000000000000000000000000000000000000000000000000000000000000000000000000000000000000000000000000000000000000000000000000000000000000000000000000000000000000 -1097000189951883020369138303278704100988228578421752867662949350921708871133693581611464149555639666189850176600247462535762248694786278202766896062031150771881670688668068850669471529699789821304994090375557302268132350023789812418071075262384249748562254226314964454126416120158853454610624333201154221406351/5000000000000000000000000000000000000000000000000000000000000000000000000000000000000000000000000000000000000000000000000000000000000000000000000000000000000000000000000000000000000000000000000000000000000000000000000000000000000000000000000000000000000000000000000000000000000000000000000000000000000000000000
-239758146155142087672484603692721116516689139762975218239410018553927974111853106873276613835418632096864740649358556715183971343563872917690975741653034308335182011224296237242083797194868871559412770728410772226497956485616370524709500752090397510064013928898427350476272495094757620212916113862128725645869/1250000000000000000000000000000000000000000000000000000000000000000000000000000000000000000000000000000000000000000000000000000000000000000000000000000000000000000000000000000000000000000000000000000000000000000000000000000000000000000000000000000000000000000000000000000000000000000000000000000000000000000000 904299936172982063348453509252055033700881360154690283831418755242494496595827028200400301956611025411311383194588335614725095479622096846512846724827850168877543363311436652719487114890099936510258720527976971084137660641831479734636468173372728186665769248953120295773404254245078253597334763914165563088853/12500000000000000000000000000000000000000000000000000000000000000000000000000000000000000000000000000000000000000000000000000000000000000000000000000000000000000000000000000000000000000000000000000000000000000000000000000000000000000000000000000000000000000000000000000000000000000000000000000000000000000000000
305989168362968020157865386677383936194263849356540813294701531529441002200555292743225023800350799721705038344764621181161851274821760733852700661827986541226049043382013188873031045314332630776009761000797832928888458863291926993349141915134971085273511676323692080918750502671206704573466046025956987862517/2000000000000000000000000000000000000000000000000000000000000000000000000000000000000000000000000000000000000000000000000000000000000000000000000000000000000000000000000000000000000000000000000000000000000000000000000000000000000000000000000000000000000000000000000000000000000000000000000000000000000000000000 -764108785689076935672001188470992049723721765503324459825793987547731341815671267503306849968387725406741682033690335598305657139865900101506366907616325825634816213224677554994850358860732611870953894390507529214732678762514751089033592452727099609264465251643561234783101714801690421632046589016665179876267/5000000000000000000000000000000000000000000000000000000000000000000000000000000000000000000000000000000000000000000000000000000000000000000000000000000000000000000000000000000000000000000000000000000000000000000000000000000000000000000000000000000000000000000000000000000000000000000000000000000000000000000000
1149003443968575354094884544682435639712288117263813426488791616977792100698316739286086845442633126995885528163977419076140925847803324475838729119512458230162111685826402747976600670638338002923495462729533067149232249592244916726652516985761817370486108829466528496199545288490639007603977551883392546713143/100000000000000000000000000000000000000000000000000000000000000000000000000000000000000000000000000000000000000000000000000000000000000000000000000000000000000000000000000000000000000000000000000000000000000000000000000000000000000000000000000000000000000000000000000000000000000000000000000000000000000000000000 702879080756345766290622789037844612392822090050939916189178849988179576167921122719925446904118191061989432544891079858113913475515733247239939439612048130779994356858290512726023945665247302798481311084774196286659525060181351525928117877366574911544164822063720770348846041396931066359081722925448738371323/5000000000000000000000000000000000000000000000000000000000000000000000000000000000000000000000000000000000000000000000000000000000000000000000000000000000000000000000000000000000000000000000000000000000000000000000000000000000000000000000000000000000000000000000000000000000000000000000000000000000000000000000
-1017145364336071189658211179958473108434869829968746429044991441599857528517078324473990408143994813665806284476491166163674901024199858880727466366107394217250782041254710384348968937337705318517758762951810406609807939942813959677099773658810120908626030225386385966471761800076885109916170043307108570719013/5000000000000000000000000000000000000000000000000000000000000000000000000000000000000000000000000000000000000000000000000000000000000000000000000000000000000000000000000000000000000000000000000000000000000000000000000000000000000000000000000000000000000000000000000000000000000000000000000000000000000000000000 279419832156912912075493686151663507609904882206745854183532006813974577626133310181892386595786650530829381205442923875986091914036568382513210470075969974967357471723812439114600187211561240604608358582717514411255134562824152761244104771952804241866071870512961638730668189677034880558356364275878936452253/2500000000000000000000000000000000000000000000000000000000000000000000000000000000000000000000000000000000000000000000000000000000000000000000000000000000000000000000000000000000000000000000000000000000000000000000000000000000000000000000000000000000000000000000000000000000000000000000000000000000000000000000

