
----------DIMENSION 1----------

NONSINGULAR SOLUTIONS
---------------
8.881403262470878e-01 -1.316194072793315e-01
-5.257239546874999e-60 1.565815057018400e-59
-5.214192693491290e-59 3.619617146767093e-60
1.118596737529123e-01 1.316194072793315e-01
2.729095547482203e-02 -9.072483768755661e-02
1.380013681370238e-60 2.605741181329520e-61
-3.110476930982990e-60 4.333545650946621e-60
3.251967077449262e-01 3.698044792712369e-01
Multiplicity: 1

3.180934511033568e-65 3.629904165561250e-65
-6.484298838577450e-65 5.130530042988521e-65
5.000000000000000e-01 5.000000000000000e-01
5.000000000000000e-01 -5.000000000000000e-01
-3.069710952523578e-64 1.342588540606811e-64
-1.000000000000000e+00 9.999999999999998e-01
-1.341585407691165e+00 3.068610500919069e-01
3.068610500919067e-01 1.341585407691165e+00
Multiplicity: 1

3.021921525728305e-01 -7.702616133187693e-01
7.606591362723059e-01 2.335683742804572e-01
-7.417661876320945e-64 5.965700086892521e-64
-6.285128884513623e-02 5.366932390383118e-01
2.206048011290503e+00 4.300515409655181e-01
-2.514051553805451e-01 2.146772956153248e+00
-4.187826792573293e-63 7.448649408873416e-65
5.657741955778500e-02 5.621362588858707e-01
Multiplicity: 1

8.818539703952114e-01 3.227809555928177e-01
-1.613904777964089e-01 4.409269851976057e-01
2.795365074011968e-01 -7.637079407904234e-01
-7.331245934497322e-60 1.791834272729544e-60
2.250295789118154e+00 5.030145163910937e+00
-2.515072581955469e+00 1.125147894559077e+00
4.356233496670311e+00 -1.948813319405471e+00
6.455619111856352e-01 -1.763707940790423e+00
Multiplicity: 1

5.426272494309796e-01 2.450087832211277e-01
-7.047081255992534e-02 2.665792525007722e-01
1.220590278044536e-01 -4.617288095750702e-01
4.057845353244922e-01 -4.985922614682962e-02
-7.663760613698500e-02 1.763873591649586e+00
-8.115690706489843e-01 9.971845229365930e-02
1.405678864215496e+00 -1.727174258247510e-01
8.662669688919181e-01 -4.087690967566449e-03
Multiplicity: 1

-7.132208837421615e-66 1.882950650543904e-65
-1.261077052870759e-01 -8.654802937758971e-02
6.690186273884933e-01 7.065668602798358e-02
4.570890778985826e-01 1.589134334960607e-02
1.237516666327335e-64 -3.846430583036015e-65
1.828356311594330e+00 6.356537339842450e-02
3.883563339819543e-64 -5.235176087557508e-64
5.044308211483035e-01 3.461921175103586e-01
Multiplicity: 1

7.136121827015866e-66 -1.159299342185640e-65
4.127711849064952e-01 3.021694792519622e-01
2.383135547194858e-01 1.744576301870094e-01
3.489152603740189e-01 -4.766271094389717e-01
4.114890347065605e-65 2.238658904984752e-65
-8.100392006299978e-01 -1.461667024458209e-01
-1.273461628543111e+00 1.016333774746999e+00
3.815828098680180e-01 1.338245340078373e+00
Multiplicity: 1

1.147238166622319e+00 6.964178438280996e-02
-3.338475748358433e-60 -7.062611060760390e-59
1.876953587268606e-58 -1.355341358740829e-59
-1.472381666223185e-01 -6.964178438280999e-02
4.439923518139847e-02 4.721706128402925e-02
2.539867019559903e-60 -1.141725914916727e-60
7.952280488443659e-60 5.875630809733058e-60
4.147683296215878e-01 1.927221104057256e-01
Multiplicity: 1

8.818539703952122e-01 -3.227809555928180e-01
-1.613904777964089e-01 -4.409269851976060e-01
2.795365074011970e-01 7.637079407904239e-01
-6.040893942428294e-60 5.916189603770371e-59
-7.279795176586306e+00 -6.111664238720044e+00
-3.055832119360022e+00 3.639897588293152e+00
5.292856490132442e+00 -6.304487557271167e+00
6.455619111856357e-01 1.763707940790423e+00
Multiplicity: 1

-1.263953394894564e-63 8.511329580985365e-65
6.863784627796544e-01 2.056918419805791e+00
3.017579687306829e-01 -5.802591785889024e-01
1.186356848966208e-02 -1.476659241216889e+00
5.855322448472813e-64 -5.353636656967585e-63
-2.372713697932438e-02 2.953318482433778e+00
-4.109660676633675e-02 5.115297662507517e+00
2.418077192419956e+00 2.103760081863260e+00
Multiplicity: 1

1.723838688469898e-01 -2.226609932406085e+00
-1.268748938246768e+00 -7.924268840145621e-02
2.197537623092471e+00 1.372523624396713e-01
-1.011725536926911e-01 2.168600258367870e+00
7.613427848728536e+00 4.688859413403228e-01
2.023451073853821e-01 -4.337200516735740e+00
-3.504720066544640e-01 7.512251657600288e+00
-2.336489532583402e+00 8.815851464895674e-02
Multiplicity: 1

4.999999999999999e-01 4.999999999999999e-01
4.999999999999999e-01 -4.999999999999999e-01
-2.422912533483191e-64 5.547999331271678e-66
2.082944467611640e-63 -1.237328339628638e-63
8.028881930478657e-01 2.523631496377909e+00
2.523631496377909e+00 -8.028881930478657e-01
-2.821461607360653e-63 1.778687963021577e-63
9.999999999999999e-01 -9.999999999999999e-01
Multiplicity: 1

-2.318958443853094e-64 7.276932248988453e-65
4.127711849064953e-01 -3.021694792519622e-01
2.383135547194858e-01 -1.744576301870094e-01
3.489152603740188e-01 4.766271094389716e-01
4.000393294508165e-65 1.306297502037240e-63
8.574742794621351e-01 2.252386932023441e-01
-3.107222719345886e-01 -9.706815395983612e-01
2.902783395707411e-01 5.872333731386714e-01
Multiplicity: 1

3.489152603740187e-01 4.766271094389717e-01
2.383135547194858e-01 -1.744576301870094e-01
4.127711849064953e-01 -3.021694792519624e-01
-1.811511159580277e-61 -2.089610621105078e-61
1.904124181077536e+00 -1.127844581029950e+00
-5.639222905149751e-01 -9.520620905387680e-01
-9.767420586925534e-01 -1.649019912773386e+00
-9.532542188779431e-01 6.978305207480376e-01
Multiplicity: 1

3.575178483617740e-01 2.556504773706715e-01
-1.174084003591798e-63 4.242018650110510e-63
3.594872268248094e-63 8.429053978032903e-63
6.424821516382263e-01 -2.556504773706716e-01
-1.707625906848626e+00 1.135055484742150e+00
-1.928881747487786e-62 5.725512317310555e-63
-3.114156679720374e-62 2.732710961002929e-62
1.193815607272972e+00 5.228975040246676e-01
Multiplicity: 1

7.702896440209996e-02 -9.221542188392831e-02
5.018211251990891e-62 2.599725130558165e-62
-1.193178160675746e-62 2.369435441908340e-62
9.229710355979001e-01 9.221542188392845e-02
2.616386227255229e+00 2.821547599922669e-01
-2.788312418166288e-61 9.581722338417939e-62
-1.494537357952404e-61 1.672363038332277e-61
-2.205810993252558e-01 2.598977006605835e-01
Multiplicity: 1

1.074209969916880e-64 1.595261015515575e-64
4.450787220622342e-01 -2.651861212145697e-01
1.944099357116011e+00 1.307592088169489e+00
-1.389178079178244e+00 -1.042405966954919e+00
-1.804119300914821e-64 -6.379521319766891e-65
-5.556712316712975e+00 -4.169623867819675e+00
4.570201350928384e-64 -3.253181206611166e-65
-1.780314888248937e+00 1.060744484858279e+00
Multiplicity: 1

6.472701635428544e-01 -1.603989853882306e-01
-6.851890871651171e-02 -2.915858313319125e-01
1.186782311761721e-01 5.050414746340816e-01
3.025705139974850e-01 -5.305665791393860e-02
-2.525474725457542e-01 -1.344281851382508e+00
-6.051410279949697e-01 1.061133158278773e-01
1.048135006231748e+00 -1.837936543734859e-01
2.009140057858603e-01 5.405215282452348e-01
Multiplicity: 1

1.144741423658170e-01 8.744329354195618e-01
9.506081253668655e-01 -1.053055818865385e-01
2.811734395779775e-64 5.270315829563722e-64
-6.508226773268250e-02 -7.691273535330231e-01
2.831451656994130e+00 -2.962876273544064e-01
-2.603290709307302e-01 -3.076509414132094e+00
5.609258496542355e-63 -2.818978320172727e-63
-5.862735439133722e-01 -6.490879201001853e-02
Multiplicity: 1

4.610510245797061e-01 3.244459943853962e-01
1.515934766193945e-01 -1.918619486913735e-01
2.625676036007961e-01 -3.323146431726320e-01
1.247878952001036e-01 1.997305974786094e-01
8.876670885711807e-01 -6.255963212811360e-01
-2.495757904002073e-01 -3.994611949572190e-01
-4.322779493123200e-01 -6.918870853180796e-01
-1.631437717489496e-01 6.707625915183688e-01
Multiplicity: 1

4.999999999999999e-01 -4.999999999999998e-01
4.999999999999998e-01 4.999999999999999e-01
-2.247713857086037e-59 1.827122904691696e-58
-4.608183908074752e-58 2.042421543750003e-57
-1.788044463213546e+01 -2.349115731417397e-01
2.349115731417397e-01 -1.788044463213546e+01
6.576875998193053e-57 5.730914390767985e-58
9.999999999999992e-01 9.999999999999998e-01
Multiplicity: 1

-1.719573719001980e-64 -5.450475263726877e-65
5.329382687746972e-01 -2.294021876896637e-01
-1.351506659502530e-01 5.982016863131948e-01
6.022123971755555e-01 -3.687994986235313e-01
3.910365248402413e-64 -1.763751603466926e-64
-1.204424794351111e+00 7.375989972470629e-01
-2.086124937711821e+00 1.277558938843770e+00
5.977008973441792e-01 1.613427052356340e+00
Multiplicity: 1

-1.591363441541560e-65 -6.355654367940132e-66
-4.994315832604059e-65 3.045365339656659e-65
4.999999999999999e-01 -4.999999999999999e-01
4.999999999999999e-01 4.999999999999999e-01
-3.341032272203131e-65 2.603921430000562e-65
-9.999999999999998e-01 -1.000000000000000e+00
8.036512052407281e-01 -6.937917930504407e-02
6.937917930504396e-02 8.036512052407278e-01
Multiplicity: 1

1.457116789500317e-01 -8.358905036037141e-01
4.041771614171492e-01 1.064135046966277e-01
7.000553788334696e-01 1.843135967460285e-01
-2.499442192006505e-01 5.451634021610580e-01
-2.291555618196653e+00 -8.235816246426321e-01
4.998884384013014e-01 -1.090326804322116e+00
8.658321734273184e-01 -1.888501421940114e+00
-1.984502910724655e-01 5.494627347181424e-01
Multiplicity: 1

-2.877403292734742e-63 6.752671690906906e-63
1.406907790128022e+00 3.253867528143026e-01
8.154662930861009e-01 -2.049632326908347e-01
-1.222374083214123e+00 -1.204235201234678e-01
-2.813769454405626e-62 3.569500182108108e-62
2.444748166428245e+00 2.408470402469357e-01
-4.234428035964574e+00 -4.171593105602792e-01
-1.104252271391626e-02 1.360786971036781e+00
Multiplicity: 1

4.080869976396994e-65 -6.169453091578647e-65
4.974257021476700e-01 1.362806899380686e-01
1.365973398041820e-01 -9.997101624712294e-02
3.659769580481482e-01 -3.630967369094565e-02
5.866313759927523e-65 1.574408868116773e-64
-7.319539160962965e-01 7.261934738189132e-02
1.267781371477792e+00 -1.257803992779296e-01
5.216643388561526e-01 6.188711387247586e-01
Multiplicity: 1

1.375265989772501e-01 2.836695343819648e-01
2.129114123772046e-01 7.963139722144044e-02
3.687733837485676e-01 1.379256258652339e-01
2.807886048969782e-01 -5.012265574686394e-01
-1.522965781666137e+00 4.689157519059629e-01
-5.615772097939563e-01 1.002453114937279e+00
-9.726802597358988e-01 1.736299727277050e+00
1.436512637704375e+00 1.469756107759904e+00
Multiplicity: 1

2.661664204210731e-01 1.872990055479603e+00
-1.060581387035300e+00 9.042756797762444e-02
1.836980847907012e+00 -1.566251421421339e-01
-4.256588129278446e-02 -1.806792481315094e+00
6.403824702582974e+00 -5.112135967470610e-01
8.513176258556893e-02 3.613584962630187e+00
-1.474525381360965e-01 -6.258912752742368e+00
-1.890461304825991e+00 -5.945468518620348e-01
Multiplicity: 1

5.331400547942184e-01 -3.222559825766181e-01
2.854081017590004e-01 4.594725048377836e-01
-1.151613823769629e-66 -3.462477592701681e-65
1.814518434467810e-01 -1.372165222611656e-01
-6.219364726232415e-01 -8.435484304023091e-01
7.258073737871240e-01 -5.488660890446622e-01
-2.793900360216343e-64 2.184930804069045e-64
3.130089931696323e-01 6.360861765744650e-01
Multiplicity: 1

2.397189356680480e-01 -2.550148628374136e-01
1.397179959801215e-01 1.806981457943019e-01
2.419986677692746e-01 3.129783693492194e-01
3.785644005825559e-01 -2.386616523061077e-01
9.049460316620961e-01 1.030507637583098e+00
-7.571288011651116e-01 4.773233046122154e-01
-1.311385551491688e+00 8.267482152250329e-01
2.303052571691659e-01 8.431642979419735e-01
Multiplicity: 1

-4.151210743069549e-65 -9.894654986689738e-65
2.795365074011971e-01 -7.637079407904239e-01
-1.613904777964089e-01 4.409269851976060e-01
8.818539703952121e-01 3.227809555928179e-01
-2.040508899339964e-65 -2.175065013316844e-65
9.262884852873667e-01 -5.401630352889351e-01
1.501761602446552e+00 1.057293960233544e+00
9.964418908623000e-01 5.130855826859157e-02
Multiplicity: 1

4.125185517973062e-01 3.956066354441942e-01
2.764672897459860e-01 -3.872799697179684e-01
-9.533190370222287e-63 -8.586101594259295e-63
3.110141584567080e-01 -8.326665726225937e-03
-1.755880599430135e-01 1.484500045929657e+00
1.244056633826833e+00 -3.330666290490388e-02
-3.278280171995916e-62 -3.205501387261973e-62
1.060475493062916e+00 -1.385254113324225e-01
Multiplicity: 1

-1.358516126010851e-64 5.132462097720853e-65
2.795365074011970e-01 7.637079407904235e-01
-1.613904777964090e-01 -4.409269851976058e-01
8.818539703952117e-01 -3.227809555928179e-01
9.492616100885546e-65 5.840916233912333e-64
6.491267616750702e-01 2.772104712744111e-01
1.661780998183171e+00 -9.054782266156562e-01
6.928104236265247e-01 2.687302332046476e-01
Multiplicity: 1

3.489152603740188e-01 -4.766271094389716e-01
2.383135547194858e-01 1.744576301870094e-01
4.127711849064951e-01 3.021694792519622e-01
2.260740176959805e-57 -8.910410681129692e-58
-1.934405898125867e+01 -1.010746054123597e+01
5.053730270617987e+00 -9.672029490629336e+00
8.753317596459166e+00 -1.675244649007454e+01
-9.532542188779436e-01 -6.978305207480390e-01
Multiplicity: 1


SINGULAR SOLUTIONS
---------------
1.326919867800729e+00 9.609211167343906e-02
-1.196609766169170e-01 -3.517215397576993e-02
-2.072588911838116e-01 -6.091995769766919e-02
1.095328951079662e-23 4.262461575806215e-24
-6.688735689816371e-23 -1.719826187482837e-23
3.969091868170831e-24 -2.459029496532718e-24
1.635227269391113e-24 1.134426097885081e-23
4.786439064676679e-01 1.406886159030798e-01
Multiplicity: 2

9.401163262037031e-01 -5.134550838153470e-02
-8.180261967768233e-02 -7.013926881940331e-02
1.416862934739794e-01 1.214847772009381e-01
-7.334779796501393e-24 -1.030715480023965e-23
-8.862557344670150e-23 3.977259457630285e-23
3.773203657506337e-24 9.863604903059115e-25
-1.907973067577562e-23 6.224249928577537e-24
3.272104787107293e-01 2.805570752776131e-01
Multiplicity: 2

8.342962709257901e-01 -1.936104016737678e-01
1.657037290742099e-01 1.936104016737678e-01
-1.041248207846713e-23 -1.423987034794094e-23
-4.914780636949887e-24 1.421691786244230e-24
-1.521135218959403e-23 1.509175702440783e-22
-5.224029764993013e-23 2.023640774565826e-23
1.498144355119599e-23 1.442193970892456e-23
3.314074581484198e-01 3.872208033475356e-01
Multiplicity: 2


