45                                               

7.285982877657813e-01 -1.741348882832583e-01
7.682817670888126e-01 -2.578526409350305e-01
-1.242257574854647e+00 3.091031043711340e-01
1.000000000000000e+00 0.000000000000000e+00
-3.687622402081300e-01 8.226210339439763e-01

7.285982877657813e-01 -1.741348882832583e-01
7.682817670888126e-01 -2.578526409350305e-01
-1.242257574854647e+00 3.091031043711340e-01
1.000000000000000e+00 0.000000000000000e+00
-3.687622402081300e-01 8.226210339439763e-01

7.285982877657865e-01 -1.741348882832564e-01
7.682817670888189e-01 -2.578526409350270e-01
-1.242257574854657e+00 3.091031043711295e-01
1.000000000000000e+00 0.000000000000000e+00
-3.687622402081158e-01 8.226210339439729e-01

7.285982877657865e-01 -1.741348882832564e-01
7.682817670888189e-01 -2.578526409350270e-01
-1.242257574854657e+00 3.091031043711295e-01
1.000000000000000e+00 0.000000000000000e+00
-3.687622402081158e-01 8.226210339439729e-01

7.285982877657865e-01 -1.741348882832564e-01
7.682817670888189e-01 -2.578526409350270e-01
-1.242257574854657e+00 3.091031043711295e-01
1.000000000000000e+00 0.000000000000000e+00
-3.687622402081158e-01 8.226210339439729e-01

7.285982877657813e-01 -1.741348882832583e-01
7.682817670888126e-01 -2.578526409350305e-01
-1.242257574854647e+00 3.091031043711340e-01
1.000000000000000e+00 0.000000000000000e+00
-3.687622402081300e-01 8.226210339439763e-01

7.285982877657864e-01 1.741348882832601e-01
7.682817670888182e-01 2.578526409350306e-01
-1.242257574854656e+00 -3.091031043711359e-01
1.000000000000000e+00 0.000000000000000e+00
-3.687622402081249e-01 -8.226210339439708e-01

7.285982877657864e-01 1.741348882832601e-01
7.682817670888182e-01 2.578526409350306e-01
-1.242257574854656e+00 -3.091031043711359e-01
1.000000000000000e+00 0.000000000000000e+00
-3.687622402081249e-01 -8.226210339439708e-01

7.285982877657864e-01 1.741348882832601e-01
7.682817670888182e-01 2.578526409350306e-01
-1.242257574854656e+00 -3.091031043711359e-01
1.000000000000000e+00 0.000000000000000e+00
-3.687622402081249e-01 -8.226210339439708e-01

7.285982877657864e-01 1.741348882832601e-01
7.682817670888182e-01 2.578526409350306e-01
-1.242257574854656e+00 -3.091031043711359e-01
1.000000000000000e+00 0.000000000000000e+00
-3.687622402081249e-01 -8.226210339439708e-01

7.285982877657864e-01 1.741348882832601e-01
7.682817670888182e-01 2.578526409350306e-01
-1.242257574854656e+00 -3.091031043711359e-01
1.000000000000000e+00 0.000000000000000e+00
-3.687622402081249e-01 -8.226210339439708e-01

7.285982877657864e-01 1.741348882832601e-01
7.682817670888182e-01 2.578526409350306e-01
-1.242257574854656e+00 -3.091031043711359e-01
1.000000000000000e+00 0.000000000000000e+00
-3.687622402081249e-01 -8.226210339439708e-01

7.285982877657864e-01 1.741348882832601e-01
7.682817670888182e-01 2.578526409350306e-01
-1.242257574854656e+00 -3.091031043711359e-01
1.000000000000000e+00 0.000000000000000e+00
-3.687622402081249e-01 -8.226210339439708e-01

7.285982877657864e-01 1.741348882832601e-01
7.682817670888182e-01 2.578526409350306e-01
-1.242257574854656e+00 -3.091031043711359e-01
1.000000000000000e+00 0.000000000000000e+00
-3.687622402081249e-01 -8.226210339439708e-01

7.285982877657864e-01 1.741348882832601e-01
7.682817670888182e-01 2.578526409350306e-01
-1.242257574854656e+00 -3.091031043711359e-01
1.000000000000000e+00 0.000000000000000e+00
-3.687622402081249e-01 -8.226210339439708e-01

7.285982877657864e-01 1.741348882832601e-01
7.682817670888182e-01 2.578526409350306e-01
-1.242257574854656e+00 -3.091031043711359e-01
1.000000000000000e+00 0.000000000000000e+00
-3.687622402081249e-01 -8.226210339439708e-01

7.285982877657864e-01 1.741348882832601e-01
7.682817670888182e-01 2.578526409350306e-01
-1.242257574854656e+00 -3.091031043711359e-01
1.000000000000000e+00 0.000000000000000e+00
-3.687622402081249e-01 -8.226210339439708e-01

7.285982877657864e-01 1.741348882832601e-01
7.682817670888182e-01 2.578526409350306e-01
-1.242257574854656e+00 -3.091031043711359e-01
1.000000000000000e+00 0.000000000000000e+00
-3.687622402081249e-01 -8.226210339439708e-01

7.285982877657864e-01 1.741348882832601e-01
7.682817670888182e-01 2.578526409350306e-01
-1.242257574854656e+00 -3.091031043711359e-01
1.000000000000000e+00 0.000000000000000e+00
-3.687622402081249e-01 -8.226210339439708e-01

7.285982877657864e-01 1.741348882832601e-01
7.682817670888182e-01 2.578526409350306e-01
-1.242257574854656e+00 -3.091031043711359e-01
1.000000000000000e+00 0.000000000000000e+00
-3.687622402081249e-01 -8.226210339439708e-01

0.728598287765783446531e0 0.174134888283259494220e0
0.768281767088814795507e0 0.257852640935031274418e0
-0.124225757485465016612e1 -0.309103104371136026292e0
0.100000000000000000000e1 0.000000000000000000000e0
-0.368762240208126982781e0 -0.822621033943976689659e0

7.285982877657864e-01 1.741348882832601e-01
7.682817670888182e-01 2.578526409350306e-01
-1.242257574854656e+00 -3.091031043711359e-01
1.000000000000000e+00 0.000000000000000e+00
-3.687622402081249e-01 -8.226210339439708e-01

0.107086652630215435392623895075e3 -0.762623928408375932066993891372e2
-0.570984233251169890991995725384e2 -0.760666089175741723610205977585e2
0.287793791531299866621293522517e2 0.382487857068863269681810609511e1
0.100000000000000000000000000000e1 0.000000000000000000000000000000e0
-0.117657737965766722676185671136e-6 -0.163057922382580807456467383720e-6

0.107086652630215435392623895075e3 -0.762623928408375932066993891372e2
-0.570984233251169890991995725384e2 -0.760666089175741723610205977585e2
0.287793791531299866621293522517e2 0.382487857068863269681810609511e1
0.100000000000000000000000000000e1 0.000000000000000000000000000000e0
-0.117657737965766722676185671136e-6 -0.163057922382580807456467383720e-6

0.107086652630215435392623895075e3 -0.762623928408375932066993891372e2
-0.570984233251169890991995725384e2 -0.760666089175741723610205977585e2
0.287793791531299866621293522517e2 0.382487857068863269681810609511e1
0.100000000000000000000000000000e1 0.000000000000000000000000000000e0
-0.117657737965766722676185671136e-6 -0.163057922382580807456467383720e-6

0.107086652630209086188801355218e3 0.762623928408339189070997360401e2
-0.570984233251142104965122253344e2 0.760666089175696505639132404285e2
0.287793791531283593640830358576e2 -0.382487857068826042025992755740e1
0.100000000000000000000000000000e1 0.000000000000000000000000000000e0
-0.117657737965805852655381611136e-6 0.163057922382654304119689948690e-6

0.107086652630209086188801355218e3 0.762623928408339189070997360401e2
-0.570984233251142104965122253344e2 0.760666089175696505639132404285e2
0.287793791531283593640830358576e2 -0.382487857068826042025992755740e1
0.100000000000000000000000000000e1 0.000000000000000000000000000000e0
-0.117657737965805852655381611136e-6 0.163057922382654304119689948690e-6

0.107086652630209086187e3 0.762623928408339188945e2
-0.570984233251142104908e2 0.760666089175696505595e2
0.287793791531283593647e2 -0.382487857068826042043e1
0.100000000000000000000e1 0.000000000000000000000e0
-0.117657737965805852717e-6 0.163057922382654304159e-6

0.107086652630209086188801355218e3 0.762623928408339189070997360401e2
-0.570984233251142104965122253344e2 0.760666089175696505639132404285e2
0.287793791531283593640830358576e2 -0.382487857068826042025992755740e1
0.100000000000000000000000000000e1 0.000000000000000000000000000000e0
-0.117657737965805852655381611136e-6 0.163057922382654304119689948690e-6

0.303823842388608092154e0 0.643745039913268257692e-19
-0.909653990271479843401e0 0.101643953670516040688e-19
-0.110172381664383424384e1 -0.118584612615602047470e-19
0.444792292666039146601e0 0.537222176466567447051e-16
0.100000000000000000000e1 0.000000000000000000000e0

3.038238423886083e-01 -2.255140518769849e-17
-9.096539902714796e-01 5.898059818321144e-17
-1.101723816643834e+00 8.673617379884035e-17
4.447922926660393e-01 -1.387778780781446e-16
1.000000000000000e+00 0.000000000000000e+00

-0.318406302579283379534993000980e0 0.301215893903460074617996618793e0
-0.470401152404140828672540902249e0 0.510704400274482022569163984495e0
0.531251159235305384555013569710e0 -0.573481454957938369235537321326e0
0.100000000000000000000000000000e1 0.000000000000000000000000000000e0
0.438099456033950162623812854384e0 -0.412835709671060950379782928006e0

-3.184063025792833e-01 3.012158939034599e-01
-4.704011524041409e-01 5.107044002744821e-01
5.312511592353054e-01 -5.734814549579385e-01
1.000000000000000e+00 0.000000000000000e+00
4.380994560339498e-01 -4.128357096710607e-01

-3.184063025792833e-01 3.012158939034599e-01
-4.704011524041409e-01 5.107044002744821e-01
5.312511592353054e-01 -5.734814549579385e-01
1.000000000000000e+00 0.000000000000000e+00
4.380994560339498e-01 -4.128357096710607e-01

-3.184063025792833e-01 3.012158939034599e-01
-4.704011524041409e-01 5.107044002744821e-01
5.312511592353054e-01 -5.734814549579385e-01
1.000000000000000e+00 0.000000000000000e+00
4.380994560339498e-01 -4.128357096710607e-01

-3.184063025792833e-01 3.012158939034599e-01
-4.704011524041409e-01 5.107044002744821e-01
5.312511592353054e-01 -5.734814549579385e-01
1.000000000000000e+00 0.000000000000000e+00
4.380994560339498e-01 -4.128357096710607e-01

-3.184063025792833e-01 3.012158939034599e-01
-4.704011524041409e-01 5.107044002744821e-01
5.312511592353054e-01 -5.734814549579385e-01
1.000000000000000e+00 0.000000000000000e+00
4.380994560339498e-01 -4.128357096710607e-01

-3.184063025792833e-01 3.012158939034599e-01
-4.704011524041409e-01 5.107044002744821e-01
5.312511592353054e-01 -5.734814549579385e-01
1.000000000000000e+00 0.000000000000000e+00
4.380994560339498e-01 -4.128357096710607e-01

-0.318406302579283379534993000980e0 0.301215893903460074617996618793e0
-0.470401152404140828672540902249e0 0.510704400274482022569163984495e0
0.531251159235305384555013569710e0 -0.573481454957938369235537321326e0
0.100000000000000000000000000000e1 0.000000000000000000000000000000e0
0.438099456033950162623812854384e0 -0.412835709671060950379782928006e0

-0.318406302579283379534993000980e0 0.301215893903460074617996618793e0
-0.470401152404140828672540902249e0 0.510704400274482022569163984495e0
0.531251159235305384555013569710e0 -0.573481454957938369235537321326e0
0.100000000000000000000000000000e1 0.000000000000000000000000000000e0
0.438099456033950162623812854384e0 -0.412835709671060950379782928006e0

-3.184063025792833e-01 3.012158939034599e-01
-4.704011524041409e-01 5.107044002744821e-01
5.312511592353054e-01 -5.734814549579385e-01
1.000000000000000e+00 0.000000000000000e+00
4.380994560339498e-01 -4.128357096710607e-01

-0.318406302579283379640e0 -0.301215893903460074811e0
-0.470401152404140829495e0 -0.510704400274482022272e0
0.531251159235305385345e0 0.573481454957938369121e0
0.100000000000000000000e1 0.000000000000000000000e0
0.438099456033950161802e0 0.412835709671060950029e0

-0.630625786342065488914e0 -0.281117646039924992538e0
0.426334867941177038820e0 0.107397008000594108580e0
0.905626918500039271428e0 0.357689775674627535184e0
0.108150037234013047749e-1 0.200010658098972358922e0
0.100000000000000000000e1 0.000000000000000000000e0

0.1357802980674486511050989623096192843206e1 0.1079436260207319764649304025711886961233e0
-0.1357104278332270610460874051490619744242e1 -0.1365048301233264472464280475517476965457e0
0.2262396538596822091572570947230237683671e1 0.2056961526681470860128116656061027931255e0
-0.1881288008019553582202759363890221924880e-1 0.1378694406922468183277082405187174671631e0
0.1000000000000000000000000000000000000000e1 0.0000000000000000000000000000000000000000e0

0.32932432986474952110706281367646723079866551836834e1 -0.15131000893442674054682870889759020677615280540413e1
0.33782793720088476020070182975213516442782040948717e1 -0.15837220103158793226455950501071481972475200696470e1
-0.57629464047747632607616683736993227494725594186031e1 0.22101534878723328964479845670980753870531164061447e1
0.10000000000000000000000000000000000000000000000000e1 0.00000000000000000000000000000000000000000000000000e0
-0.50528446859375021764318250254345114398281280649842e-2 0.18070088168355068041958512816038507903858868682619e-2

