4                                                

-0.318406302579283379640e0 -0.301215893903460074811e0
-0.470401152404140829495e0 -0.510704400274482022272e0
0.531251159235305385345e0 0.573481454957938369121e0
0.100000000000000000000e1 0.000000000000000000000e0
0.438099456033950161802e0 0.412835709671060950029e0

-0.630625786342065488914e0 -0.281117646039924992538e0
0.426334867941177038820e0 0.107397008000594108580e0
0.905626918500039271428e0 0.357689775674627535184e0
0.108150037234013047749e-1 0.200010658098972358922e0
0.100000000000000000000e1 0.000000000000000000000e0

0.1357802980674486511050989623096192843206e1 0.1079436260207319764649304025711886961233e0
-0.1357104278332270610460874051490619744242e1 -0.1365048301233264472464280475517476965457e0
0.2262396538596822091572570947230237683671e1 0.2056961526681470860128116656061027931255e0
-0.1881288008019553582202759363890221924880e-1 0.1378694406922468183277082405187174671631e0
0.1000000000000000000000000000000000000000e1 0.0000000000000000000000000000000000000000e0

0.32932432986474952110706281367646723079866551836834e1 -0.15131000893442674054682870889759020677615280540413e1
0.33782793720088476020070182975213516442782040948717e1 -0.15837220103158793226455950501071481972475200696470e1
-0.57629464047747632607616683736993227494725594186031e1 0.22101534878723328964479845670980753870531164061447e1
0.10000000000000000000000000000000000000000000000000e1 0.00000000000000000000000000000000000000000000000000e0
-0.50528446859375021764318250254345114398281280649842e-2 0.18070088168355068041958512816038507903858868682619e-2

