6
0
32
52
-1.739761770689449e-01 -3.570745973516655e-01
-1.889378898430913e-01 -2.298686180772302e-01
-2.257353526878247e-01 -2.294736859188559e-01
3.264960903416225e-01 3.898020469296465e-01
8.243738289262039e-01 -6.634181976278525e-01
2.417438237460926e-01 9.227908322597154e-01
1.067662871904967e-14
2.672404533802649e+03
1.537343960480944e-14
3.906250000000000e-04
7.811555157968702e-15
0.000000000000000e+00
1
1
34
52
1.279794751650523e+00 8.559273277262288e-01
-6.653136300708709e-01 1.129618644334939e-01
-1.039142778602141e+00 2.509676097794953e-01
1.170750894640298e+00 -2.792261711483393e-01
1.229332884610400e-02 -1.014272347307662e+00
-4.133421436201665e-01 -4.494272887641652e-01
1.994588508241890e-13
3.393673033244719e+03
2.966905880026517e-15
3.906250000000000e-04
1.470574111003434e-14
0.000000000000000e+00
1
1
35
52
-3.448606490725462e-01 -3.269963250949758e-01
-1.943234098926047e-01 -2.983012331694442e-01
-1.806332828670633e-01 -3.401485435934425e-01
3.273301743748536e-01 5.128111590026382e-01
1.460458719069676e-01 -6.824114444779517e-01
-6.152222109292135e-01 1.315071668579935e-01
2.640744289429354e-14
5.608222660681245e+02
1.473582646607245e-14
1.562500000000000e-03
5.412802012560184e-12
0.000000000000000e+00
1
1
39
52
-3.448606490725462e-01 -3.269963250949758e-01
-1.943234098926047e-01 -2.983012331694442e-01
-1.806332828670633e-01 -3.401485435934425e-01
3.273301743748536e-01 5.128111590026382e-01
1.460458719069676e-01 -6.824114444779517e-01
-6.152222109292135e-01 1.315071668579935e-01
2.640744289429354e-14
5.608222660681182e+02
1.473582646607245e-14
1.562500000000000e-03
5.412802012560184e-12
0.000000000000000e+00
1
1
40
52
-3.448606490725462e-01 -3.269963250949758e-01
-1.943234098926047e-01 -2.983012331694442e-01
-1.806332828670633e-01 -3.401485435934425e-01
3.273301743748536e-01 5.128111590026382e-01
1.460458719069676e-01 -6.824114444779517e-01
-6.152222109292135e-01 1.315071668579935e-01
2.640744289429354e-14
5.608222660681266e+02
1.473582646607245e-14
1.562500000000000e-03
5.412802012560184e-12
0.000000000000000e+00
1
1
41
52
-3.448606490725462e-01 -3.269963250949758e-01
-1.943234098926047e-01 -2.983012331694442e-01
-1.806332828670633e-01 -3.401485435934425e-01
3.273301743748536e-01 5.128111590026382e-01
1.460458719069676e-01 -6.824114444779517e-01
-6.152222109292135e-01 1.315071668579935e-01
2.640744289429354e-14
5.608222660681243e+02
1.473582646607245e-14
1.562500000000000e-03
5.412802012560184e-12
0.000000000000000e+00
1
1
42
96
0.108329562509051037087241153670e-2 -0.494905015920820874017136467961e-2
-0.261419905130646672475291901793e0 -0.612591931772055069283414148943e0
-0.438311935161614194805160287235e0 0.200180336391829030865462923809e0
0.501060914286253954242124016219e-1 -0.138287116757581923898596407462e0
0.365396674522856773861439410500e0 -0.975408580719208317882518729799e0
-0.202039842830788807828934514524e-6 0.551835446066199095547205362572e-7
2.82045396670831e-16
4.308751318672861e+06
2.38939412192668e-29
1.56250000000000e-3
1.51537687145467e-12
1.000000000000000e+00
1
1
54
52
-3.448606490725462e-01 -3.269963250949758e-01
-1.943234098926047e-01 -2.983012331694442e-01
-1.806332828670633e-01 -3.401485435934425e-01
3.273301743748536e-01 5.128111590026382e-01
1.460458719069676e-01 -6.824114444779517e-01
-6.152222109292135e-01 1.315071668579935e-01
2.640744289429354e-14
5.608222660681249e+02
1.473582646607245e-14
1.562500000000000e-03
5.412802012560184e-12
0.000000000000000e+00
1
1
57
640
-0.21854017532464830304223212745709667397129364560537437506896293958758265936548223106626076262513688585781233707730052627411043815101984745828897339386175287934602633239224389729471809523924635562e-18 0.14460707853612738024654577746053828502234383895556163098743479019082687470044041987169183741579053356633542024632404965083653835948950048176810224963296801797694707016907699870912756175104903780e-18
-0.33579478582638749399436099568257277210808991461457825825746461164653147835681075231038161171788477466866667764570624240612263610256157627399011113901937675618461286011492235813987623319386913370e0 -0.25300803565609059602212411826621276398111975485646394411655035215316649309247862774139949037964386059430987666604634740159770407237580120234497495571988614166388152656887341393162995721015688687e0
-0.28599652745340761162112176471020936024017284108771251997410057118724664912226553667745383967493113826806181984141735189041121687079274344090357244539440901708477678381674322976706435556715464621e0 -0.22370653738083440194615820810404319333051221183093415126249282474877532134567559793320315393089749821665558680696201481486415017886981201446565592133894267081235760696966139510137790185079577123e0
0.49331831601107671500402594914500894247337968414666116675625081993119590500200983320102929708564651198409660360374858235998517605900071869866737112238188591251260208497166945218766601049306841103e0 0.43404467656775397304690539650777502312005010761308483271128828876127078360329432256172181590230908341735166559894129230642892757167790759492055994313966652198216595279374846740572708170500358987e0
0.36539674196871361127501399707781803402906434449332768992095906804196414640997852674475887201169082362822091656514913391795223928464140108011456984958957719236474683835929806728885328943872325279e0 -0.97540868219808818161707570795647565006153915423277601537533175953773637278173757517991398772036658812858848975435001331663439444690320608626906890328167764419133254179047258743303366479789479819e0
0.70273978011434715818761332106015260736379673055710059533314529933080669344462509155758938973391943807738142503764566525484615470444541752705453809224849973890040977625834398909879361114528869398e-54 -0.24146789229366833066432144766865187126394542068234514562347794689260866046504818082939208051997742306640554230547178730707999721200995885334488826133871484673695691118527046104149611249905571024e-54
1.69904835177780e-32
4.012711895677977e+38
7.54123540552953e-19
1.56250000000000e-3
5.51683790636087e-13
1.000000000000000e+00
1
1
58
416
0.5863207055826923056473372777144094351049322480019753267547654571367306515569362799633317092827919023691360129453084221881797236e-19 -0.4273102816483509312163619431144753179422858841940543724578426720496730640785268761291479014031329417606113761974964511872741939e-19
-0.1919048477597933303769172935102560742878327567572657220731159980160110675922374291773168601053725471155909487357492429529008789e0 -0.2510149888728691710843517024626448118976959043604963223250429006246777575779769068952627175956949471010437244401100407394689652e0
-0.4354791250165006924892326114746064235387235228386429901779494357680569004227281758697104859830048675374673507364515864565231970e0 0.2836788353851619971766354936238592391606448956832876995259447327372796928206763676411548030787033548604616170701012955751735063e-1
0.4121170236457398669652737608318033874003051204969396559710371580631554666924905609367234525419243165591328726933650710851967711e0 0.1918714287069387287058580572950003976655290942487845727280942647099357207494422022021286814302530243684014198541125598147311733e0
0.3653967419687136112750139970778180340290643444933276896998505169690101040471449963610783752951708861557674870458257861304470151e0 -0.9754086821980881816170757079564756500615391542327760149953926386921131315285503761089884990454787737155259251002494553159035861e0
-0.1302562008472114936940157219136512670633161965148423352059743437466976210593525088643654141645716926357375903126515294153188956e-55 0.6422025324961067945678330653741995290387724531762087548565750909542114393520673232446768870367170867483985151736882823141128270e-57
1.95865103577661e-33
9.066489186108222e+39
1.02287915061502e-18
1.56250000000000e-3
7.48800200977628e-13
1.000000000000000e+00
1
1
59
96
0.304631939404290999593580164106e-2 -0.186184019093166187482296827469e-1
0.174610402722737840965126606169e1 -0.176146273144545882200803244896e1
0.124229866236155184038383803394e1 0.129480457983994476740853230240e1
0.164580543792826124270648588930e-1 -0.547477849543298713478856125003e0
0.365396859534195755464563772766e0 -0.975408650178285314312086876554e0
0.116056340019537678958155005283e-6 0.174345228133049608535017231999e-6
5.24296265113359e-18
3.638280125352969e+07
1.73951736463473e-28
3.90625000000000e-4
2.08761883774766e-15
1.000000000000000e+00
1
1
60
96
0.108329562509051037087241153670e-2 -0.494905015920820874017136467961e-2
-0.261419905130646672475291901793e0 -0.612591931772055069283414148943e0
-0.438311935161614194805160287235e0 0.200180336391829030865462923809e0
0.501060914286253954242124016219e-1 -0.138287116757581923898596407462e0
0.365396674522856773861439410500e0 -0.975408580719208317882518729799e0
-0.202039842830788807828934514524e-6 0.551835446066199095547205362572e-7
2.82045396670831e-16
4.308751318672861e+06
2.38939412192668e-29
1.56250000000000e-3
1.51537687145467e-12
1.000000000000000e+00
1
1
62
448
-0.4391320075395184566140042073251093645835660365871245670499950527434245170305656346321046242604278818089270636868937027538333867919498830e-19 -0.9337344549961854410649693178957070319205961919099486821032295768392684109048007618677787414913260877364063408449040187495618104764999693e-19
-0.2603665969600694398991766622315044050070223751567930706177957682496581838343423390144419924472701080341315347571437959255738208356370303e0 -0.1702215316470945054442682065096434060049218669351804184361734872766911641426234985288222803259511118869803397231669334234472139432666054e0
-0.4443307228093277983676818506057258537634016223674888553693585621277740099504700713597324789975684256293811400567249880196295489785813549e0 -0.2354072360676673512517649510738490060628452342270798817499977120899928999058483730933960959221677078190767899779036131578164013525436581e0
0.6325816130564419230964744466167321520846668926004367644239213832985625816252300292207815826456596288590196260464395211588112027722247150e0 0.3313975190812711665025777555613278815397988984350253199608945668713918822090725793887568825558208324427782584303328019397868049067678694e0
0.3653967419687136112750139970778180340290643444933276897306106070500085910082237731079092706684493818814350811656306188806133556191694482e0 -0.9754086821980881816170757079564756500615391542327760149799556730556409505114151658821745179835684916647192012647024362727024098961707212e0
0.9360839438108832999191711556759777705702194520151394820375444457121087983688386602295109649463023659064720117333336800669367270922357860e-56 0.5539996405494498696713075434735490239451626913213867309097751517779796653675021071693473515708460925207960146205534621695763979121193133e-55
2.70072461959466e-31
1.997325195199982e+39
1.41616961273821e-18
1.56250000000000e-3
1.03543879076555e-12
1.000000000000000e+00
1
1
63
52
-3.448606490725462e-01 -3.269963250949758e-01
-1.943234098926047e-01 -2.983012331694442e-01
-1.806332828670633e-01 -3.401485435934425e-01
3.273301743748536e-01 5.128111590026382e-01
1.460458719069676e-01 -6.824114444779517e-01
-6.152222109292135e-01 1.315071668579935e-01
2.640744289429354e-14
5.608222660681146e+02
1.473582646607245e-14
1.562500000000000e-03
5.412802012560184e-12
0.000000000000000e+00
1
1
44
52
1.279794751650523e+00 8.559273277262288e-01
-6.653136300708709e-01 1.129618644334939e-01
-1.039142778602141e+00 2.509676097794953e-01
1.170750894640298e+00 -2.792261711483393e-01
1.229332884610400e-02 -1.014272347307662e+00
-4.133421436201665e-01 -4.494272887641652e-01
1.994588508241890e-13
3.393673033247183e+03
2.966905880026517e-15
3.906250000000000e-04
1.470574111003434e-14
0.000000000000000e+00
1
1
47
96
0.304631939404290999593580164106e-2 -0.186184019093166187482296827469e-1
0.174610402722737840965126606169e1 -0.176146273144545882200803244896e1
0.124229866236155184038383803394e1 0.129480457983994476740853230240e1
0.164580543792826124270648588930e-1 -0.547477849543298713478856125003e0
0.365396859534195755464563772766e0 -0.975408650178285314312086876554e0
0.116056340019537678958155005283e-6 0.174345228133049608535017231999e-6
5.24296265113359e-18
3.638280125352969e+07
1.73951736463473e-28
3.90625000000000e-4
2.08761883774766e-15
1.000000000000000e+00
1
1
48
448
0.7889906103269276064768517295612842996718356477024717933683009376474260146016866761494022646121193898014443544871583964787001903291579606e-19 -0.4756592392786053717095825325509169192051178945500964771074582862272726721437638092287025331512417986241965387453669834301804981483800465e-19
-0.1870574794576177196283953914069605169955285813566038485629037871986753482561872157144436232096163814511219157990278821588195181565374301e0 -0.1908713218549261388003733603402775563221241214542779221900816073492999755261440263223821765237487394145668492531803781894198588116801206e0
-0.5126478769630756301187634946819054204249024387558745696139195513456529050277603364405224906014447546076869250026959021551335676932793186e0 -0.5810871214178928650858169305620836518307777299818004385225865076894069684260878761883582357590038514090039580205420187385471681879921622e-1
0.5354788589868337389787877576096078796459781718776230968481917291798266870821721303407020612436603903132128600741752112804463526306461919e0 0.1869330461609405652841564055620256429747254347707556196443346010475813208833159498923307758337875970916441255195975518756506531678747714e0
0.3653967419687136112750139970778180340290643444933276896951221293078271894047242680033627747926205061321745734265163599019497758680517017e0 -0.9754086821980881816170757079564756500615391542327760149928979333562398119793650092301052079215669842005183108349591116138716229025485306e0
-0.2196854016617868022375554290828744972864824231293491556071219228150562871397925192389986857566633590000761596758422276892096736608716181e-55 -0.1471469883788976977484838646177304353204696642555724108113200913676145150413192232803688135121647494159242167442157223791621018966468527e-56
1.83654584345483e-33
5.902472859080523e+39
9.14805249774373e-19
1.56250000000000e-3
6.69829536839743e-13
1.000000000000000e+00
1
1
49
52
1.279794751650523e+00 8.559273277262288e-01
-6.653136300708709e-01 1.129618644334939e-01
-1.039142778602141e+00 2.509676097794953e-01
1.170750894640298e+00 -2.792261711483393e-01
1.229332884610400e-02 -1.014272347307662e+00
-4.133421436201665e-01 -4.494272887641652e-01
1.994588508241890e-13
3.393673033246761e+03
2.966905880026517e-15
3.906250000000000e-04
1.470574111003434e-14
0.000000000000000e+00
1
1
51
64
0.304631939404290999700e-2 -0.186184019093166187513e-1
0.174610402722737840966e1 -0.176146273144545882216e1
0.124229866236155184049e1 0.129480457983994476747e1
0.164580543792826124413e-1 -0.547477849543298713555e0
0.365396859534195755486e0 -0.975408650178285314308e0
0.116056340019537678973e-6 0.174345228133049608620e-6
1.45541478833753e-16
3.638280125352969e+07
2.52279757141292e-19
3.90625000000000e-4
2.08751858330197e-15
1.000000000000000e+00
1
1
17
52
1.279794751650523e+00 8.559273277262288e-01
-6.653136300708709e-01 1.129618644334939e-01
-1.039142778602141e+00 2.509676097794953e-01
1.170750894640298e+00 -2.792261711483393e-01
1.229332884610400e-02 -1.014272347307662e+00
-4.133421436201665e-01 -4.494272887641652e-01
1.994588508241890e-13
3.393673033247158e+03
2.966905880026517e-15
3.906250000000000e-04
1.470574111003434e-14
0.000000000000000e+00
1
1
21
52
-3.448606490725462e-01 -3.269963250949758e-01
-1.943234098926047e-01 -2.983012331694442e-01
-1.806332828670633e-01 -3.401485435934425e-01
3.273301743748536e-01 5.128111590026382e-01
1.460458719069676e-01 -6.824114444779517e-01
-6.152222109292135e-01 1.315071668579935e-01
2.640744289429354e-14
5.608222660681259e+02
1.473582646607245e-14
1.562500000000000e-03
5.412802012560184e-12
0.000000000000000e+00
1
1
22
64
-0.984773674394263194393e-2 -0.380608734862196523878e0
-0.299197721637613082827e-2 -0.115638008272499522753e0
0.895803302427048551128e-2 0.346222254399576767842e0
0.108494861108402014854e-1 0.419325708020360325419e0
-0.112657854907960240079e1 -0.443925676488911676861e0
-0.253281940279811679131e1 -0.998051638503146720924e0
4.16586594362196e-16
6.915235837280156e+03
4.59098097334756e-18
3.90625000000000e-4
1.65135652754789e-12
1.000000000000000e+00
1
1
23
52
-3.448606490725462e-01 -3.269963250949758e-01
-1.943234098926047e-01 -2.983012331694442e-01
-1.806332828670633e-01 -3.401485435934425e-01
3.273301743748536e-01 5.128111590026382e-01
1.460458719069676e-01 -6.824114444779517e-01
-6.152222109292135e-01 1.315071668579935e-01
2.640744289429354e-14
5.608222660681251e+02
1.473582646607245e-14
1.562500000000000e-03
5.412802012560184e-12
0.000000000000000e+00
1
1
24
52
1.279794751650523e+00 8.559273277262288e-01
-6.653136300708709e-01 1.129618644334939e-01
-1.039142778602141e+00 2.509676097794953e-01
1.170750894640298e+00 -2.792261711483393e-01
1.229332884610400e-02 -1.014272347307662e+00
-4.133421436201665e-01 -4.494272887641652e-01
1.994588508241890e-13
3.393673033241311e+03
2.966905880026517e-15
3.906250000000000e-04
1.470574111003434e-14
0.000000000000000e+00
1
1
27
52
-3.448606490725462e-01 -3.269963250949758e-01
-1.943234098926047e-01 -2.983012331694442e-01
-1.806332828670633e-01 -3.401485435934425e-01
3.273301743748536e-01 5.128111590026382e-01
1.460458719069676e-01 -6.824114444779517e-01
-6.152222109292135e-01 1.315071668579935e-01
2.640744289429354e-14
5.608222660681204e+02
1.473582646607245e-14
1.562500000000000e-03
5.412802012560184e-12
0.000000000000000e+00
1
1
28
96
0.127979475165052202985976110528e1 0.855927327726228931305045472632e0
-0.665313630070870819185047739458e0 0.112961864433493581498424715784e0
-0.103914277860214055042152013197e1 0.250967609779494705440373675118e0
0.117075089464029749747452351446e1 -0.279226171148338507438405556676e0
0.122933288461036908519373522739e-1 -0.101427234730766187244198702579e1
-0.413342143620166900374728954917e0 -0.449427288764165384123881333923e0
1.75229728270678e-16
3.393673033247900e+03
3.98196815670751e-28
3.90625000000000e-4
1.91555267741664e-14
1.000000000000000e+00
1
1
30
52
-9.847736743942598e-03 -3.806087348621966e-01
-2.991977216376130e-03 -1.156380082724996e-01
8.958033024270473e-03 3.462222543995767e-01
1.084948611084019e-02 4.193257080203602e-01
-1.126578549079603e+00 -4.439256764889112e-01
-2.532819402798117e+00 -9.980516385031464e-01
2.079172373953431e-14
6.915235837280146e+03
2.160084528982768e-15
3.906250000000000e-04
1.651375840811268e-12
0.000000000000000e+00
1
1
66
52
1.279794751650523e+00 8.559273277262288e-01
-6.653136300708709e-01 1.129618644334939e-01
-1.039142778602141e+00 2.509676097794953e-01
1.170750894640298e+00 -2.792261711483393e-01
1.229332884610400e-02 -1.014272347307662e+00
-4.133421436201665e-01 -4.494272887641652e-01
1.994588508241890e-13
3.393673033244471e+03
2.966905880026517e-15
3.906250000000000e-04
1.470574111003434e-14
0.000000000000000e+00
1
1
67
480
0.39896770680148991109974387276802580654551716251235181702864832081387708782885702683689783009367402299982775887475177156429762251429778212548767963e-19 -0.18565582509808392980802392290212819625072012819142508406464383566368877115269454717036010775992567549534348913359157536023192189942104546608307659e-18
-0.32589956123998783232978928102800749492273084808808748269197790761999326557963558298020507239364909203854993309823803533086062883148236232772787799e0 -0.34595959616000211016883436674045398648687496521988834793466761384964383308724736841394493861009088327723663615752959089363430685047081097198889534e0
-0.17607962443136494037723522269821574923066039254606395867106534612122978441844592163374679371945133755219409931811788603539654801624217319099834585e0 -0.19155244373971870685186627890155874123707920591917078367711902729994487252677206880032260386878385914664242590425960833366780046377112789737870844e0
0.41526002535685812237582481512560252348593193983251330539910493184774050210437447044111000375237414032276903220169918068745387535310757828835631932e0 0.44584654176843584867898062764948679980315039051718127286831061982203742800655228318035003387828120863580846051488958524832169920869879982565399828e0
0.36539674196871361127501399707781803402906434449332768956361622325686455591360598130152143968798197876647299859576706227538540973710121116476881446e0 -0.97540868219808818161707570795647565006153915423277601522476912160926913949581666011077147214386326208949164076407456056272192459144549740962925991e0
0.69806470312793057833008406136382648938305927536376448463555267495611858434644378015593419692621110846841514165408930250123558093112362957914336190e-55 -0.45038015836158431105521325532250925219991346084930289525623814978332337342675425687010967388715099027611479545037012352760402734299411554612275931e-54
1.46788362487785e-31
4.134912402991381e+38
7.71760630783801e-19
1.56250000000000e-3
5.64248122103396e-13
1.000000000000000e+00
1
1
68
96
0.127979475165052202985976110528e1 0.855927327726228931305045472632e0
-0.665313630070870819185047739458e0 0.112961864433493581498424715784e0
-0.103914277860214055042152013197e1 0.250967609779494705440373675118e0
0.117075089464029749747452351446e1 -0.279226171148338507438405556676e0
0.122933288461036908519373522739e-1 -0.101427234730766187244198702579e1
-0.413342143620166900374728954917e0 -0.449427288764165384123881333923e0
1.75229728270678e-16
3.393673033247900e+03
3.98196815670751e-28
3.90625000000000e-4
1.91555267741664e-14
1.000000000000000e+00
1
1
2
576
0.5240146119194098099710399043927396453980160697812642589895837803064141238750236018449469857075150339387978238073229822996188181556863717577278093944420784055071548250154347323e-19 0.7815003105933245956687399309222891008871254153417577139992140843178579664309957218339370645955365040218376119369646011885497180375239689636061392728654666971837020206591419206e-19
0.1702366227962841194338498994516533096755946163307120139181873411803660526438422403456100127414785384860758196173364044869159129301897339584958607726539292372328781909946825413e0 0.2877895983487844695470823015058947035081447051495389821728554251852336339421176248507102556749841818927679793355843387101630916882159334037102787747927799391479269155215447687e0
0.4157445541576490428687889242535312759477162272472718765022589185851290112601767426460368569629033941299167047834449877374437591396613054121590194726467662540311436194466380903e-1 0.7575792455881913541116669010969640124088693208188210615502861026041712741837744365714584095378718173680801489596162490636980433461593102765433940298806143284700071469902501426e0
0.1567482375333205387710355154126636757743894384154343705641882027010694126780752835886598535879694358000488068440491348752246790596695034332055119632591717290738053129236058270e0 0.8361685048855120880420565675791451521104403320959513916790558280175790389653616130751142056670534049306663475810878284201324447047499687929107468042692687046048878190941141659e0
0.3653967419687136112750139970778180340290643444933276897061690974017808179159884043010760952155844763997294596137038081635801493091608428023147686423944827930874884038078114208e0 -0.9754086821980881816170757079564756500615391542327760150014749831164389021432971196104266026116618060496543009574075086845085326944838576679173238601606587146745379258574319832e0
0.2031564031372642205199340520992436369483581668312483240083976241640815467852303094599799340254494749464684134305957169993455065374488369344345944268030623795989604975812514965e-56 -0.9277810259472673819122555007716551822682865901592654126254901454807379003084162797160186353136107986770824407318045017517089805825946604148147267096246012904930269951354991395e-58
4.11578704703896e-34
1.433158605369013e+40
1.03534435872578e-18
1.56250000000000e-3
7.57491390977541e-13
1.000000000000000e+00
1
1
3
96
0.108329562509051037087241153670e-2 -0.494905015920820874017136467961e-2
-0.261419905130646672475291901793e0 -0.612591931772055069283414148943e0
-0.438311935161614194805160287235e0 0.200180336391829030865462923809e0
0.501060914286253954242124016219e-1 -0.138287116757581923898596407462e0
0.365396674522856773861439410500e0 -0.975408580719208317882518729799e0
-0.202039842830788807828934514524e-6 0.551835446066199095547205362572e-7
2.82045396670831e-16
4.308751318672861e+06
2.38939412192668e-29
1.56250000000000e-3
1.51537687145467e-12
1.000000000000000e+00
1
1
6
64
0.423227378256022492080e0 -0.403995730189901687443e0
-0.256448199663156225950e0 0.115197364177872958444e-2
-0.405409043560701387278e0 -0.261040273443012178270e-1
0.456524094464730555734e0 0.280898526707985749860e-1
0.592687105564872932439e0 -0.148835269345240851400e1
0.874101038988567326520e0 -0.407364103549403411920e0
2.32939518403290e-17
7.622811100269771e+02
2.05220972809078e-18
3.90625000000000e-4
5.24477390582027e-15
1.000000000000000e+00
1
1
7
52
-3.448606490725462e-01 -3.269963250949758e-01
-1.943234098926047e-01 -2.983012331694442e-01
-1.806332828670633e-01 -3.401485435934425e-01
3.273301743748536e-01 5.128111590026382e-01
1.460458719069676e-01 -6.824114444779517e-01
-6.152222109292135e-01 1.315071668579935e-01
2.640744289429354e-14
5.608222660681229e+02
1.473582646607245e-14
1.562500000000000e-03
5.412802012560184e-12
0.000000000000000e+00
1
1
10
480
0.11647486959072595248137450289546330544772753783144169929800789103342311883837243992163819742996192682773834513922356479477225084523466614000082800e-18 0.66835217275349238256079166742209857403497043992575820038289160251652426087260507349500939743758287439406206896229612861369226204727742562192791561e-19
-0.37752900389055192390394286168681475938654886860029925761524229135819754011809315301985912656800918948400773670189152237435260098648932255318455522e0 -0.28095120369759543152970080068871875785015962485680209633441374732190968870980220679823687437351695916756690758677987052287296839692554012003825408e0
-0.24933792431657639668093147089961496014573598139413465283017416442282871287042993926235696083781350244711340942339998315902445343973750627327005414e0 -0.36363037570116137184163987942282916531438393232415768937503305574230438885606638001689848530928246631582807108698983306331588975612478474707123274e0
0.57064428524049768951297026539847204391263230837604621998905070789696591816292254889036601583432510335242835887645311261874863027189710096110241576e0 0.48681652379351416836186615583571508156385278157432172674184954020562923389235287561479406606663836839297216147916485209489070679799699145680669367e0
0.36539674196871361127501399707781803402906434449332768969214183025088225328259092238534052455401689523170719481371863616341362941197993848202100628e0 -0.97540868219808818161707570795647565006153915423277601497418997555312280393705961851336089111027323120335068449797595483717521518905795866909586049e0
-0.46972891469237367148509126046460095790378555330296038845932009743030828540138478153485898509590487921616010693429206788512495766154123007054056652e-55 0.19386783301641511587091443632156667893418618632716511494591438484616815426849890974776247345083625412740662406423489250881485864770852021811134398e-55
2.06359915925636e-33
3.442335090122576e+39
9.97088534579361e-19
1.56250000000000e-3
7.29880156629649e-13
1.000000000000000e+00
1
1
11
64
0.627898892339051814537e0 0.304305102772832128920e0
-0.310423698555190450847e0 -0.368416103289450853084e0
0.235013733788665529813e0 0.197170338168583018993e0
0.459795315051144608742e0 0.500179906455100266251e0
-0.931950523674972971673e-1 -0.273279751100937852074e0
-0.138746421656613126759e1 0.390927275788260836448e0
4.72413648691183e-17
1.141766316109075e+03
3.36713978487182e-18
3.90625000000000e-4
8.35028500123881e-15
1.000000000000000e+00
1
1
14
128
0.3190800415311596881734789584782233713189e0 -0.2292292223960018820305270644778218120436e0
0.4579916649200847973091647958989344359781e0 -0.2768054647532669853135411266497112942621e0
-0.4643157855548438584962311763607879764544e0 0.2675319915674387970144162216317905105101e0
0.7690371506213945597058366348179824714073e0 -0.4529738623578036509985889064040553843516e0
-0.4702767162631112859332622039158349808276e-1 -0.2038863734815674810578942677648373159412e0
-0.1406110159599154986377163352189460744516e1 0.5329727390598377295049277159303043077591e0
6.07680692511911e-18
1.668829898211336e+04
8.37835204350844e-36
3.90625000000000e-4
1.15787422753819e-14
1.000000000000000e+00
1
1
15
160
-0.47568415107117312451093494240987935360361008243996e-1 -0.89947909428938275685189931524209654489102764196916e-1
-0.29275455407205293983057826114811907751261317026417e0 -0.22424457680565841940262410830960273595107785781862e0
-0.30315187946003721628046380145882735873440693272547e0 -0.22853402097811822578831236314258327675941318661421e0
0.47293291257358788006880504299116737338996368951280e0 0.41323148269895156504410087214424349881727513585129e0
0.36748813690867793602824359878323142684904037794491e0 -0.97292507065095811901387988353943112475045256979766e0
-0.98776298937496871195379714906810661956950364483185e-4 0.55800935765304974492134179499916530209049129502441e-2
2.53618742598041e-18
2.202510183859423e+02
4.08446956807641e-48
3.90625000000000e-4
2.88862698977905e-15
1.000000000000000e+00
1
1
81
52
-3.448606490725462e-01 -3.269963250949758e-01
-1.943234098926047e-01 -2.983012331694442e-01
-1.806332828670633e-01 -3.401485435934425e-01
3.273301743748536e-01 5.128111590026382e-01
1.460458719069676e-01 -6.824114444779517e-01
-6.152222109292135e-01 1.315071668579935e-01
2.640744289429354e-14
5.608222660681266e+02
1.473582646607245e-14
1.562500000000000e-03
5.412802012560184e-12
0.000000000000000e+00
1
1
82
352
-0.42509024738636236346132202646818007874919134941407774721354943854856996994512483895012037559748044600373249e-19 -0.12373378890340037359953294055709709964867588888753260508853593551970073018671020214183579206202795305892297e-18
-0.24348705063837674459257702459106030721094154581396374381652845935324406598865295254024796603496600664469190e0 -0.32327737234225455185771651372036651863912337019512821056019490769670979756862280018226128987444049441209860e0
-0.43750507202472167086184576666611363191116903906294609032480360256251637340755303550615369728632892789868585e0 0.33177049760560203835537168406640881582421639360232109237878785067466323518085511211255522994513936957790980e0
0.54206979251111861868298325917029215140363799014524557599495581819642579947636259196434847740894230099612569e-1 0.87555249799901731886484184346215030868407122284785261463794553495331081424737521376880975420706767586882270e-1
0.36539674196871361127501399707781803402906434449332768970603414344605380229414456954926967576828773077974110e0 -0.97540868219808818161707570795647565006153915423277601503237887116581580201447404478998810101547643247387319e0
0.36786249839337135197584349996565892975802137449728632103959528115433700176014559420433993978538050569831699e-55 -0.40265784836633500629646055621573831153850288531192258686575878251503706811140110812558766478413539581090639e-55
8.76622139696772e-33
4.665888048266766e+39
1.26727806027238e-18
1.56250000000000e-3
9.27618035142712e-13
1.000000000000000e+00
1
1
83
52
-3.448606490725462e-01 -3.269963250949758e-01
-1.943234098926047e-01 -2.983012331694442e-01
-1.806332828670633e-01 -3.401485435934425e-01
3.273301743748536e-01 5.128111590026382e-01
1.460458719069676e-01 -6.824114444779517e-01
-6.152222109292135e-01 1.315071668579935e-01
2.640744289429354e-14
5.608222660681246e+02
1.473582646607245e-14
1.562500000000000e-03
5.412802012560184e-12
0.000000000000000e+00
1
1
70
52
-1.739761770689449e-01 -3.570745973516655e-01
-1.889378898430913e-01 -2.298686180772302e-01
-2.257353526878247e-01 -2.294736859188559e-01
3.264960903416225e-01 3.898020469296465e-01
8.243738289262039e-01 -6.634181976278525e-01
2.417438237460926e-01 9.227908322597154e-01
1.067662871904967e-14
2.672404533802649e+03
1.537343960480944e-14
3.906250000000000e-04
7.811555157968702e-15
0.000000000000000e+00
1
1
72
52
-1.739761770689460e-01 -3.570745973516635e-01
-1.889378898430920e-01 -2.298686180772307e-01
-2.257353526878249e-01 -2.294736859188569e-01
3.264960903416234e-01 3.898020469296479e-01
8.243738289262080e-01 -6.634181976278606e-01
2.417438237461070e-01 9.227908322597095e-01
1.154631945610163e-14
2.672404533802716e+03
3.573811976203956e-15
3.906250000000000e-04
7.259873912822375e-15
0.000000000000000e+00
1
1
84
52
-3.448606490725462e-01 -3.269963250949758e-01
-1.943234098926047e-01 -2.983012331694442e-01
-1.806332828670633e-01 -3.401485435934425e-01
3.273301743748536e-01 5.128111590026382e-01
1.460458719069676e-01 -6.824114444779517e-01
-6.152222109292135e-01 1.315071668579935e-01
2.640744289429354e-14
5.608222660680522e+02
1.473582646607245e-14
1.562500000000000e-03
5.412802012560184e-12
0.000000000000000e+00
1
1
86
96
0.127979475165052202985976110528e1 0.855927327726228931305045472632e0
-0.665313630070870819185047739458e0 0.112961864433493581498424715784e0
-0.103914277860214055042152013197e1 0.250967609779494705440373675118e0
0.117075089464029749747452351446e1 -0.279226171148338507438405556676e0
0.122933288461036908519373522739e-1 -0.101427234730766187244198702579e1
-0.413342143620166900374728954917e0 -0.449427288764165384123881333923e0
1.75229728270678e-16
3.393673033247900e+03
3.98196815670751e-28
3.90625000000000e-4
1.91555267741664e-14
1.000000000000000e+00
1
1
90
480
0.12585672904153430440808350446988606134807512180121802096086008705872070447179691598520547828499533751947961043014651588360830735622710876350219854e-18 -0.77060943800995852751465294472710360351580700512496045610074262367570228851949611975271312971124435236626496615293592149528960646749166623355413401e-20
-0.32453053997656758745785231229665850967896151020519546088544878177965327880033673971057957148127190747173889624318464200930350837174197061734997823e0 -0.33025221856530480491098945649189598574679696828868735392279115727443165824240955018971350419855534251342003571962588470132609980066904504649270690e0
-0.19099653550448888365712745055621967300168324830103364834484980329435395922705762635933257883038088216290334823006204823024697712919626416390484614e0 -0.19866285458248442354790573670653403535681267405858198548202117585619989715041968983956549011939447215681911881803345856399726559851738482590076026e0
0.43199603276177184704634391235616569548289469058822709978309420223420638430478765158266105190975329700502799091893291445597279283069799399237930280e0 0.44646243208329474173366977227448442244134025361298312695268086942766470699234771374029198774982149327207271175943173218010574076629454840913155023e0
0.36539674196871361127501399707781803402906434449332768966836481210220434208693061766142144758813718840721501705894739186330301254429548576615033807e0 -0.97540868219808818161707570795647565006153915423277601488109980402300309640779555962971792233700543018348729086712210571868609643410438981430961020e0
-0.18298024746117929448772960355332250033631389717830299515250938666676103001653232368337462468151246774981056084602177087287173033868474128659984508e-54 0.11306414057203320810508480532256653981741931354076343633657707242504842009559182903974493463042659813770939239167941925475053560341275470158801841e-54
9.66840018414859e-30
5.160493123042745e+38
1.32490575514692e-18
1.56250000000000e-3
9.72585188549500e-13
1.000000000000000e+00
1
1
91
544
-0.453318644255192713943553261506155034405977518839568113913271095299048870527886147769723754779796618010301440476630772090695545123784832942714105257667461612534097432e-19 -0.811976242657049019681307636515354348758350494757155947462311144590007326659284457926447777328673446323804347344000917389526579773685376426395932977242714896098200592e-19
0.485885934754302666756742551575228126569564631887136495291647833766488583116394814051323444368086093527378983975463047766555241812942516439032719551256856868964383400e0 0.427923578254371319547159996838411012409014927232129835423723901996308737417940786000498511254344784517417048347031543973397063922420751008174691661617511080161117840e0
0.242766007806398812247011815450798103673435723150009067352239254671321545076405252535015922435316724654931303103357833998207027262311734964809473348497820139472560475e0 0.723734959023608222012253058462079799250899791972588394183014252790176892504014389133147377951193383411218482128461912186693453778978360760368209057813001012998779585e0
0.480407306011492881834192654648142879347310172678515685453977031956320539855209187636541275371516468363492946948598768755179110435569810382492000574582920130049920630e0 0.103529939511750393784571855370952131344717444175669728925122199126106239494317211451374366079569065023646275185289898056376923246403371324835076935974636615689722515e1
0.365396741968713611275013997077818034029064344493327689705872065660049780784743928279954969594119543555821109600811600017538796322201980319941910744487844859674543627e0 -0.975408682198088181617075707956475650061539154232776015000760282971552480789046488977417480013533290263076113823994864152158799572076401924877387942473481282663569019e0
0.839111012491016460488892387715813940906690065480544592672634025546626482413935430710946583932011418332772480803916327013345722434843792729498126596552760292337061655e-57 0.497033852245591694368162024777953115338308607189597652984097153501320785295434121853047921127187735216517603530783479407678680742656831439258094084550677456683131707e-57
1.95168809985297e-34
3.796242371314832e+40
1.00440415179421e-18
1.56250000000000e-3
7.34822620331798e-13
1.000000000000000e+00
1
1
80
576
0.7033219966986812959399794548880240800714575874390934409241494568276899601213036524964160682597869486405580056296282170986299148305321263625417864636382541321555896486374719978e-20 -0.4571563178332453447821897568383310111213074143427942696218321514243364876202646044491749920870815168624764536778117895975770589941923362321838891126563469583000194790233910822e-19
-0.1588843829117501030142562433363039838212700433793426612158163602055628093058166632942427872914921012754706823368563723112324408393717488418196013244171925566578338503074857864e0 -0.5298337624354528600859558649363562744779493188287716424375143280494967923741850199987121674891006332598981952292941179051703863894751241502296591864009690683065420250381762239e0
-0.4223650993757624246085634118260027080645934301126760094593223687715513957516130588143279530733768008594115188810541188347027331934006989444529134364384223790959857351145978480e0 0.1267499767072149586670711860533035757660385152282159118209846631998589290771921496519653661596382577068945513092266839200422580141372502985598186000316095505447652160181197815e0
0.2401294567788916728618574578513870637797215143275025203020332008442647825052642416830433876854107012365647862538152239329217788848918881254887133621416916355748892786894179091e0 -0.7231097396798107216557905148147385446618423397399882074912148927987797249576038706761411110822775771555379435715020830657748135809523946234739725334057475071785425687380758031e-1
0.3653967419687136112750139970778180340290643444933276897051810575842464213404542739772435239642653009152500418454876286093934540989173401829576297050865264403099444334295495840e0 -0.9754086821980881816170757079564756500615391542327760150016648898777770497403642299363697446528570184047997263834500756755055553715366413103345335332724105496373668313562918991e0
0.9666985859249513459815236758291518240419191867973665014124560823357181045893328952406504153792736857909684218877051349707384480142299420923215324057883759914999741751223991952e-57 -0.1455449581443572580600803535790386261803357102583988718520471117166129214456883875300459537015150160359856180387204964587986114334582855970899832526711219322695362326983885995e-56
1.93858604866154e-34
5.420635616386614e+40
7.58629826436978e-19
1.56250000000000e-3
5.55370419823942e-13
1.000000000000000e+00
1
1
94
52
-1.739761770689460e-01 -3.570745973516635e-01
-1.889378898430920e-01 -2.298686180772307e-01
-2.257353526878249e-01 -2.294736859188569e-01
3.264960903416234e-01 3.898020469296479e-01
8.243738289262080e-01 -6.634181976278606e-01
2.417438237461070e-01 9.227908322597095e-01
1.154631945610163e-14
2.672404533802715e+03
3.573811976203956e-15
3.906250000000000e-04
7.259873912822375e-15
0.000000000000000e+00
1
1
95
52
1.279794751650523e+00 8.559273277262288e-01
-6.653136300708709e-01 1.129618644334939e-01
-1.039142778602141e+00 2.509676097794953e-01
1.170750894640298e+00 -2.792261711483393e-01
1.229332884610400e-02 -1.014272347307662e+00
-4.133421436201665e-01 -4.494272887641652e-01
1.994588508241890e-13
3.393673033247221e+03
2.966905880026517e-15
3.906250000000000e-04
1.470574111003434e-14
0.000000000000000e+00
1
1
93
416
-0.1703681292990977053066430520838319970615781920288944552492416423312573356838221675228510923611251566625661372565469817220016335e-19 -0.3211502983342216020849030094208493967070223270201564195076037645833639597228698452302089994048643187453191062760605647162660770e-19
-0.2307789192086622824997726137550124955090460742155921519546372786737251659558046273479810143533423998523859310892589682424399998e0 -0.2016180702493353425874185548290629018823162942857569534427520014460827743902009385087903795347345505486916203721042518667195794e0
-0.2314324422107563042648161979311383401951407215043255022848610600694081300554852428058867288880014514805255014753281499798355593e0 0.4552131850589903372840233645689210219699712401050370471178546328590764606671615011008821012875300790372412654000263800916140574e0
-0.4432453956367312003141554120085178473033512737037761432227205753188738362420077474846063279963045020422699263017990860793643874e-1 0.3597699296238802622324364664815401797150409995704023112915545589286730182412584961306762684413605630607125919021532155004540952e0
0.3653967419687136112750139970778180340290643444933276897049411439602731584906408404225228487240400354603329981854990155550359719e0 -0.9754086821980881816170757079564756500615391542327760150012978397423434109715871048899996854126837477783691316931085795372063992e0
0.2411485677062213328342415129209811697701229778427038956371219270659448934416786426935743234204550282247751737806635013213481228e-57 -0.1251285332429108693130115605946407191728130914776802729313348979688348195824021864342054010422934273982317144349872121548226565e-56
1.64981243076819e-33
8.879764098868265e+40
1.05517835346977e-18
1.56250000000000e-3
7.72369973565727e-13
1.000000000000000e+00
1
1
75
52
-3.448606490725462e-01 -3.269963250949758e-01
-1.943234098926047e-01 -2.983012331694442e-01
-1.806332828670633e-01 -3.401485435934425e-01
3.273301743748536e-01 5.128111590026382e-01
1.460458719069676e-01 -6.824114444779517e-01
-6.152222109292135e-01 1.315071668579935e-01
2.640744289429354e-14
5.608222660681046e+02
1.473582646607245e-14
1.562500000000000e-03
5.412802012560184e-12
0.000000000000000e+00
1
1
77
64
-0.344860649072547435084e0 -0.326996325094977431989e0
-0.194323409892604478225e0 -0.298301233169444446596e0
-0.180633282867062410482e0 -0.340148543593443215881e0
0.327330174374852601979e0 0.512811159002638792094e0
0.146045871906966673515e0 -0.682411444477950225357e0
-0.615222210929216245274e0 0.131507166857994287101e0
2.70798159261176e-14
5.608222660681200e+02
3.40040607258335e-18
1.56250000000000e-3
5.41167855036015e-12
1.000000000000000e+00
1
1
99
512
-0.583703294358872898495948619875289127513578045384668468355327300017553180903367136988154231360524651433941016469224303538088524517941036528113841188391948961e-19 -0.118482827336141348165203406448658235924381284791656012307653619396491000123889841965340949578703380003125313137278144156654432181494525099842737875063017685e-18
-0.284178072106718032154111845545685493407282037207015933028704180037150100048497220678377281803113250925643704334193918491859101411784341436335054419070744995e0 -0.317903574604844944141176992354971741938661430559418111718140978355992996886778422723885093500756491618383827819240113648929626186151967702262602687359526356e0
-0.439464526279341210493858836287828854898077461855376549515753660019784824767936940101464272362911997545290408666215572646041761421588171979649045191607688161e0 0.401421649289236204517151454810953683388114093923500492626232637227084503960822864357286266766875355226160422500226729274901162037567374826722469671804767977e0
-0.446798108844964712163641006587005175593064126992385414351362012326258839732081130720673383249728172354639884548035912241808195174800813198158300770061649661e-1 0.924579025863900239789725041656758545704600726838900043554469396465912021474135082116329335071037142692159495236999216260260616541789382713688942628230234003e-1
0.365396741968713611275013997077818034029064344493327689702180982308634561725860079450244357656066193860352693026151428095960057372985305817816027210167396486e0 -0.975408682198088181617075707956475650061539154232776015028070141945461584043724627344655083812650547383258834964615944334786526715626961292059847254088940043e0
0.269264264150954078362280050286451539095376316287319356139565974925376936943050751203473371513508242524981104865451964196044353397913853424082620104795834995e-55 -0.390410657640161428965339131004541969347902693398396979801594476742925420265218699204693671046104112539248730356852126656543009960145184697946097325155671509e-55
1.06425698450879e-32
6.813576078642556e+39
9.52660514872106e-19
1.56250000000000e-3
6.97216104446550e-13
1.000000000000000e+00
1
1
100
52
-3.448606490725462e-01 -3.269963250949758e-01
-1.943234098926047e-01 -2.983012331694442e-01
-1.806332828670633e-01 -3.401485435934425e-01
3.273301743748536e-01 5.128111590026382e-01
1.460458719069676e-01 -6.824114444779517e-01
-6.152222109292135e-01 1.315071668579935e-01
2.640744289429354e-14
5.608222660681255e+02
1.473582646607245e-14
1.562500000000000e-03
5.412802012560184e-12
0.000000000000000e+00
1
1
88
52
-1.739761770689460e-01 -3.570745973516635e-01
-1.889378898430920e-01 -2.298686180772307e-01
-2.257353526878249e-01 -2.294736859188569e-01
3.264960903416234e-01 3.898020469296479e-01
8.243738289262080e-01 -6.634181976278606e-01
2.417438237461070e-01 9.227908322597095e-01
1.154631945610163e-14
2.672404533802714e+03
3.573811976203956e-15
3.906250000000000e-04
7.259873912822375e-15
0.000000000000000e+00
1
1
103
96
0.304631939404290999593580164106e-2 -0.186184019093166187482296827469e-1
0.174610402722737840965126606169e1 -0.176146273144545882200803244896e1
0.124229866236155184038383803394e1 0.129480457983994476740853230240e1
0.164580543792826124270648588930e-1 -0.547477849543298713478856125003e0
0.365396859534195755464563772766e0 -0.975408650178285314312086876554e0
0.116056340019537678958155005283e-6 0.174345228133049608535017231999e-6
5.24296265113359e-18
3.638280125352969e+07
1.73951736463473e-28
3.90625000000000e-4
2.08761883774766e-15
1.000000000000000e+00
1
1
96
544
-0.481749614337576292911719880149323319576054009448649705865280858260623041003094642832884411212722814367261307926413979454228697872948490800238895832259117713195914662e-19 -0.106403667047523179100456061449469246086277876402562291403876501359165892734753941187749204880233517521871305104578311225098142307028997828998925401796785017019161351e-18
-0.442921549532115380337002182550212985012419798998735508139939951609042652665136952656176707909569498317269079609117597746811325682214312617766221323623319303624314706e-1 -0.242552433052067110319265832712034311281051881185918485100545930306792905431627894286521765325748354938536411332660585729344923756354464975293872247854483440124113931e0
0.725259017895960774659669149721768450464464920723489867292668613715284524274826810220749994329987517964343117070012445950066926493044424872939214478395764576149012118e-1 0.397790133593347860420868509255048050804500001836414597552104676744029135214476806917442423474135738981675985198568681511932537069751920393133183356080953065001895525e0
0.994410301690437650997219518463201662059683567715957925103498169066576130774225611714739664489237401796720320788648497317148928592299529115513863916633086757110484956e-1 0.550097520445916493490590877998653195465392387723393251750494318836582282588591467943957400905357098111300985193594277855557652163360609618705553367397607095868369544e0
0.365396741968713611275013997077818034029064344493327689897530358000409606274781741852898500549265584357628079703888106999613890587341943500839675962465183601003158565e0 -0.975408682198088181617075707956475650061539154232776014913554155741950500422628024488914617762445210801170523244579812174731766401708804807211091573586723798445675546e0
0.150470557934077329895085087466984703595148020089396229401593883343314922737661107805316522268468211600397582436566202116509537235270463645684306403208665330090843681e-54 0.330052635678632195747995508752832385620699434006358218961691490395874920175965348457723025218779774245799824933923368934313364501029744077965895985880707443570220917e-54
2.57108013978948e-28
2.301991376420233e+38
9.99199698004924e-19
1.56250000000000e-3
7.19055726124926e-13
1.000000000000000e+00
1
1
105
52
-1.739761770689449e-01 -3.570745973516655e-01
-1.889378898430913e-01 -2.298686180772302e-01
-2.257353526878247e-01 -2.294736859188559e-01
3.264960903416225e-01 3.898020469296465e-01
8.243738289262039e-01 -6.634181976278525e-01
2.417438237460926e-01 9.227908322597154e-01
1.067662871904967e-14
2.672404533802649e+03
1.537343960480944e-14
3.906250000000000e-04
7.811555157968702e-15
0.000000000000000e+00
1
1
-1

2 0
2 6
1652876244400979534726929776770913736614351909327902130196450779901632790782355740393467779453243915448157850727794197771255797773780577197063704854194283958171825918358053984593756115828969494374740637495826042875219589564073871962127419744552776166223637156432679925602048586058229677137629454342646044424023/10000000000000000000000000000000000000000000000000000000000000000000000000000000000000000000000000000000000000000000000000000000000000000000000000000000000000000000000000000000000000000000000000000000000000000000000000000000000000000000000000000000000000000000000000000000000000000000000000000000000000000000000 7712705555687968866646900439902669955588600542082964197642804097115778586346954202651747436697678711978124923169076370351701195457893302850288708326386537765084177938661280380092403599135535417448332535126158086124479102923420276019141031810483819759573523290975686380167861377249097869939930090746614220781049/10000000000000000000000000000000000000000000000000000000000000000000000000000000000000000000000000000000000000000000000000000000000000000000000000000000000000000000000000000000000000000000000000000000000000000000000000000000000000000000000000000000000000000000000000000000000000000000000000000000000000000000000
-539716577173571837174603894003643045495091880338377199380665346590062280677896684814174005608650619854990679959558971597036882991839131218147523677635550944013400688577380062002935182542784033124181720976288295599239934744193461735190052556004179695151640464844781905709907216707938469574222137735080135882367/2000000000000000000000000000000000000000000000000000000000000000000000000000000000000000000000000000000000000000000000000000000000000000000000000000000000000000000000000000000000000000000000000000000000000000000000000000000000000000000000000000000000000000000000000000000000000000000000000000000000000000000000 9429045734740590718278240033361826284701850756103565111401733144371715025565322261231001576545047286375456254943808740713902299655363567302952083053049322421783818067463259600127920031639976166314138268669424914161603355628473960802565784926061003980158222270770235583130989821447200957982150752214603263892091/10000000000000000000000000000000000000000000000000000000000000000000000000000000000000000000000000000000000000000000000000000000000000000000000000000000000000000000000000000000000000000000000000000000000000000000000000000000000000000000000000000000000000000000000000000000000000000000000000000000000000000000000
-1240779781362731584792149440917959219774259587514642453981312371012591438106655387504501215772733280306852809797090889295264981590001266407844312725899703692197992424406722406157244653269356892692301224213208309662208767837558599591448515080462952746344081831110812694780288063620920043004278359675054239680221/2000000000000000000000000000000000000000000000000000000000000000000000000000000000000000000000000000000000000000000000000000000000000000000000000000000000000000000000000000000000000000000000000000000000000000000000000000000000000000000000000000000000000000000000000000000000000000000000000000000000000000000000 -3819996521338472424831042675249177274765360045058719370406525267094005316411938865325639477359423393286606480655654721949545575249546601373365357640257074448539961787043889065637575736351314596352870489623001415961072256175186022890159812765979709366777128369523720470713398283653207056299755547787817360384797/5000000000000000000000000000000000000000000000000000000000000000000000000000000000000000000000000000000000000000000000000000000000000000000000000000000000000000000000000000000000000000000000000000000000000000000000000000000000000000000000000000000000000000000000000000000000000000000000000000000000000000000000
649502664332617345626835007877590669816590264477414118692929616418214472724160119513054115228452765906992460885349148362803566293514248009761378451033509047970574061721638034195444082067580054591484278204841092246721574138773501405162591465866018369395084347265859876976047979603939336383924908086101895484707/1000000000000000000000000000000000000000000000000000000000000000000000000000000000000000000000000000000000000000000000000000000000000000000000000000000000000000000000000000000000000000000000000000000000000000000000000000000000000000000000000000000000000000000000000000000000000000000000000000000000000000000000 -396147334944650904095667739781691693948774481802676654240966761663215340615283056773137320405302702444186312283940725306484248419975304177910823685397364518584505137431307929985276170909464747926041979983520017036775693437246255234149171087172656979610500640087834102878249524857193922331852078453779151180623/500000000000000000000000000000000000000000000000000000000000000000000000000000000000000000000000000000000000000000000000000000000000000000000000000000000000000000000000000000000000000000000000000000000000000000000000000000000000000000000000000000000000000000000000000000000000000000000000000000000000000000000
0 0
0 0
0 0
0 0
0 0
0 0
2104942404566527846778838454255646618836135808724866238056535565932989258391738383575120657752609147526019964692577730567816664243200764770784005683648409090181983245812941534996666455630808713607948068276174769187828284811295366827562584492194966615671774647486983983085216167156927815307259726514411691631/6250000000000000000000000000000000000000000000000000000000000000000000000000000000000000000000000000000000000000000000000000000000000000000000000000000000000000000000000000000000000000000000000000000000000000000000000000000000000000000000000000000000000000000000000000000000000000000000000000000000000000000 8990464822992478274329605935325867489339049473416822789000483698108919798716257566907641328141054615261560246977022130902445529488636245577020149568677198035138343033557192633563259792245507162104315899304392099509802584963523714685991738025723566696786824960139562898722131924271330355358344125005505987592387/10000000000000000000000000000000000000000000000000000000000000000000000000000000000000000000000000000000000000000000000000000000000000000000000000000000000000000000000000000000000000000000000000000000000000000000000000000000000000000000000000000000000000000000000000000000000000000000000000000000000000000000000
-614442301746893880576574528746123527089024656104629363152234276269152387160547688960619103079839749746063339818273572626726818163011407288945132034829400816132491405725646220173916694997579484820038310020398068831076314854465441753229345708423936074913429010644072448969236720885597266684758236891013037441219/1250000000000000000000000000000000000000000000000000000000000000000000000000000000000000000000000000000000000000000000000000000000000000000000000000000000000000000000000000000000000000000000000000000000000000000000000000000000000000000000000000000000000000000000000000000000000000000000000000000000000000000000 -2652224003689961906658030025617068864129844317642986545202999367732565658133890181303782914356891823147500702003027342510506624077800919447170777994141704281533365313869801305506222838716996431483710053763519213792438414955787755091476965284544537435943902844676350946925202872717648435112995131823545010106241/10000000000000000000000000000000000000000000000000000000000000000000000000000000000000000000000000000000000000000000000000000000000000000000000000000000000000000000000000000000000000000000000000000000000000000000000000000000000000000000000000000000000000000000000000000000000000000000000000000000000000000000000

-1
-1595955502281383753063386366016924580508663849731283022826800568545205380376503441621918495999903865122606712996969974051839598844886284125726284901779455254674923024245901264142685414635982477691925258018025370677202344219848926965778156600953942619626894899995126458127761418433713277972585377452003022374363/10000000000000000000000000000000000000000000000000000000000000000000000000000000000000000000000000000000000000000000000000000000000000000000000000000000000000000000000000000000000000000000000000000000000000000000000000000000000000000000000000000000000000000000000000000000000000000000000000000000000000000000000 4840649046073622689881178884091960101249767656921749162826001610110494296355111599646981585683407458822946233920787484255774060863188683562807223336116209582429780523312889212697912650425886847656899354522029997896798535389786034850484556132943474900331062124359935607598330398675847057649252139802002661322367/5000000000000000000000000000000000000000000000000000000000000000000000000000000000000000000000000000000000000000000000000000000000000000000000000000000000000000000000000000000000000000000000000000000000000000000000000000000000000000000000000000000000000000000000000000000000000000000000000000000000000000000000
0 0

0 0

0 0

