2                                                

0.303823842388608092154e0 0.643745039913268257692e-19
-0.909653990271479843401e0 0.101643953670516040688e-19
-0.110172381664383424384e1 -0.118584612615602047470e-19
0.444792292666039146601e0 0.537222176466567447051e-16
0.100000000000000000000e1 0.000000000000000000000e0

3.038238423886083e-01 -2.255140518769849e-17
-9.096539902714796e-01 5.898059818321144e-17
-1.101723816643834e+00 8.673617379884035e-17
4.447922926660393e-01 -1.387778780781446e-16
1.000000000000000e+00 0.000000000000000e+00

