55                                               

7.285982877657813e-01 -1.741348882832583e-01
7.682817670888126e-01 -2.578526409350305e-01
-1.242257574854647e+00 3.091031043711340e-01
1.000000000000000e+00 0.000000000000000e+00
-3.687622402081300e-01 8.226210339439763e-01

7.285982877657813e-01 -1.741348882832583e-01
7.682817670888126e-01 -2.578526409350305e-01
-1.242257574854647e+00 3.091031043711340e-01
1.000000000000000e+00 0.000000000000000e+00
-3.687622402081300e-01 8.226210339439763e-01

7.285982877657865e-01 -1.741348882832564e-01
7.682817670888189e-01 -2.578526409350270e-01
-1.242257574854657e+00 3.091031043711295e-01
1.000000000000000e+00 0.000000000000000e+00
-3.687622402081158e-01 8.226210339439729e-01

7.285982877657865e-01 -1.741348882832564e-01
7.682817670888189e-01 -2.578526409350270e-01
-1.242257574854657e+00 3.091031043711295e-01
1.000000000000000e+00 0.000000000000000e+00
-3.687622402081158e-01 8.226210339439729e-01

7.285982877657865e-01 -1.741348882832564e-01
7.682817670888189e-01 -2.578526409350270e-01
-1.242257574854657e+00 3.091031043711295e-01
1.000000000000000e+00 0.000000000000000e+00
-3.687622402081158e-01 8.226210339439729e-01

7.285982877657813e-01 -1.741348882832583e-01
7.682817670888126e-01 -2.578526409350305e-01
-1.242257574854647e+00 3.091031043711340e-01
1.000000000000000e+00 0.000000000000000e+00
-3.687622402081300e-01 8.226210339439763e-01

7.285982877657864e-01 1.741348882832601e-01
7.682817670888182e-01 2.578526409350306e-01
-1.242257574854656e+00 -3.091031043711359e-01
1.000000000000000e+00 0.000000000000000e+00
-3.687622402081249e-01 -8.226210339439708e-01

7.285982877657864e-01 1.741348882832601e-01
7.682817670888182e-01 2.578526409350306e-01
-1.242257574854656e+00 -3.091031043711359e-01
1.000000000000000e+00 0.000000000000000e+00
-3.687622402081249e-01 -8.226210339439708e-01

7.285982877657864e-01 1.741348882832601e-01
7.682817670888182e-01 2.578526409350306e-01
-1.242257574854656e+00 -3.091031043711359e-01
1.000000000000000e+00 0.000000000000000e+00
-3.687622402081249e-01 -8.226210339439708e-01

7.285982877657864e-01 1.741348882832601e-01
7.682817670888182e-01 2.578526409350306e-01
-1.242257574854656e+00 -3.091031043711359e-01
1.000000000000000e+00 0.000000000000000e+00
-3.687622402081249e-01 -8.226210339439708e-01

7.285982877657864e-01 1.741348882832601e-01
7.682817670888182e-01 2.578526409350306e-01
-1.242257574854656e+00 -3.091031043711359e-01
1.000000000000000e+00 0.000000000000000e+00
-3.687622402081249e-01 -8.226210339439708e-01

7.285982877657864e-01 1.741348882832601e-01
7.682817670888182e-01 2.578526409350306e-01
-1.242257574854656e+00 -3.091031043711359e-01
1.000000000000000e+00 0.000000000000000e+00
-3.687622402081249e-01 -8.226210339439708e-01

7.285982877657864e-01 1.741348882832601e-01
7.682817670888182e-01 2.578526409350306e-01
-1.242257574854656e+00 -3.091031043711359e-01
1.000000000000000e+00 0.000000000000000e+00
-3.687622402081249e-01 -8.226210339439708e-01

7.285982877657864e-01 1.741348882832601e-01
7.682817670888182e-01 2.578526409350306e-01
-1.242257574854656e+00 -3.091031043711359e-01
1.000000000000000e+00 0.000000000000000e+00
-3.687622402081249e-01 -8.226210339439708e-01

7.285982877657864e-01 1.741348882832601e-01
7.682817670888182e-01 2.578526409350306e-01
-1.242257574854656e+00 -3.091031043711359e-01
1.000000000000000e+00 0.000000000000000e+00
-3.687622402081249e-01 -8.226210339439708e-01

7.285982877657864e-01 1.741348882832601e-01
7.682817670888182e-01 2.578526409350306e-01
-1.242257574854656e+00 -3.091031043711359e-01
1.000000000000000e+00 0.000000000000000e+00
-3.687622402081249e-01 -8.226210339439708e-01

7.285982877657864e-01 1.741348882832601e-01
7.682817670888182e-01 2.578526409350306e-01
-1.242257574854656e+00 -3.091031043711359e-01
1.000000000000000e+00 0.000000000000000e+00
-3.687622402081249e-01 -8.226210339439708e-01

7.285982877657864e-01 1.741348882832601e-01
7.682817670888182e-01 2.578526409350306e-01
-1.242257574854656e+00 -3.091031043711359e-01
1.000000000000000e+00 0.000000000000000e+00
-3.687622402081249e-01 -8.226210339439708e-01

7.285982877657864e-01 1.741348882832601e-01
7.682817670888182e-01 2.578526409350306e-01
-1.242257574854656e+00 -3.091031043711359e-01
1.000000000000000e+00 0.000000000000000e+00
-3.687622402081249e-01 -8.226210339439708e-01

7.285982877657864e-01 1.741348882832601e-01
7.682817670888182e-01 2.578526409350306e-01
-1.242257574854656e+00 -3.091031043711359e-01
1.000000000000000e+00 0.000000000000000e+00
-3.687622402081249e-01 -8.226210339439708e-01

0.728598287765783446531e0 0.174134888283259494220e0
0.768281767088814795507e0 0.257852640935031274418e0
-0.124225757485465016612e1 -0.309103104371136026292e0
0.100000000000000000000e1 0.000000000000000000000e0
-0.368762240208126982781e0 -0.822621033943976689659e0

7.285982877657864e-01 1.741348882832601e-01
7.682817670888182e-01 2.578526409350306e-01
-1.242257574854656e+00 -3.091031043711359e-01
1.000000000000000e+00 0.000000000000000e+00
-3.687622402081249e-01 -8.226210339439708e-01

0.107086652630215435392623895075e3 -0.762623928408375932066993891372e2
-0.570984233251169890991995725384e2 -0.760666089175741723610205977585e2
0.287793791531299866621293522517e2 0.382487857068863269681810609511e1
0.100000000000000000000000000000e1 0.000000000000000000000000000000e0
-0.117657737965766722676185671136e-6 -0.163057922382580807456467383720e-6

0.107086652630215435392623895075e3 -0.762623928408375932066993891372e2
-0.570984233251169890991995725384e2 -0.760666089175741723610205977585e2
0.287793791531299866621293522517e2 0.382487857068863269681810609511e1
0.100000000000000000000000000000e1 0.000000000000000000000000000000e0
-0.117657737965766722676185671136e-6 -0.163057922382580807456467383720e-6

0.107086652630215435392623895075e3 -0.762623928408375932066993891372e2
-0.570984233251169890991995725384e2 -0.760666089175741723610205977585e2
0.287793791531299866621293522517e2 0.382487857068863269681810609511e1
0.100000000000000000000000000000e1 0.000000000000000000000000000000e0
-0.117657737965766722676185671136e-6 -0.163057922382580807456467383720e-6

0.53585778911601086091520604027015861730811965360394964405956946192220717440106535591224094389444744909066997763627625300880009235017902801749464003468758794473740166498168653473937240099031913949e18 0.15122934012477187587214662857450637468391795947179807807033776772469386642214650054587782333687681807543075640278172371078866149284739040439304508720761715551857260527567339807991757509163339677e19
0.43908164542164453143162625557317838870190296449964926005720058192318260957459253381489227575801474721844102970040925446579298367871546010359473687157343638948071020320077184566890467969985500452e18 0.13141787359575798424367505954682874535015306848784843362350892639015241487096539212210159760503374992006099547238412781053540358653898524905438206173567038713354782670574303054919505717356129941e19
-0.65593814771878483922521012514327533372140190026833328668368554049303404616469528234096002932367383781725748588982516952271305464086085511917921649589636535154509898226333700561312190029259064340e18 -0.24201407133680186692440523732543813580920587476020787025375227635302402626976776426702968065152134778540689624241545479873799772283667600761547171171233822326055630232572248977378540004496241393e19
0.10000000000000000000000000000000000000000000000000000000000000000000000000000000000000000000000000000000000000000000000000000000000000000000000000000000000000000000000000000000000000000000000000e1 0.00000000000000000000000000000000000000000000000000000000000000000000000000000000000000000000000000000000000000000000000000000000000000000000000000000000000000000000000000000000000000000000000000e0
0.45376714116098767876547026587895238518083309641792883252550908927217245614080813603563541409980445057998118654562419314478337669833981956748032188268893445308683494625334652971465756499939451731e-54 0.55047156635071143074287326656312960077105778947409455293514430049040348497208325613633791567797314065743264212049257418031339044222030304543519924839682596745033720505895393946611160440382699195e-54

-0.9986396698680880699627209378869116157193643421917891736910336857186700292976826616752553016620225624139194835104735573486021552e17 -0.4353970044519102830395441305472820290650799371171400948204646097718248565291239504317035119086713627311412453055546236410357471e19
-0.5081108819228136273403363562090759112977966787093144586960607119276001621161015423248245583963124757363616482981639164652116625e19 -0.3219281166898723772356994086961439937587373485708391968860626224187775336349418383721126127618305780188906486217186027907528261e19
0.3032948475259245635045105807147453211839211052282936279111787656914770417566765411534687470799517573005116419429889495170598735e19 0.5482877073328873439740421884030487631295052650063300494862290026230993244328614510014963829089784082185612165262672110505027057e19
0.1000000000000000000000000000000000000000000000000000000000000000000000000000000000000000000000000000000000000000000000000000000e1 0.0000000000000000000000000000000000000000000000000000000000000000000000000000000000000000000000000000000000000000000000000000000e0
-0.4964278737700772616626311219302916449158773048993970982134986086910722752585151716744147531897420959692521029689313254184323370e-56 -0.1149435002205960879892025636272009800919517668708282247405919312559459869563688477716596449720864935276539250017438243176406170e-55

0.107086652630209086188801355218e3 0.762623928408339189070997360401e2
-0.570984233251142104965122253344e2 0.760666089175696505639132404285e2
0.287793791531283593640830358576e2 -0.382487857068826042025992755740e1
0.100000000000000000000000000000e1 0.000000000000000000000000000000e0
-0.117657737965805852655381611136e-6 0.163057922382654304119689948690e-6

0.107086652630209086188801355218e3 0.762623928408339189070997360401e2
-0.570984233251142104965122253344e2 0.760666089175696505639132404285e2
0.287793791531283593640830358576e2 -0.382487857068826042025992755740e1
0.100000000000000000000000000000e1 0.000000000000000000000000000000e0
-0.117657737965805852655381611136e-6 0.163057922382654304119689948690e-6

0.107086652630209086187e3 0.762623928408339188945e2
-0.570984233251142104908e2 0.760666089175696505595e2
0.287793791531283593647e2 -0.382487857068826042043e1
0.100000000000000000000e1 0.000000000000000000000e0
-0.117657737965805852717e-6 0.163057922382654304159e-6

0.107086652630209086188801355218e3 0.762623928408339189070997360401e2
-0.570984233251142104965122253344e2 0.760666089175696505639132404285e2
0.287793791531283593640830358576e2 -0.382487857068826042025992755740e1
0.100000000000000000000000000000e1 0.000000000000000000000000000000e0
-0.117657737965805852655381611136e-6 0.163057922382654304119689948690e-6

0.2566711728258605442830802506614138378439585328148402654425926823531593296146803170838551232329790865070867349419386824852913409109086812e19 -0.1581328275608398852069933584785055459404401932285113895131052481622812969651205470173136792362380506040272440939550733728112588220851349e19
0.3897143582679576914748370511054274207552805907908198915658454476954478420487052736191988537836394137032152147189477001104520114167815935e19 -0.2925828353386193496468776917890494125555928421524583350398182029161960471391262191148888802650623636514203982780163186773380532982332535e19
-0.5515410879740646201453573417172872959602252150506632300564384699377878857094668067797608478150339700290696464913791327635961999351447756e19 0.4180870329514139901676224086959153385886887766346260671220645800852217580933788316981313668547549613682760579805347057400253857765886106e19
0.1000000000000000000000000000000000000000000000000000000000000000000000000000000000000000000000000000000000000000000000000000000000000000e1 0.0000000000000000000000000000000000000000000000000000000000000000000000000000000000000000000000000000000000000000000000000000000000000000e0
-0.4665449834300482534238237391180125644893558289049754161580393779631443655046016989036978014385181339775314750697396307817929684005472105e-55 0.2707402713631423171417388666604257233022036913672412624016738834006241842931849917149226291502724021504947980848402052640524879362523365e-55

-0.6691765397186518150889723155740325962663079298685355833636020724526079902438256502668017214178136374568024103105306117495687503579665169e18 -0.2822610552300661032179597769167655236740994720702651078170922478874680614937413126289892424696044264033435568557688525065763215007943673e19
-0.4439833993801361211396717409148951324204397398952300660419924022906881759637912374419562727545053968276504479019513576709909260024820202e19 -0.3413139708109949573279813911485868735886688749792403865189072582360351127758155126058990699769145589644610673439777739524397979989348187e19
0.3930112027987023079307341639457944213931920892396750096047508931607405295622399815263356711507331858840189848693700265360676600533050345e19 0.4738617304421690470680737612056612586158020503135340652272534013078819361835304353493475307743994005970319170530093030052160513227711114e19
0.1000000000000000000000000000000000000000000000000000000000000000000000000000000000000000000000000000000000000000000000000000000000000000e1 0.0000000000000000000000000000000000000000000000000000000000000000000000000000000000000000000000000000000000000000000000000000000000000000e0
-0.6075882059124237316309801688902676140772899126568097675508042397791727443847576848241353336388412203454743615214056238266847496989675433e-56 -0.2024631625452147551398116952518516633548635735898952236656391873311972268939976357970833659094653424676232960444118243341433085575517287e-55

0.303823842388608092154e0 0.643745039913268257692e-19
-0.909653990271479843401e0 0.101643953670516040688e-19
-0.110172381664383424384e1 -0.118584612615602047470e-19
0.444792292666039146601e0 0.537222176466567447051e-16
0.100000000000000000000e1 0.000000000000000000000e0

3.038238423886083e-01 -2.255140518769849e-17
-9.096539902714796e-01 5.898059818321144e-17
-1.101723816643834e+00 8.673617379884035e-17
4.447922926660393e-01 -1.387778780781446e-16
1.000000000000000e+00 0.000000000000000e+00

-0.318406302579283379534993000980e0 0.301215893903460074617996618793e0
-0.470401152404140828672540902249e0 0.510704400274482022569163984495e0
0.531251159235305384555013569710e0 -0.573481454957938369235537321326e0
0.100000000000000000000000000000e1 0.000000000000000000000000000000e0
0.438099456033950162623812854384e0 -0.412835709671060950379782928006e0

-3.184063025792833e-01 3.012158939034599e-01
-4.704011524041409e-01 5.107044002744821e-01
5.312511592353054e-01 -5.734814549579385e-01
1.000000000000000e+00 0.000000000000000e+00
4.380994560339498e-01 -4.128357096710607e-01

-3.184063025792833e-01 3.012158939034599e-01
-4.704011524041409e-01 5.107044002744821e-01
5.312511592353054e-01 -5.734814549579385e-01
1.000000000000000e+00 0.000000000000000e+00
4.380994560339498e-01 -4.128357096710607e-01

-3.184063025792833e-01 3.012158939034599e-01
-4.704011524041409e-01 5.107044002744821e-01
5.312511592353054e-01 -5.734814549579385e-01
1.000000000000000e+00 0.000000000000000e+00
4.380994560339498e-01 -4.128357096710607e-01

-3.184063025792833e-01 3.012158939034599e-01
-4.704011524041409e-01 5.107044002744821e-01
5.312511592353054e-01 -5.734814549579385e-01
1.000000000000000e+00 0.000000000000000e+00
4.380994560339498e-01 -4.128357096710607e-01

-3.184063025792833e-01 3.012158939034599e-01
-4.704011524041409e-01 5.107044002744821e-01
5.312511592353054e-01 -5.734814549579385e-01
1.000000000000000e+00 0.000000000000000e+00
4.380994560339498e-01 -4.128357096710607e-01

-3.184063025792833e-01 3.012158939034599e-01
-4.704011524041409e-01 5.107044002744821e-01
5.312511592353054e-01 -5.734814549579385e-01
1.000000000000000e+00 0.000000000000000e+00
4.380994560339498e-01 -4.128357096710607e-01

-0.318406302579283379534993000980e0 0.301215893903460074617996618793e0
-0.470401152404140828672540902249e0 0.510704400274482022569163984495e0
0.531251159235305384555013569710e0 -0.573481454957938369235537321326e0
0.100000000000000000000000000000e1 0.000000000000000000000000000000e0
0.438099456033950162623812854384e0 -0.412835709671060950379782928006e0

-0.318406302579283379534993000980e0 0.301215893903460074617996618793e0
-0.470401152404140828672540902249e0 0.510704400274482022569163984495e0
0.531251159235305384555013569710e0 -0.573481454957938369235537321326e0
0.100000000000000000000000000000e1 0.000000000000000000000000000000e0
0.438099456033950162623812854384e0 -0.412835709671060950379782928006e0

-3.184063025792833e-01 3.012158939034599e-01
-4.704011524041409e-01 5.107044002744821e-01
5.312511592353054e-01 -5.734814549579385e-01
1.000000000000000e+00 0.000000000000000e+00
4.380994560339498e-01 -4.128357096710607e-01

0.14206129999049397266616144521817567024150757927479780489034691240226714450010108267103618226348162108373870982605620267519632046659324953967373843e19 -0.20606810054051039983283427236129596319541144644051926931639690896970689757286223290174172649398878150209025334367085054943143017901610611148981808e19
0.79140174809643234573415921967365613704042014826630749776955368538454276950096847186520435013252605102229672830299687327584838297698951614703583059e18 -0.11184890017931381538019887116387536491910552009934577171258291801851518295070087621191084853391637917385983560803232572527257999916907697942381071e19
-0.18360169593421196829550257077621166135519759368092833530454381549998709058722449354188606643292649860520402501358034121962541856315263042976315774e19 0.26312730704275478676251648400635970653400135169517467814776219683853626028078115458094876424184366412628219257796597384271965056196868198514126355e19
0.10000000000000000000000000000000000000000000000000000000000000000000000000000000000000000000000000000000000000000000000000000000000000000000000000e1 0.00000000000000000000000000000000000000000000000000000000000000000000000000000000000000000000000000000000000000000000000000000000000000000000000000e0
0.42842287298828255237752983990928979908235383922033872767396661731939059029820709353613656200067935447293467205091015382355871013734958123930805511e-54 -0.88924625385266428348903665573840219690681973039167914003831611282633259523828703049188002526479953218138044655323471335600253998801478170124508942e-55

0.3547973092103107910089586037622527560379174953334544776574222560816773708629159875750478809698429644146855301228479641512887666848749964172205641485313385230383137220787804583e19 0.2006698050791752142612371115790263624985292736764134544518855390792919129432936488816090811442555333759600050547413015256129601512618491791566547686122195467083317130963746946e18
0.6933360786993434343389115478725367103266166499827542844857423181587138369377132284434727790369916873708872549518765802564734476980470006737633928838215770426462635242561253602e19 0.4117001316983804006423883164677403884101139992831536318065762188087662816718107067150915779632579371748274599146926584858604077482490732342677989658165285888403996195066982313e19
0.8308776941296714137037163069390228407881118356497896999578063067964574579338854364007222093735753015874087586121872473183984034720492187492073378850397113832614687409377119143e19 0.3565498453826378145138152875442138036907650431060939989321322774525048050794899106338137789000502797918340654519286984191949059936652587072171607525000315566967833374033399140e19
0.1000000000000000000000000000000000000000000000000000000000000000000000000000000000000000000000000000000000000000000000000000000000000000000000000000000000000000000000000000000e1 0.0000000000000000000000000000000000000000000000000000000000000000000000000000000000000000000000000000000000000000000000000000000000000000000000000000000000000000000000000000000e0
0.7676238711287315512819471924506875580045465478351031467596122627745644835462006245888571649127187987592856137502616930564775432209745144158103342613769910217549070426281799678e-57 0.1795223685992554469635994000087980733115510606209881496159806573562102664166431891990114283543181847481815192181497386615730072879519627850652153350675550969389252338322627468e-56

-0.34796699318089439555248609790883310589395212992322555341952691789832331220988774241396764119450568605288032416643440838306199347639837672136344559e19 -0.41542615955414365674780663303624871490514749755704770350299933771126668387582681918583572758294967202073875949892034371988577211789323651163153869e18
-0.29581271637341337073188997836415889757884136015666410161656855067686028914945852121760913605965216605517886552218010100810036917098723530133918563e19 -0.14245416592257702003649930395496560905568843977615453480539809420936059338181626763667881835322971046229723848089393898353520777874849136653637051e19
0.54899535267984543298631469503487071716299082644878338425144347551932064570077099092015505194966412431195426495318211717288651233898763498267189455e19 0.10293575551503853941705918437575066558266306794258646364568715450506109530917536541116716811614295519366934871581000121580349982043666656935114460e19
0.10000000000000000000000000000000000000000000000000000000000000000000000000000000000000000000000000000000000000000000000000000000000000000000000000e1 0.00000000000000000000000000000000000000000000000000000000000000000000000000000000000000000000000000000000000000000000000000000000000000000000000000e0
-0.33249656309430446075587666466726516318076007282733334886338164275114451380671272492729933601909649182605750378070004699628217694767204938310584432e-55 -0.35701522877279402974835347771394097413351414529859235393093224897740551635759473974566244772008698371830094765800399177411120343548040996698152865e-55

0.29415512099621729927769226945990569551822154094530502585279105353496599696358473170243226856623105627042899e19 -0.95725329785706061218417307000227624936710663201350663698630804850428455992504613607462197721893102608649980e18
-0.13117496044205654293802665571227606388489054337964293607559033546321875668003682598256188784735425703273577e19 -0.39865122759234939465545759771418691175516719090534163131927666947451993551387870725598079621691929802765172e19
-0.76752799298918297202063746946814469504993107323889388102060598885538417297277069491648368014328188995500874e18 0.17440759715510346058373126452916657031012698963191305348312229367364580869208744067590448100032430407504958e18
0.10000000000000000000000000000000000000000000000000000000000000000000000000000000000000000000000000000000000e1 0.00000000000000000000000000000000000000000000000000000000000000000000000000000000000000000000000000000000000e0
0.48590082165081639383365578517873808020087552240746970404412161176568263132896137177989873942035383605676539e-55 0.19511403242112240920828612137004968857924280760789842617052759211256444723813114051340221602021925233399609e-55

-0.24088731669519198595212522260296071660911352745633545799187574094585715838409144430997035904718526412400305411686259946288186991395730924999732331e19 -0.27715262044066970111623713575476532257633902910660593400429376290363655971121686087416255363118856557763663322448520504332747172873327156638214049e19
-0.14156147954708028698758604488206216750027426718012019342840154326348781839520481583268105203647273423085011147630748242288098865449693570657627237e19 -0.16651609921713959199522762321682304145836406784104479740089263083347657730555120077645642823138770810112334197327120354746572461332731962123272107e19
0.32032306811659540251663694845297507273079144148127544480921166201030998129874846868710166664038385865787632152853721347567257225261788154058833033e19 0.37435172010398099851951517405691789879176858491004378301536944171912952270520739296348882834630630244858202553324207921297634516215186524194009601e19
0.10000000000000000000000000000000000000000000000000000000000000000000000000000000000000000000000000000000000000000000000000000000000000000000000000e1 0.00000000000000000000000000000000000000000000000000000000000000000000000000000000000000000000000000000000000000000000000000000000000000000000000000e0
-0.16327597898813220918660880086325886973672983030927249854401534470169835404235239368762865970213041139740646498408463830814086338581377808354948361e-54 -0.12642878718206815774150295928942098168234333298464596765295843091944996666104005304399344974635130599244127097172629312105094747450278069420282293e-54

-0.656478751037461773430163670844708113596658229531782130152747721627879682942421556476399992174662978360703633567106816290186384370550592306524824087536461456279082008e19 0.231893333154066619944910997941746818855895853809528756646266453574507017207027353844421363614346776654104910099632467074624617794893158285596814516932264489210002992e19
-0.806780017305734074866309966872340781156399184057993548277417759886804784546284135114539139447534340933595665010084782157697748358290231745007303152964403043230831775e19 -0.151435977299587804612737082745107073379369766750321649406678103884878654281929838020897854191280022190086901143941189442055647321883904606386056476603365518006968921e19
-0.122388086329701162891721338732000348954019245033633077705193396637191433399246657547738916074979411682307966584014065848897905235394349204753769902448645833242688766e20 -0.916291681450187344068063851329290939297194750160304443620246476412377403991786273023595348767156794760856298162258901823046901818766580221244478523379492908732378152e18
0.100000000000000000000000000000000000000000000000000000000000000000000000000000000000000000000000000000000000000000000000000000000000000000000000000000000000000000000e1 0.000000000000000000000000000000000000000000000000000000000000000000000000000000000000000000000000000000000000000000000000000000000000000000000000000000000000000000000e0
-0.164251680072068277777642660681649909459738767507052727905021825603684723021326601592605005633419269743235286059772731362020581131682337261841683486298160287635982001e-57 0.921796225174096568491181417890724595563827823633245398814576736094689621939665953064021209088370888436185843387523284111920040704688467464666436751015818216615673261e-57

0.1079946550674147672601841439383360240736664341067345964208285091538012411345882895914696124986893194314640073857444189048287212850429804276338874345184957128760101871569600545e20 -0.5136960601564098401868449259492570028458408042746188566634952099176374310473710194366468232156738375218778313952564550347271356208339141321415768757377718145676750098270894827e19
-0.4096991054645840654451956648580317732048341956426864724239758495129905595300804277277611299285458448375301944898023919442315812200324678046539912239686239955019047156913867311e19 -0.8608654080314258097965689715289839885764853919508631784017789435667408112618865900161158506753591455958302701037255273029226133522454690537879025782943578958250556709195568573e19
0.2334607724782480720790694098982659497485309834276405138896697252497933365544383896029602585581808937772822857919769090852868742382009914634463475275422164289569697627364726541e19 0.4893504440104256414609869602195900512548814527093191047537017945857255801719956534835723238373973785849069170949294491325478829395982564354760080137736574849578635915999077437e19
0.1000000000000000000000000000000000000000000000000000000000000000000000000000000000000000000000000000000000000000000000000000000000000000000000000000000000000000000000000000000e1 0.0000000000000000000000000000000000000000000000000000000000000000000000000000000000000000000000000000000000000000000000000000000000000000000000000000000000000000000000000000000e0
0.1634092001712425226191869969224741354212359108665718074481720532394385250758919393533857009236357752147163674302151622491897025998144495198170136833460438237100051257492032889e-56 0.3789249564492158471458140857128963307501571224933962867245841190054491001244777605990178132985915950209344347893006081288278844778628191940890684180625093625188634310822798433e-57

0.7874157134059198803780361367800194464755472985208117200807002727502314247664142257072852136837289637149074528126384547141305554e19 -0.3008821029785249131470570614019395569082431944990853499803463573640099304763252152666147769686304755903861231435286323905957133e19
-0.8078152624011851316751812094509653625411880612829345670713534778766831222211557020821732698671205158932924463181352687162715622e19 -0.1149176629134643679386853994681766198804126240480389050442972125439094627435560812100912739031794101331667909742627434970661281e20
-0.8170886227413039097385396780139463337458333242172310039564227103240276798360283861043912447122294696331201632586358494086773553e19 -0.5714782164103266228411300086233592692883155501025139325972775860238920678519540548445539709115794727343016060516194889251809616e19
0.1000000000000000000000000000000000000000000000000000000000000000000000000000000000000000000000000000000000000000000000000000000e1 0.0000000000000000000000000000000000000000000000000000000000000000000000000000000000000000000000000000000000000000000000000000000e0
0.1206180291827484330487764487781754911012899126094968484954216187281396040597776397371085559684065459925755250600609042223933242e-56 -0.2046175975229645477764247207370412632375745194906674331242053733798356246102695844922504648075380358622062918239577525877736889e-57

0.310993548397705366360141302247897294222919057773577006422213108113177558375440452593974236506860444832360739825758156919382260941191815766100873498406644711e19 -0.866371234469267321543103570655528658293317881300189092271629226997188671613067779845448847182909311619542718299242680009029591701640499400582280152760220440e18
-0.125592069302750656543419567620844572029409359587784227823523736719844123343179135033990059905229023195309400093159067238934541164549797569715414446358702919e19 -0.432782574829973849509974395639329714520890815261432506684622294593226806705615353598452535966601476263340168572478259774662943611843773868877977177082480889e19
-0.478450358467186302519101942999420698564932191592077646170829446385724791628855317647397219293819510066525217042717252335001080769703451461764953003970972670e18 -0.612807084025389621139315470056025504633457432839246543838411429552685282682086175872520367720003384985774578445375516125013863108962882962462847913985231111e18
0.100000000000000000000000000000000000000000000000000000000000000000000000000000000000000000000000000000000000000000000000000000000000000000000000000000000000e1 0.000000000000000000000000000000000000000000000000000000000000000000000000000000000000000000000000000000000000000000000000000000000000000000000000000000000000e0
0.441683051226842455790541618964325410491561814645740611919223200729690454841263191496018272721220871061564060340976212943118413331429658063877861979211039529e-55 0.110594377739973787232985286074248730687844396482469267544043808172085791134799035298073089932940297807242959009732517342998025674385776613043275792185508429e-55

0.204816590830009707548170937247310609836151706762709928963224122032870724548028662111241145045891159161019038892838406667762907682878426250569870363710837996050528964e19 0.511055306625812348986790884230940332220320840116423504179323263337382587432883191915209120892372656585822255130792081288492320788061055021523563700384003844851127427e18
-0.335862455676180990814014819006989794339271296958521919943672444939056089411268552531395642684371139424779444334947007404539886194332857245813320480618468772712779870e19 -0.839028476932116690946247470221803375212398710451707978117663778529168054087885590601391171472937586872598983860584840116216932435701248081493868165742620152973254057e18
-0.464157221642273756186223796982530190760570686168931122030995207731504103047628696490358000171907171934647623614763453047694793985136024591230078979192576217274674001e19 -0.116693846926972837657189411073687332980930710550385341149595002965828340820650797228011064036363553942264134827125823396097715124782210907461933989489694164575295281e19
0.100000000000000000000000000000000000000000000000000000000000000000000000000000000000000000000000000000000000000000000000000000000000000000000000000000000000000000000e1 0.000000000000000000000000000000000000000000000000000000000000000000000000000000000000000000000000000000000000000000000000000000000000000000000000000000000000000000000e0
-0.246055563794993689204321497725865988683757591036167166875992814441952296585612935163147946085927230192687215489379042559104113187023790016187110061053250544525686178e-54 0.246438711972861436442812577279830884800700052636664811468835628933246060104374908805141826178155094550924774645057375007683071764165546751331862961989225917174771316e-54

