108

1.465277107693930e+00 9.188223000238109e-02;
2.477777881688972e-01 -7.050825998383191e-01;
1.180550210459789e-01 1.783787771784408e+00;
2.947246713909583e-01 -6.935882740272583e-01;
4.397807262780716e-01 8.526193049338138e-02;
-8.340141083435144e-01 9.101614076091569e-02;

1.058697328127354e+00 2.931672790526343e-01;
-2.689952041398923e-01 -4.862461023773502e-01;
1.439207180933637e-01 8.913262794034923e-01;
1.615528577613191e-01 -4.211943068704666e-01;
4.397807262780716e-01 8.526193049338138e-02;
-8.340141083435144e-01 9.101614076091569e-02;

-5.438700647941567e-01 7.811884163314657e-01;
-2.283578473210602e+00 -7.549480623784432e-04;
7.764854635460086e-01 -2.344267162070133e+00;
-4.878952692624370e-01 4.907943612003734e-01;
4.397807262780716e-01 8.526193049338138e-02;
-8.340141083435144e-01 9.101614076091569e-02;

1.585213239338407e+00 2.419592740930541e-01;
3.587765474946395e-01 -8.273159089153692e-01;
1.686088712846958e-01 2.029862750785332e+00;
2.230669850346885e-01 -5.732172048639108e-01;
4.397807262780716e-01 8.526193049338138e-02;
-8.340141083435144e-01 9.101614076091569e-02;

8.086531189674468e-01 6.364666765997300e-01;
-2.163033337524979e-01 -3.664647187575705e-01;
-1.121085834856311e-01 8.239205436671885e-01;
-1.030730034695777e-01 -3.187310703438506e-01;
4.397807262780716e-01 8.526193049338138e-02;
-8.340141083435144e-01 9.101614076091569e-02;

-6.169391607997323e-01 5.269726382525542e-01;
-1.415985550301789e+00 -2.109911604469488e-01;
5.233688182626263e-01 -1.106668228054431e+00;
-7.775735701536564e-01 -2.401954668276599e-01;
4.397807262780716e-01 8.526193049338138e-02;
-8.340141083435144e-01 9.101614076091569e-02;

-1.901842906217392e-01 -1.183753385943219e+00;
-6.089886495567307e-01 8.735870295521402e-01;
-1.052537752059353e+00 -6.856667072999348e-01;
7.406023284887536e-01 -2.150835227122152e+00;
4.397807262780716e-01 8.526193049338138e-02;
-8.340141083435144e-01 9.101614076091569e-02;

-9.660431144132327e-01 5.999293148673405e-01;
-5.009864078322538e-01 1.005297572862170e-01;
-4.930854263418755e-01 -2.149695871223289e-01;
-1.086965513067709e+00 -9.810032231134265e-01;
4.397807262780716e-01 8.526193049338138e-02;
-8.340141083435144e-01 9.101614076091569e-02;

-4.840333166563248e-01 2.955611843942852e-01;
-6.545769278853008e-01 2.700668717706103e-01;
-5.510781358484861e-01 -4.212464934957223e-01;
-4.512673020410541e-01 -9.632680287539680e-01;
4.397807262780716e-01 8.526193049338138e-02;
-8.340141083435144e-01 9.101614076091569e-02;

-1.287868279151548e+00 -1.339990368178903e+00;
2.577479354712344e-01 -2.797429407196868e+00;
-3.310189215774275e-01 -6.720961986825034e-01;
-6.085869311505030e-01 3.049866100738133e+00;
4.397807262780716e-01 8.526193049338138e-02;
-8.340141083435144e-01 9.101614076091569e-02;

8.966415731610842e-01 1.637076808841560e+00;
5.079887690561103e-02 -3.188546514695936e-01;
-2.713847589056648e+00 1.985894870706903e+00;
2.343128733414729e+00 5.424837995688345e-01;
4.397807262780716e-01 8.526193049338138e-02;
-8.340141083435144e-01 9.101614076091569e-02;

1.225614870930381e+00 -1.105879557034413e+00;
1.431093134029419e+00 -1.566819532865344e+00;
-5.337458886536044e-02 1.752431197431885e+00;
-5.510610276340967e-01 4.028223763214527e-01;
4.397807262780716e-01 8.526193049338138e-02;
-8.340141083435144e-01 9.101614076091569e-02;

1.137817352791538e+00 -1.043436774174523e+00;
6.938057404975370e-01 -5.807172709221872e-01;
4.021819664162996e-01 8.878738795260995e-01;
-7.910298109853682e-01 -8.291388708658853e-01;
4.397807262780716e-01 8.526193049338138e-02;
-8.340141083435144e-01 9.101614076091569e-02;

-5.582657694038392e-01 -2.357814827496374e+00;
-1.178440751291918e+00 -4.040676629984651e-01;
2.582248860985157e+00 -2.252188109909920e+00;
-2.135683582873936e+00 -1.510055662738600e+00;
4.397807262780716e-01 8.526193049338138e-02;
-8.340141083435144e-01 9.101614076091569e-02;

1.130054017700658e+00 -8.936955158067950e-02;
1.260843958723831e+00 3.382679089955458e-02;
-1.295871692869477e+00 9.630923289395533e-01;
-6.694681134655098e-01 -1.700757257293403e-01;
4.397807262780716e-01 8.526193049338138e-02;
-8.340141083435144e-01 9.101614076091569e-02;

-1.635098890502899e-01 -6.625719363746766e-01;
-1.461264796692129e-02 -1.614859846069315e+00;
-3.136413703143079e-01 2.536197459686242e-01;
1.527084284162163e-01 1.107839167172181e+00;
4.397807262780716e-01 8.526193049338138e-02;
-8.340141083435144e-01 9.101614076091569e-02;

-2.686746545306644e-02 -1.492363645295219e-01;
-5.310006180587011e-01 -2.846778983731100e-01;
-4.850053141063774e-01 -3.217465491509861e-01;
1.182186891723320e-01 -1.502239972529735e-01;
4.397807262780716e-01 8.526193049338138e-02;
-8.340141083435144e-01 9.101614076091569e-02;

7.938965493100482e-02 -8.921650662092516e-02;
-3.954910302027387e-01 1.380831046447641e-02;
-6.070275835868404e-01 -3.860284429412519e-01;
-9.393842571261735e-02 -3.466523374765396e-01;
4.397807262780716e-01 8.526193049338138e-02;
-8.340141083435144e-01 9.101614076091569e-02;

-2.307784101323053e-01 7.642082451928088e-01;
-6.782112989149214e-01 -1.514898582632303e+00;
-1.146182943851472e+00 1.038035740244614e+00;
1.610591749967871e+00 1.148767146008221e+00;
4.397807262780716e-01 8.526193049338138e-02;
-8.340141083435144e-01 9.101614076091569e-02;

2.856141873667575e-01 3.155966399752023e-01;
-3.364490367922028e-01 -2.913571073896866e-01;
-7.169376362623820e-01 -6.305283756906324e-01;
-1.978979788725898e-01 8.931838200571620e-01;
4.397807262780716e-01 8.526193049338138e-02;
-8.340141083435144e-01 9.101614076091569e-02;

4.859726963343940e-01 3.409238369951947e-01;
-5.384122417498514e-01 2.468109495074638e-02;
-2.652886334970091e-01 -8.645062722951374e-01;
-4.976314690013294e-01 4.449276036808833e-01;
4.397807262780716e-01 8.526193049338138e-02;
-8.340141083435144e-01 9.101614076091569e-02;

-2.681813278168553e+00 -1.987845287757064e+00;
1.819786069706901e+00 -1.003185464917354e+00;
-1.995593858776744e+00 -1.479818168633923e+00;
-3.011063376387053e+00 1.223572200600122e+00;
4.397807262780716e-01 8.526193049338138e-02;
-8.340141083435144e-01 9.101614076091569e-02;

-2.486422494769025e-01 -2.290735871573681e-02;
-5.278418354606091e-01 -1.772302840283231e-01;
9.535097005023131e-02 -7.101561402937216e-01;
-9.936316802310898e-01 -2.698980628497125e-01;
4.397807262780716e-01 8.526193049338138e-02;
-8.340141083435144e-01 9.101614076091569e-02;

-2.213534397460173e-01 2.867966054930721e-01;
-7.489418416159245e-01 -2.882305152284523e-01;
1.845578121612336e-01 -5.074202250344365e-01;
-7.475496533517307e-01 -2.285875020604795e-01;
4.397807262780716e-01 8.526193049338138e-02;
-8.340141083435144e-01 9.101614076091569e-02;

-2.217894890460487e-01 -8.588260515251003e-01;
-1.153336319934412e-02 -6.111977360591863e-01;
-6.820717882389986e-01 -3.630597421296922e-02;
7.605955468441269e-02 -1.888974003882326e-01;
4.397807262780716e-01 8.526193049338138e-02;
-8.340141083435144e-01 9.101614076091569e-02;

2.691566971030152e-01 8.854040059406702e-03;
-4.355029702835674e-01 -3.349689937511621e-01;
-4.567207125836798e-01 -3.314798933303009e-01;
3.835596764891997e-02 2.507961666844843e-01;
4.397807262780716e-01 8.526193049338138e-02;
-8.340141083435144e-01 9.101614076091569e-02;

5.272419079329117e-01 -4.500790573635224e-01;
-1.948309906370643e-01 -2.187893503281503e-01;
-6.516997224007635e-01 -3.527076480289795e-01;
2.473992993035559e-01 1.477280348970299e-01;
4.397807262780716e-01 8.526193049338138e-02;
-8.340141083435144e-01 9.101614076091569e-02;

3.869618256061657e-01 6.770526153627200e-01;
-4.355251277344071e-01 -1.171327883264032e+00;
-7.859262680932843e-01 1.387496892140154e+00;
1.321302900162696e+00 4.306843625683283e-01;
4.397807262780716e-01 8.526193049338138e-02;
-8.340141083435144e-01 9.101614076091569e-02;

2.098959817867062e-01 1.665451603534298e-02;
-4.181452232386320e-01 -3.007229050422919e-01;
-1.992229450720684e-01 -1.097447002943444e+00;
-7.406037112708718e-01 8.671773208627821e-01;
4.397807262780716e-01 8.526193049338138e-02;
-8.340141083435144e-01 9.101614076091569e-02;

3.495421864139359e-01 8.434979498678991e-02;
-5.701528424925090e-01 -4.270469611120531e-01;
1.401399125323292e-01 -6.276706157655221e-01;
-5.092754196017095e-01 4.484516972237897e-01;
4.397807262780716e-01 8.526193049338138e-02;
-8.340141083435144e-01 9.101614076091569e-02;

-2.775857547049193e+00 2.876438275170156e-01;
1.450010850041379e+00 -1.592946111335680e+00;
-3.061232362414017e+00 1.538065457951673e-01;
-1.590213011691390e+00 2.245358106539254e+00;
4.397807262780716e-01 8.526193049338138e-02;
-8.340141083435144e-01 9.101614076091569e-02;

2.795356936663860e-01 -4.356138064173545e-01;
-5.660216184722806e-01 -3.695593638168195e-01;
8.323296492612088e-01 -3.224302790800663e-01;
-8.540878038574722e-01 -7.289404920187688e-01;
4.397807262780716e-01 8.526193049338138e-02;
-8.340141083435144e-01 9.101614076091569e-02;

-1.059818025322523e-01 -8.528626246569443e-02;
-3.715572877714678e-01 -7.090445971666943e-01;
3.052910616215697e-01 5.933235221240126e-02;
-7.221481542102616e-01 -2.380199049066337e-01;
4.397807262780716e-01 8.526193049338138e-02;
-8.340141083435144e-01 9.101614076091569e-02;

-2.872696670431285e-01 -8.804248891874146e-01;
2.666491352585552e-01 -4.191575968024915e-01;
-8.330667178382584e-01 9.873473670386095e-03;
-2.973200349996704e-01 -4.169152119758217e-01;
4.397807262780716e-01 8.526193049338138e-02;
-8.340141083435144e-01 9.101614076091569e-02;

4.855519207066066e-01 -3.156239465012646e-02;
-4.072220585804344e-01 -3.998737227543998e-01;
-4.462281009029193e-01 -3.480602735406391e-01;
1.618763447664567e-01 4.888822320681876e-01;
4.397807262780716e-01 8.526193049338138e-02;
-8.340141083435144e-01 9.101614076091569e-02;

4.942861643627712e-01 -4.722837817174751e-01;
-2.142780574372196e-01 -2.272919091692739e-01;
-6.485890129386676e-01 -3.504382399813898e-01;
2.730737254750624e-01 1.151122696337505e-01;
4.397807262780716e-01 8.526193049338138e-02;
-8.340141083435144e-01 9.101614076091569e-02;

4.233731056775903e-01 3.961020411097259e-01;
-1.061042002889462e+00 -4.055759473282770e-01;
5.520184530555291e-01 -3.077518228199590e-01;
-1.328406828840553e-01 -1.075794089539492e-01;
3.033054404909576e-01 2.569856523104195e-01;
-6.624127045692551e-01 1.891900247728013e-01;

2.594292453360126e-01 1.355758210216450e-02;
-1.235524962762397e+00 -8.899398179110587e-01;
1.368215894839112e+00 -2.392055243529725e-01;
-3.756614358508693e-01 -2.432551381324008e-01;
3.033054404909576e-01 2.569856523104195e-01;
-6.624127045692551e-01 1.891900247728013e-01;

1.244701374469820e+00 1.350787634638196e+00;
-1.166147182622337e-01 8.333401200698441e-01;
-1.865711366105549e+00 2.374237861575278e-01;
6.913817363892136e-01 6.290618830711128e-02;
3.033054404909576e-01 2.569856523104195e-01;
-6.624127045692551e-01 1.891900247728013e-01;

2.013657473833532e-01 2.021214743872335e-01;
-7.943018203373692e-01 -6.213564595890826e-01;
6.937549923003321e-01 1.332301608213476e-01;
-4.256427107680738e-01 -4.660052579730313e-01;
3.033054404909576e-01 2.569856523104195e-01;
-6.624127045692551e-01 1.891900247728013e-01;

-1.470793650492900e-01 2.235955254729448e-01;
-1.079200424393035e+00 -5.434023776503645e-01;
7.824965636018506e-01 -3.550350877372730e-01;
-5.861206144028709e-01 -4.243236485807251e-01;
3.033054404909576e-01 2.569856523104195e-01;
-6.624127045692551e-01 1.891900247728013e-01;

2.121002487690624e-01 3.018829337550619e+00;
-2.990356463963987e-01 1.709784607354496e+00;
-3.197880653368911e+00 -8.089181679566948e-01;
-1.646186669250847e-01 8.460440980895768e-01;
3.033054404909576e-01 2.569856523104195e-01;
-6.624127045692551e-01 1.891900247728013e-01;

1.115681870911693e+00 4.774536725938077e-01;
-1.292595956873184e+00 3.718935902521939e-01;
-3.140879693518503e-01 -9.780826522867018e-01;
9.174269602371590e-01 1.997516972484860e-01;
3.033054404909576e-01 2.569856523104195e-01;
-6.624127045692551e-01 1.891900247728013e-01;

-7.978081706402046e-01 8.449525004790269e-01;
-5.923925999692595e-01 2.390827870486816e-02;
-3.867789458300814e-01 -2.493179292462157e-01;
-1.083463737430085e+00 -6.494533047774819e-01;
3.033054404909576e-01 2.569856523104195e-01;
-6.624127045692551e-01 1.891900247728013e-01;

6.125560220269186e-02 5.114360242257129e-03;
-8.341290594433852e-01 4.410315335091081e-01;
-5.972730603002478e-01 -6.488289539871462e-01;
2.343899497746582e-01 -8.932974711354345e-01;
3.033054404909576e-01 2.569856523104195e-01;
-6.624127045692551e-01 1.891900247728013e-01;

-1.075008824910870e+00 -1.275651144834262e+00;
3.374275711202220e-01 -2.670599354296008e+00;
-3.496203948285920e-01 -4.579305278145759e-01;
-5.571459600430113e-01 2.822377009343390e+00;
3.033054404909576e-01 2.569856523104195e-01;
-6.624127045692551e-01 1.891900247728013e-01;

1.045151636384775e+00 -6.919986455418475e-01;
1.156361317107726e+00 -1.436377826747240e+00;
-4.807895278874671e-01 1.663883196393314e+00;
-1.046067280629866e-01 5.607638240885519e-01;
3.033054404909576e-01 2.569856523104195e-01;
-6.624127045692551e-01 1.891900247728013e-01;

4.148628309819100e-01 -1.893791672572218e+00;
1.367700645358286e+00 -2.325675424396457e+00;
5.310755391972299e-01 8.289016486686427e-01;
-1.314921612625078e+00 1.309770475076371e+00;
3.033054404909576e-01 2.569856523104195e-01;
-6.624127045692551e-01 1.891900247728013e-01;

7.079775841347800e-01 -8.835404468897166e-01;
5.148938511823390e-01 -2.207972780763645e-01;
7.760814246610905e-02 1.380901683039328e-01;
-1.066224481736551e+00 -6.616766072473320e-01;
3.033054404909576e-01 2.569856523104195e-01;
-6.624127045692551e-01 1.891900247728013e-01;

5.446295487222048e-01 3.404459242263966e-01;
1.144301377474526e+00 6.595723789509396e-01;
-2.115162573134532e+00 -3.829589182159778e-02;
-1.016064844293547e+00 2.042495520265970e-01;
3.033054404909576e-01 2.569856523104195e-01;
-6.624127045692551e-01 1.891900247728013e-01;

7.297939786415598e-01 -4.176891564415569e-01;
8.081362621442117e-01 6.391942661243162e-02;
-7.491267856016381e-01 2.203739305674762e-01;
-9.892069475934282e-01 -3.432761229005710e-01;
3.033054404909576e-01 2.569856523104195e-01;
-6.624127045692551e-01 1.891900247728013e-01;

-1.804439871533260e-01 -4.612221106895906e-01;
-3.701930587354746e-01 -1.204796758320348e+00;
-3.011816575182563e-01 2.560267852013073e-02;
3.017744616381113e-01 6.529201624539287e-01;
3.033054404909576e-01 2.569856523104195e-01;
-6.624127045692551e-01 1.891900247728013e-01;

2.400942803461043e-01 -2.371742433807532e-01;
1.874886644185160e-01 -5.274662679347660e-02;
-7.836672685488197e-01 -2.135634835080607e-01;
-5.452631490817255e-01 -9.338188003038689e-02;
3.033054404909576e-01 2.569856523104195e-01;
-6.624127045692551e-01 1.891900247728013e-01;

1.473152538730475e-01 -5.755431728822474e-02;
-2.982467568362756e-01 1.900675315006616e-01;
-6.848090200118282e-01 -4.195457033460272e-01;
-2.332257839270054e-01 -4.567613250706201e-01;
3.033054404909576e-01 2.569856523104195e-01;
-6.624127045692551e-01 1.891900247728013e-01;

6.719187195090480e-01 7.634984231967444e-01;
-1.395474759446472e+00 3.672804419706574e-04;
7.245007788912179e-01 -2.542025709862285e-01;
2.869978350669892e-02 -6.697827864154544e-01;
3.033054404909576e-01 2.569856523104195e-01;
-6.624127045692551e-01 1.891900247728013e-01;

6.930505478171572e-01 3.791113539276702e-01;
-7.673026181677293e-01 3.417586705672219e-01;
2.186815700102818e-01 -1.081426906725162e+00;
-7.832035564523916e-01 -3.939059127985146e-02;
3.033054404909576e-01 2.569856523104195e-01;
-6.624127045692551e-01 1.891900247728013e-01;

1.282337427123047e-01 4.305352185266489e-01;
-4.040540797162680e-01 -6.469165025710610e-01;
-8.789076904932557e-01 -1.671705290877664e-01;
3.093574743564237e-01 1.009218136089721e+00;
3.033054404909576e-01 2.569856523104195e-01;
-6.624127045692551e-01 1.891900247728013e-01;

6.735902911146936e-01 9.645752122126272e-01;
-1.581991395616402e+00 3.435351056308149e-02;
9.433538244278638e-01 -2.546575512255589e-01;
-4.043117848244761e-02 -7.869714795550403e-01;
3.033054404909576e-01 2.569856523104195e-01;
-6.624127045692551e-01 1.891900247728013e-01;

-4.835343858173226e-02 2.977441554245409e-01;
-8.286795185797334e-01 -1.756740791401039e-01;
3.037925508273854e-01 -5.395785093577692e-01;
-7.041287903577005e-01 -3.607622320342532e-01;
3.033054404909576e-01 2.569856523104195e-01;
-6.624127045692551e-01 1.891900247728013e-01;

-8.125504078733332e-01 -5.042534727580080e-01;
3.381432642843370e-02 -3.578015574810376e-01;
-3.951762584957136e-01 -9.060450863660703e-01;
-1.481350206993839e+00 7.098787601079143e-02;
3.033054404909576e-01 2.569856523104195e-01;
-6.624127045692551e-01 1.891900247728013e-01;

8.315834127227303e-01 -5.855502620559003e-01;
-1.165492501711179e-01 -6.891541533510108e-02;
-7.426515889082944e-01 -4.371265389886617e-01;
3.924368377475872e-01 1.743675484219523e-01;
3.033054404909576e-01 2.569856523104195e-01;
-6.624127045692551e-01 1.891900247728013e-01;

-5.764831430568715e-01 -1.444126835096733e+00;
2.737125992678302e-01 -8.094456994788904e-01;
-8.306412196812867e-01 1.708631525276837e-01;
9.290189222158907e-02 -4.913793099765978e-01;
3.033054404909576e-01 2.569856523104195e-01;
-6.624127045692551e-01 1.891900247728013e-01;

1.167955090289088e-01 -1.629999985521541e-01;
-3.532797324824594e-01 -4.176035426742264e-01;
-4.932853874846150e-01 -2.541353735306241e-01;
2.569068190659873e-02 1.499229841037947e-01;
3.033054404909576e-01 2.569856523104195e-01;
-6.624127045692551e-01 1.891900247728013e-01;

4.581356530007802e-01 9.100249408756420e-02;
-7.023951492255723e-01 -4.684161360623572e-01;
4.854427908141396e-01 -4.135799371559811e-01;
-4.709491239713315e-01 1.152781684494369e-01;
3.033054404909576e-01 2.569856523104195e-01;
-6.624127045692551e-01 1.891900247728013e-01;

5.183203728469528e-01 7.684909597387496e-02;
-7.811315427295668e-01 -4.692845553023677e-01;
7.083951019258237e-01 -3.535897372592974e-01;
-5.046235157131611e-01 -7.230565085680256e-02;
3.033054404909576e-01 2.569856523104195e-01;
-6.624127045692551e-01 1.891900247728013e-01;

1.868182708830798e-01 3.338123946345665e-01;
-2.928120236365124e-01 -6.858361994553295e-01;
-8.364906951392510e-01 -9.541290669552531e-02;
2.318627272629531e-01 9.903416585868158e-01;
3.033054404909576e-01 2.569856523104195e-01;
-6.624127045692551e-01 1.891900247728013e-01;

1.502379376535752e-01 7.325481355564156e-04;
-5.745360009868018e-01 -7.112592987795585e-01;
6.115505216579744e-01 2.015080906270973e-01;
-5.331377265647991e-01 -4.219733669843078e-01;
3.033054404909576e-01 2.569856523104195e-01;
-6.624127045692551e-01 1.891900247728013e-01;

-1.419366908192825e-02 9.763128301228585e-02;
-4.794464797298151e-01 -8.185254332002114e-01;
3.940079039122651e-01 2.991224521538546e-01;
-5.224426280833441e-01 -2.360288532393724e-01;
3.033054404909576e-01 2.569856523104195e-01;
-6.624127045692551e-01 1.891900247728013e-01;

-6.548118446729511e-01 -6.809090361603168e-01;
1.583591244682786e-01 -4.103499712516540e-01;
-2.939366577395697e-01 -7.559856623651225e-01;
-1.483999570549662e+00 -2.759964680352386e-02;
3.033054404909576e-01 2.569856523104195e-01;
-6.624127045692551e-01 1.891900247728013e-01;

7.444754419607733e-01 -3.924411093125303e-01;
-3.456013088597863e-01 -1.464241832561708e-01;
-6.128607793006988e-01 -4.655920033067462e-01;
4.676275626098172e-01 2.420947715957179e-01;
3.033054404909576e-01 2.569856523104195e-01;
-6.624127045692551e-01 1.891900247728013e-01;

-2.109787463479600e-01 -7.826292567133217e-01;
1.938918834251406e-01 -4.226119164762477e-01;
-7.884526820751474e-01 -2.551263618568600e-02;
-2.552846463345764e-01 -3.155603097331589e-01;
3.033054404909576e-01 2.569856523104195e-01;
-6.624127045692551e-01 1.891900247728013e-01;

1.397741592246431e-01 -1.818818322814843e-01;
-2.079223583181774e-01 -4.963384667704477e-01;
-5.139572382145468e-01 -1.887623282964643e-01;
-9.759999128067000e-02 2.792982520092440e-01;
3.033054404909576e-01 2.569856523104195e-01;
-6.624127045692551e-01 1.891900247728013e-01;

6.681408026572886e-01 -4.683073315838170e-01;
-1.189039867016628e-01 4.770788692601528e-02;
-4.777199834935514e-01 6.576643488575364e-01;
4.725297458904633e-01 -1.381410369638319e+00;
-3.170831174392537e+00 1.978346575523423e-01;
-2.414024378900449e-01 3.292442941818340e+00;

9.626103297688507e+00 5.786872307144022e+00;
3.967762395938587e+00 -8.406450306155929e+00;
6.241202484940638e+00 1.326602350849708e+01;
-1.498250196088798e+00 6.337836849271456e+00;
-3.170831174392537e+00 1.978346575523423e-01;
-2.414024378900449e-01 3.292442941818340e+00;

9.594169525876896e-01 -9.943570834885574e-01;
-6.049996437147515e-01 -1.277414778975457e-01;
1.741014715523675e-01 2.179177568728444e-01;
9.063211275242091e-01 -1.317588055994103e+00;
-3.170831174392537e+00 1.978346575523423e-01;
-2.414024378900449e-01 3.292442941818340e+00;

3.724188735581547e-01 -1.014582837697562e-01;
-4.804203994936225e-01 -3.646084137641761e-01;
2.175599130127938e-01 4.033544901623311e-01;
-8.132981322544305e-02 -8.910763842482524e-01;
-3.170831174392537e+00 1.978346575523423e-01;
-2.414024378900449e-01 3.292442941818340e+00;

-9.784786234462466e-01 1.133780721030077e+00;
-3.607322861360794e-01 1.865508210508798e-01;
-8.059242988596460e-01 -1.012057784658810e-01;
-1.286997119849000e+00 -6.855581065145474e-01;
-3.170831174392537e+00 1.978346575523423e-01;
-2.414024378900449e-01 3.292442941818340e+00;

2.171167677751665e-01 -2.636361858884091e+00;
-1.179602551586411e+00 -7.159770783299307e-01;
1.654445047162459e+00 -2.613121472644788e-01;
7.480550624877078e-01 -2.371458427010396e+00;
-3.170831174392537e+00 1.978346575523423e-01;
-2.414024378900449e-01 3.292442941818340e+00;

-1.246836120330680e+00 3.252397616015181e-01;
-6.461823226415990e-01 -2.306285473920835e+00;
2.743100049164374e+00 1.140617747287030e+00;
-2.699492803681649e+00 -6.549222852164226e-01;
-3.170831174392537e+00 1.978346575523423e-01;
-2.414024378900449e-01 3.292442941818340e+00;

-6.061008513242577e-01 3.913643861255786e-01;
-9.602626377619606e-01 -1.551616731605301e-01;
1.775027914662672e-01 -5.566899580957008e-01;
-7.847143710979481e-01 -6.445356247100592e-01;
-3.170831174392537e+00 1.978346575523423e-01;
-2.414024378900449e-01 3.292442941818340e+00;

-3.624490625840991e-01 3.802014843341845e-01;
-9.572687699507849e-01 6.680070623487050e-01;
-8.784353280598528e-01 -1.048451613497155e+00;
-6.708069476607147e-02 -7.480058343020355e-01;
-3.170831174392537e+00 1.978346575523423e-01;
-2.414024378900449e-01 3.292442941818340e+00;

-9.338836721645241e-01 -1.060003457573633e+00;
1.133762185803775e-01 -2.405958067692296e+00;
-3.653908864308953e-01 -3.556144723905725e-01;
-2.643977195274851e-01 2.420658343440010e+00;
-3.170831174392537e+00 1.978346575523423e-01;
-2.414024378900449e-01 3.292442941818340e+00;

4.954767567078328e-01 -7.218887318780286e-01;
2.267705874317578e-01 -1.052818722642858e+00;
-3.091174252932140e-02 6.249225327246691e-01;
-1.159843484076556e-01 9.133945797576534e-02;
-3.170831174392537e+00 1.978346575523423e-01;
-2.414024378900449e-01 3.292442941818340e+00;

1.921673040162858e-01 -1.197678509857123e+00;
5.577555452684105e-01 -1.455993955656109e+00;
1.394158948782322e-01 2.652244663755632e-01;
-7.804208732818595e-01 6.933895968822210e-01;
-3.170831174392537e+00 1.978346575523423e-01;
-2.414024378900449e-01 3.292442941818340e+00;

3.692340109550504e-01 -1.991544525797544e-01;
-4.975695998278414e-01 -3.954489301283244e-01;
-2.073925189858741e-01 2.515194430602201e-01;
3.995276474961844e-01 -5.175041843554148e-01;
-3.170831174392537e+00 1.978346575523423e-01;
-2.414024378900449e-01 3.292442941818340e+00;

-1.130128956188088e-01 -5.622297955076370e-01;
-6.505114125618784e-01 -3.105049243047705e-01;
9.530512230599490e-02 -6.627412861617602e-01;
-2.924846085613710e-01 -4.154105006840236e-01;
-3.170831174392537e+00 1.978346575523423e-01;
-2.414024378900449e-01 3.292442941818340e+00;

-1.229653558676451e-01 -2.431934841222306e-01;
-5.671991957506274e-01 -2.702956836037029e-01;
-3.920259918127886e-01 -5.149596666238546e-01;
-3.749710753892076e-02 -1.474700643700940e-01;
-3.170831174392537e+00 1.978346575523423e-01;
-2.414024378900449e-01 3.292442941818340e+00;

2.498331058503084e-01 -5.286831276089925e-01;
-1.183193257493381e-01 -6.757073216050072e-01;
-1.545453306421135e-01 1.210241060612537e-01;
-1.134850724930450e-01 -7.728046885136283e-02;
-3.170831174392537e+00 1.978346575523423e-01;
-2.414024378900449e-01 3.292442941818340e+00;

4.054792337735096e-01 -6.569918944124572e-01;
1.295249725776765e-01 -8.749798742624454e-01;
-9.187580170293599e-02 4.050156111075182e-01;
-1.771946653314825e-01 1.915301033836385e-02;
-3.170831174392537e+00 1.978346575523423e-01;
-2.414024378900449e-01 3.292442941818340e+00;

-3.594837085383206e-02 -4.256559242143947e-02;
-5.782165607737677e-01 8.512764599654200e-02;
-5.912855924671284e-01 -5.647132172927112e-01;
-3.859261215297507e-02 -3.915824932487071e-01;
-3.170831174392537e+00 1.978346575523423e-01;
-2.414024378900449e-01 3.292442941818340e+00;

1.157265879636587e-01 -4.307028440522382e-01;
-3.758585507777221e-01 -7.089195731756457e-01;
-5.789805409257015e-01 3.430260703485395e-01;
7.591759785780950e-01 -1.589439545491528e-01;
-3.170831174392537e+00 1.978346575523423e-01;
-2.414024378900449e-01 3.292442941818340e+00;

-2.137190607503017e-01 -1.051937887906957e+00;
6.390725827548828e-02 -5.007764239110702e-01;
-6.222058384661189e-01 -1.621570768601692e-01;
-1.007889863479355e-01 -3.547062881188938e-01;
-3.170831174392537e+00 1.978346575523423e-01;
-2.414024378900449e-01 3.292442941818340e+00;

1.007721452946158e+00 -1.004159407706522e+00;
-6.331600815287232e-01 -2.179956424348775e-02;
1.747299888840864e-01 2.143297235907345e-01;
9.448552500349638e-01 -1.475956425008266e+00;
-3.170831174392537e+00 1.978346575523423e-01;
-2.414024378900449e-01 3.292442941818340e+00;

3.987383828452694e-01 -2.514436484552361e-01;
-4.967283125069091e-01 -4.171071264178308e-01;
-3.819638023323156e-01 3.622673592408950e-02;
5.326803889445768e-01 -1.679995836755799e-01;
-3.170831174392537e+00 1.978346575523423e-01;
-2.414024378900449e-01 3.292442941818340e+00;

-6.263245963524901e-02 -1.379071798439345e-01;
-5.344125314072961e-01 -2.539998545196203e-01;
-2.635401721861774e-03 -4.455016464944236e-01;
-5.116648963019054e-01 -3.416095063960932e-01;
-3.170831174392537e+00 1.978346575523423e-01;
-2.414024378900449e-01 3.292442941818340e+00;

3.998784237874391e-01 -1.485621611908636e-01;
-4.642022035250755e-01 -4.011027360434782e-01;
-4.647841156906821e-01 -6.755053267837757e-02;
4.444753097814074e-01 4.360291997833811e-02;
-3.170831174392537e+00 1.978346575523423e-01;
-2.414024378900449e-01 3.292442941818340e+00;

6.669168758444970e-01 -6.848635325777475e-01;
-5.085470011287824e-02 -2.378982165628876e-01;
-8.518563139845121e-01 -2.585857172089333e-01;
5.225301820299679e-01 1.767163855242221e-01;
-3.170831174392537e+00 1.978346575523423e-01;
-2.414024378900449e-01 3.292442941818340e+00;

-3.759182136578790e-01 9.968536403094839e-03;
-6.843973686341163e-01 -4.439426017922984e-01;
1.626763695605682e-01 -2.516578266417782e-01;
-5.584212412158547e-01 -4.880478364595689e-01;
-3.170831174392537e+00 1.978346575523423e-01;
-2.414024378900449e-01 3.292442941818340e+00;

1.610254244540701e-01 -3.542390371263980e-01;
-3.555043051348216e-01 -3.399773318621333e-01;
-3.626183415329171e-01 -2.509012456167330e-01;
4.077506288590597e-03 -1.485000048157024e-01;
-3.170831174392537e+00 1.978346575523423e-01;
-2.414024378900449e-01 3.292442941818340e+00;

3.061452824875124e-01 -5.495292244630311e-01;
-1.396186079560428e-01 -4.872983492061227e-01;
-4.827420682680503e-01 4.362524606153957e-01;
4.234546288706584e-01 -5.415263506199048e-01;
-3.170831174392537e+00 1.978346575523423e-01;
-2.414024378900449e-01 3.292442941818340e+00;

-2.976972411638137e-01 -8.001743253393858e-01;
2.562637897449624e-01 -4.671108998584798e-01;
-8.647828340870960e-01 6.744259551953403e-02;
-2.517341257844891e-01 -3.426707303184826e-01;
-3.170831174392537e+00 1.978346575523423e-01;
-2.414024378900449e-01 3.292442941818340e+00;

9.514352053474802e-01 -1.094712126147022e+00;
-3.971267711064606e-01 -4.455921486244328e-02;
1.669811739263374e-01 2.157599543084000e-01;
5.947032365184893e-01 -1.434712066672797e+00;
-3.170831174392537e+00 1.978346575523423e-01;
-2.414024378900449e-01 3.292442941818340e+00;

4.693644715697257e-01 -1.947791052252006e-01;
-4.646995708867421e-01 -4.105726842019135e-01;
-1.896603725652226e-02 -1.710789017007331e-01;
-1.996332640488194e-02 -5.507100677329830e-02;
-3.170831174392537e+00 1.978346575523423e-01;
-2.414024378900449e-01 3.292442941818340e+00;

3.650156445468690e-01 -2.394296296608882e-01;
-4.903653299541250e-01 -3.792981072155349e-01;
2.308990942381582e-01 -3.710419133477862e-01;
-4.104034867886647e-01 -1.263460078809155e-01;
-3.170831174392537e+00 1.978346575523423e-01;
-2.414024378900449e-01 3.292442941818340e+00;

6.503137441151473e-01 -9.570703084422844e-02;
-4.127844652302136e-01 -4.626517426084915e-01;
-5.060554117078278e-01 1.468671793789142e-01;
6.738861187538892e-01 1.423258897121461e-01;
-3.170831174392537e+00 1.978346575523423e-01;
-2.414024378900449e-01 3.292442941818340e+00;

1.258929220642095e+00 -5.617439128490326e-01;
-2.908389295939203e-01 3.135827958964689e-01;
-1.377077400232062e+00 -1.199920851486395e+00;
1.068463148847735e+00 9.294171234512971e-01;
-3.170831174392537e+00 1.978346575523423e-01;
-2.414024378900449e-01 3.292442941818340e+00;

2.419708009036539e-02 -2.468656759532450e-01;
-2.841598929785777e-01 -5.905583214878842e-01;
4.783610223013644e-03 3.349100484441642e-02;
-4.154150301276606e-01 -2.315762120963161e-01;
-3.170831174392537e+00 1.978346575523423e-01;
-2.414024378900449e-01 3.292442941818340e+00;

2.629789542552276e-01 -3.925431311437482e-01;
-2.272687427331860e-01 -4.004123999966620e-01;
-3.646929789279356e-01 -1.362223518632532e-01;
-2.920128184118480e-02 -8.363572706702400e-02;
-3.170831174392537e+00 1.978346575523423e-01;
-2.414024378900449e-01 3.292442941818340e+00;

