52                                               

6.880011370129194e-01 -3.075534698770430e-01
8.351475842187239e-01 -3.702500178704403e-01
1.279459432075096e+00 -5.742126019052682e-01
1.000000000000000e+00 0.000000000000000e+00
7.033834597646951e-02 -1.614589741082234e-01

-3.157546250613705e-01 -1.597003131713127e-01
2.408199369432647e-01 -5.585479573707188e-01
5.163749496331899e-02 -5.175621578963460e-01
1.000000000000000e+00 0.000000000000000e+00
-2.062889083965951e-02 -5.191724563312912e-03

-4.128775250701900e-01 -1.985293219212313e-01
5.282705506368350e-01 1.831788841458098e-01
7.943840508423464e-01 3.393977884183429e-01
1.000000000000000e+00 0.000000000000000e+00
-1.912214232294274e-02 1.426172482340592e-01

3.820749664860842e-01 5.856024940974024e-01
-3.845182039805704e-01 6.756107237900905e-02
-2.281760318968905e-01 -2.183820295859078e-01
1.000000000000000e+00 0.000000000000000e+00
-1.903323222777727e-03 1.375208973166492e-02

-7.053790712359689e-01 5.323148232681941e-01
-5.715844869209856e-01 4.882419095314235e-01
-1.072545007396283e+00 8.576785812640892e-01
1.000000000000000e+00 0.000000000000000e+00
-5.745319716612956e-02 -1.650703562656400e-01

-9.735065507409005e-03 -2.449887135941712e-01
1.814327881003045e-01 1.111513649069899e-01
4.026313904334064e-01 4.005545687476773e-01
1.000000000000000e+00 0.000000000000000e+00
-1.011978387687026e-02 2.927273350878927e-02

7.979911728271828e-03 5.022850104279208e-01
5.392431694133067e-01 1.376458956954444e-01
-2.945671176767565e-01 -3.516641942457163e-01
1.000000000000000e+00 0.000000000000000e+00
-5.176326218772252e-02 -1.776194557200354e-03

-6.591728892216664e-01 -1.238758295234227e-02
1.659627086045881e-01 1.173308734217612e-01
-7.772354887657140e-01 -5.455245164037942e-02
1.000000000000000e+00 0.000000000000000e+00
7.671304788736558e-02 -1.105027437216955e-01

6.844692558268953e-01 2.843798817073721e-01
7.919789888872544e-01 4.487371498602055e-01
-1.237126681270313e+00 -6.222243803303011e-01
1.000000000000000e+00 0.000000000000000e+00
-1.417106489403910e-02 8.894684706059623e-02

7.397625208575770e-01 -2.662834458493805e-01
5.552149226509795e-01 9.720996065716032e-01
-5.632282604276687e-01 -3.592665249777811e-01
1.000000000000000e+00 0.000000000000000e+00
-1.185064394404845e-03 2.652291695811579e-03

1.747571881118411e-02 -1.590898850792031e-01
3.615148641401330e-01 -9.373620997230199e-01
4.084542911855544e-01 -1.103789713961278e+00
1.000000000000000e+00 0.000000000000000e+00
-4.861059278902445e-02 1.191133454908918e-02

1.356296923839871e+00 1.767341467715918e-01
-1.350972826770160e+00 -1.726900416074619e-01
2.256080224710985e+00 2.927377305209331e-01
1.000000000000000e+00 0.000000000000000e+00
-7.168427928656848e-02 5.736897796584562e-01

-1.641958040601424e-01 -8.345588078083019e-01
8.928516538261606e-01 2.065218969822414e-01
-4.710555929341507e-01 -8.737231638756636e-01
1.000000000000000e+00 0.000000000000000e+00
2.511204216396262e-04 4.367791296197693e-04

3.970620423097178e-01 -3.308970314422377e+00
-2.392736813169292e+00 -3.034356749861373e-01
-3.226330219890340e-01 -4.436776087977393e-01
1.000000000000000e+00 0.000000000000000e+00
3.061982692967901e-04 -5.949447511551469e-05

1.049227471291654e-01 -9.738494856013839e-02
3.857360892811081e-01 -9.409234501673074e-01
-4.666554823472919e-01 1.092104133216262e+00
1.000000000000000e+00 0.000000000000000e+00
-6.933361828922688e-02 7.157894939892237e-02

-4.153028234742709e-01 2.434195471965440e+00
3.326607588640489e+00 6.236449264452950e-01
-3.014069472107674e-01 -4.614022290599038e-01
1.000000000000000e+00 0.000000000000000e+00
-2.774966318299547e-04 1.212657672865055e-04

-6.835091048707836e-01 -2.137027674803180e-02
1.914616062628489e-01 -2.560921947393990e-03
8.167981614577414e-01 1.152051623183409e-02
1.000000000000000e+00 0.000000000000000e+00
1.560380693376116e-01 -7.179236679794400e-03

-4.605853949439020e-01 1.577529991419450e-01
5.170541070909113e-01 -2.694090775800430e-01
8.341212353088209e-01 -3.662185139835174e-01
1.000000000000000e+00 0.000000000000000e+00
-3.005928490247457e-02 -1.237713013559357e-01

-2.261057239048068e-01 -1.375642640056953e-01
2.358381563486997e-01 -1.786246847407315e-01
4.257276911220654e-01 -2.919677286993581e-01
1.000000000000000e+00 0.000000000000000e+00
2.481287408593131e-02 -1.615563449160443e-02

1.356417920350831e+00 1.779048483212370e-01
-1.350848046886654e+00 -1.719414503718252e-01
-2.256537436993759e+00 -2.927183339510070e-01
1.000000000000000e+00 0.000000000000000e+00
6.212413510757495e-02 4.171543688533785e-01

-5.080735385756054e-01 -9.541136410311273e-01
1.310113101211354e-01 2.481718293133860e-01
-6.289299245364178e-01 -1.149133680769075e+00
1.000000000000000e+00 0.000000000000000e+00
-2.014834901628394e-02 -1.047228196403757e-03

-3.300957393233205e-01 9.345992603608336e-01
-1.836444077785914e-02 4.588351730707717e-02
-3.951544559403115e-01 1.085596807961349e+00
1.000000000000000e+00 0.000000000000000e+00
-1.075001949041988e-01 5.282618428999842e-02

1.604073857357612e-01 -1.100242903517899e-01
6.971505345433658e-01 -2.499091808081037e-02
-8.063926386103643e-01 6.780822804708928e-02
1.000000000000000e+00 0.000000000000000e+00
9.909917008333036e-03 -6.934740450838654e-02

6.576785051831844e-01 -1.727173245560368e-01
9.764147760243036e-02 4.000109668897979e-01
-5.366892410249415e-01 -3.392851850589149e-02
1.000000000000000e+00 0.000000000000000e+00
1.635546581475068e-02 -5.390460406100905e-03

1.379139438685566e+00 -1.736422697385118e-01
-1.378638143024276e+00 1.669110949112681e-01
-2.297764746048732e+00 2.851607947638172e-01
1.000000000000000e+00 0.000000000000000e+00
-1.329632496052283e-02 -4.191966190271892e-01

-1.899418849591982e-01 -6.675346095296258e-01
-6.150473964864231e-01 -1.417628294150700e-02
-4.462708376442646e-01 -4.294115154901897e-01
1.000000000000000e+00 0.000000000000000e+00
2.839491233399231e-02 1.339998117861709e-02

-3.499242398322525e-01 9.233372636077364e-01
1.619968052741324e-02 -5.576781550872850e-03
4.052776026234879e-01 -1.075515515512547e+00
1.000000000000000e+00 0.000000000000000e+00
-7.879239742974470e-02 -2.312276923300608e-03

-3.433928133739740e-01 -9.468562542074681e-01
-1.836355139068337e-02 5.839255016100521e-02
4.117087886208348e-01 1.086988876391121e+00
1.000000000000000e+00 0.000000000000000e+00
-7.556054143652974e-02 2.744023150864569e-03

-1.479577198838540e-01 3.474240066579909e-01
-5.015994038518974e-01 -4.672039524901311e-01
-1.028134318623079e-01 -2.807605392390852e-01
1.000000000000000e+00 0.000000000000000e+00
6.046251253507579e-03 1.404902005290777e-02

-4.486890355869774e-01 1.868486512572464e-01
5.395681027034032e-01 -2.108002425009251e-01
-8.346148144523833e-01 3.404976330189822e-01
1.000000000000000e+00 0.000000000000000e+00
-1.840264761298112e-01 -5.821251242397332e-02

-7.174717341716291e-01 5.422244185738438e-01
-5.623264025232350e-01 4.730192326404234e-01
1.080415621013002e+00 -8.512410419562771e-01
1.000000000000000e+00 0.000000000000000e+00
4.401744949088476e-02 -1.646817168091356e-01

-4.147487007530797e-01 -1.291626768746878e-01
5.637656553604533e-01 3.599598866043942e-01
-8.228620882172577e-01 -4.459269349664482e-01
1.000000000000000e+00 0.000000000000000e+00
6.674549079705851e-02 1.682676549063860e-02

-7.934301193433654e-01 -6.910488469477141e-01
4.012571571492712e-01 -6.628152173644380e-01
-1.011463994531462e-01 -6.096501556895412e-01
1.000000000000000e+00 0.000000000000000e+00
2.316097229192699e-03 2.526235158886910e-03

6.890321101706738e-01 3.027344316667850e-01
7.965101609388093e-01 4.017614418448686e-01
1.245128802499444e+00 5.980873342964308e-01
1.000000000000000e+00 0.000000000000000e+00
-8.789677654396706e-02 2.193104306177513e-01

1.287698204048054e-01 -1.536546173903162e-01
1.367365486561352e-01 1.489621282937800e-01
-3.430283199566821e-01 4.154756042520907e-01
1.000000000000000e+00 0.000000000000000e+00
-1.573433443383275e-02 -1.830545008424415e-02

1.004201036720176e-01 -8.563977308536368e-01
7.045686075138450e-01 4.396076862463987e-01
-7.017724739261537e-01 -7.469988624085250e-01
1.000000000000000e+00 0.000000000000000e+00
1.392375055615216e-04 7.500351487183770e-04

1.058140653226230e-01 -6.713276683152039e-02
3.892392568832578e-01 9.456097009303197e-01
4.491645024377310e-01 1.078892303317149e+00
1.000000000000000e+00 0.000000000000000e+00
-7.424826659642358e-02 -3.299193081323931e-02

7.765711338244329e-01 4.521059035905761e-02
3.977930639885385e-01 2.013274969450836e-01
-1.012513269878994e+00 -1.841153640786623e-01
1.000000000000000e+00 0.000000000000000e+00
4.057180209452000e-02 1.508202948684991e-02

-4.391362405203294e-01 4.375350583328164e-02
2.430332300036237e-01 4.999518431022638e-01
-4.068565695884544e-01 -3.961537494582275e-01
1.000000000000000e+00 0.000000000000000e+00
3.693177804191907e-02 -4.396309952071349e-02

2.929903746609681e-01 1.745680682029032e-01
-4.058388881394699e-01 4.314671171287864e-01
-3.018567845203013e-01 -1.502670783825928e-01
1.000000000000000e+00 0.000000000000000e+00
1.031113010680843e-02 -9.906648969277428e-03

-6.862317248348313e-01 -6.198170696475402e-01
-5.668998737864979e-01 -4.292508054132503e-01
-1.050633624963401e+00 -8.897327503410573e-01
1.000000000000000e+00 0.000000000000000e+00
3.773013665235642e-02 8.858373255056287e-02

-1.115487920112252e-01 -1.205908473096005e-01
6.500483806794302e-01 1.344462941661179e-02
7.206659202091305e-01 4.561194881766059e-02
1.000000000000000e+00 0.000000000000000e+00
8.082559394667616e-02 5.344296557524219e-02

4.717127736275920e-02 -2.197023130692482e-01
-8.483831954052670e-01 2.480350986929450e-02
-9.478825690935230e-01 2.319296841302337e-02
1.000000000000000e+00 0.000000000000000e+00
5.090617974562833e-02 -1.102353818121090e-02

-1.214673743076187e-01 -8.353637302665837e-01
2.928579155513876e-01 -1.972686930858875e-01
-6.864335437982816e-02 -8.953608504199798e-01
1.000000000000000e+00 0.000000000000000e+00
-3.125960916596505e-03 -1.877949158873001e-02

8.008773468820540e-01 3.338790689664417e-03
2.411929856598048e-01 -9.131913103000044e-03
9.546953264513407e-01 4.529916261203748e-03
1.000000000000000e+00 0.000000000000000e+00
7.418533721476446e-02 5.136843635221014e-02

6.835330419440464e-01 -3.359101360987041e-01
8.212917211977063e-01 -3.465139873429933e-01
-1.261104143366996e+00 5.755860883306826e-01
1.000000000000000e+00 0.000000000000000e+00
-7.224666924388415e-02 -1.262445076716342e-01

6.332077792456658e-01 1.853455257643050e-01
2.642442983423382e-02 -6.586604045917468e-01
-1.813586462803212e-01 -3.673140486098629e-01
1.000000000000000e+00 0.000000000000000e+00
5.015556913473022e-03 2.826195989528329e-02

1.378590175215023e+00 -1.725197007788123e-01
-1.378916539645693e+00 1.675886292085410e-01
2.298094516210428e+00 -2.849477933541449e-01
1.000000000000000e+00 0.000000000000000e+00
1.634246842703149e-01 -5.147973513685762e-01

-4.308743833996628e-01 3.416845724578993e-01
-1.835206071324864e-01 -2.935140699971964e-01
-9.254390683308203e-02 -3.272347646664663e-01
1.000000000000000e+00 0.000000000000000e+00
-1.280709149370808e-02 -1.117452408598580e-02

1.553431348146995e-02 -1.748387979474905e-01
4.416635600979676e-01 9.603138192970436e-01
-5.075159235239859e-01 -1.135178051281968e+00
1.000000000000000e+00 0.000000000000000e+00
-1.050732553220460e-02 -2.910745510539522e-02

-6.960786724359036e-01 -5.852806019731582e-01
-5.675512364554555e-01 -4.498166084532049e-01
1.063476039369271e+00 8.784088096893682e-01
1.000000000000000e+00 0.000000000000000e+00
6.459426671457352e-03 1.857250005589158e-01

-7.810781899305000e-02 -1.156325341274082e-01
-8.646959797141026e-01 -8.780170895106243e-03
9.832857193863491e-01 2.005581720439487e-02
1.000000000000000e+00 0.000000000000000e+00
8.133247126435839e-02 3.061738880710268e-02

