24

-0.8026401074642936006656349410274552488479909557995668082342373259705122772803759350391791190022615297054099521987336088458671995938127105257265860028871637579116984163029139647411479113209228077528255699283297384240496467422311424504236282344180397789124714406912247948625651622253856175652057777409795788464814e0 -0.2339332289975686960988160997169235211135778196650439779125749428219258657190437802476552284274734193503029071588095756619713028594621565924482848116977641038530009460977665784724017733086215743867199507120902489166106824383451879008553428723400958805142797085229138295726531973745610484918830805633317850628923e-1
-0.8763840589908771732223353027123586061934277633891839217364614842936538337892010590055419781713998078117018374136516893785611822287328381600711056551390803639561651002633853526237589861167059821712448947808854279824128445829057810152157182682267236470665893173042346556574348983044512778700377816555865876310548e-1 0.8896189568615778081561729597062580881953452690535822884448894314640892940445895636426733043785200305001847835988836490354820681541870599592826035840705542895835226637129876588679238018244962086197412896200979995271355079958763187938624214461825945425013364885125339103976944489942689223747482272137063424004059e0
0.9165797247379315477511991028858128410540030623756922678446728262251003982988213727504223391727727324784392118068668568317289330386393264104915176483397999214387832204411253577880077584423006780953774265015413601022675501530239706719984096672216658913451439929892273595802012190637403919480229329154274828343609e0 0.3060500248869561882281551888125364935870548855715837531110170090517200328908919725770874526838651479777261025032557833289196684132437690117571433619007597529246406807384310581690807561332500585204669809567612187212448946267237132116693621995521016636378510343462422120210023912861513705417425546694399331605887e0
0.9782562757746540587588811994771387743516737926062022581278491339637220174728164692188473336214647841544661470810005942410901139873611115953686396953105633664796658524833619999673749203410475061839118233063454311723504942883615577116659979167224737967252216917957998168133013630394929648481444046323790300487275e0 0.2747724901180028256288130322795102430504547084439431717565617442796156090352377374808928364520152808347722067535411331825973965383515199885077700971823956782101650530687031207056979436676220430312298969115684197239691902876094194820070741370672992101740332078572565876036253426372728630646070696444866860550638e0
-0.6469385791610646048016328160947356829238842417291528849826717413738171507585912415156218909282596085669413888913768422440614178144393498882399945198549626319507361208091151080666031462754286558241909586364262913576563874365807593791079673659100923073974911915688283532838223124466758152607973986227781093986533e0 -0.8079798476860534570380014893101991776494797196956023056747243684909694217975964807415115328399608907931643065433082802911663008803298328215704315273075868548911288045714564790237828548345401156251586241334064990626035611599459376359506249298994585387981161693621146337573670234800420480631325399840675536265008e0
0.7435503279253398694772797348995257262727205569488610413483508918634591605666342454927354542602576645663545204761048256479472869203943989517572440632417376404130929843519103919922770242472262375331866890445897030057697847917712818232452389252261312580579295396906195177494351108567723064689338876466480479095787e0 0.5549998282559455816806419156798268579449619488652575090088093645847404339762215888125295857376972156624901684509691058785949624679462630334539223449085961280536619811026637119969239554230991925424388727214979443769344990871352952537459180162018704478342028365225250985283672808654428681296934858595489491272570e0
0.6796249843635955532752225844575716073199233495566949088493969447754388163260232269850353641680571974887638812273907803082984145629870049956662228833511375494567318732521890845998130111754613964825700707311962738686225497123058574964151301935190723186107446669071886172164359628733806634186086078015587332457183e0 0.4634478109685442214657519410647901533441410593024996927943639452458297274959219431707578936445848403697498721246748227180291382547222576189725453075526630540124110829242530346590889865206413318957233375328033284404074115248703155920964778802064517201660215184556120914642662906951693943396143288799267261865666e0
0.3037843644908624725802692785580790936603272527782058090859020256530551503388706925711289111132861231252828286417636491729750073168460249634527088073215215129114434260702165875978777586544796597611024154113555825912208251146861861487877405378334712815599794077241195570992649177706788832023418897594854446257233e0 -0.5189438907167157235662340362873599599751063478828501084899258654855045283407556811544076570058426137641399106699715630610140556934689751560241210154067510310097132514550713592766324568939848601816435336082277384630509298050601674575620198329284384793132594320331887382717129557426950618715655860062655030882955e0
0.2447724378621413784679277853571211683849225152697528307018814808368494875571775420996347604323429907874056415427701258753916443413413658797106093908744948177244456745054968909148909627287940027115908424376636008746988590828690813058202435595023266317401163307725170763263729764546701944149518517999568545287273e0 0.7871332547300638275510390947815665700948757992756279812255615275203334535431771116373896115348542813692801469086867083601563447607968535444124095589230214778641207326991704803845010318237267869287888390230637066712986706688144220002985512177612367685197573215003362732155265729957944290167295527387232706113487e0
0.6963906897912567776006162072688803740162060942721626076325357315228332628551473262245131796688251216205791227800900157024750186908758244587251989624564543010666711577163995191017408911412288343110544512316791695833339433865147503578317439237525625092255063513598772349276771150054621070637864072971907566351779e0 -0.7387030738955702013107919012576873395363598697336043005602127888479726856923024508848554118195475920084458028502501086875857821665491115458339723230480718182381435308567835451821716783685916179861418441024318328539957986674000817783408346168875001850939190702251640413700707837500866777236869825672021806878357e0
0.3492191057756220301395440385127551931258936444272392205378060741473400779996069773788977609257677749480774390346981363246504553334962747859674973059720537405227910772927612756033380196136143825637741997851705412406774247201368966923692561034258905679197628462604776572611959312232968638447748446593924089989726e0 0.5336840279233619256886657359191659170548844567949046849746541426048510413426536445727020495190920036035704077134355603745201569754984917295143220941470958643083181648244456014369448446422926007341398555264142449915247272616900524742652825564933115937496243917484469203115448013830552533916755451870386586725203e0
-0.4019424046284984534399551145623888047569567396728588204214981751046339525662834096380321879930177833632350451499806552810112294197773131802910599213538974096669815217244918433407332536858061114625938447327937788470449209339329218263971126503839229885123228938103896857896038027495739827550709489166133334059736e0 0.6962756181541886607760147824741801324099810885035140167084352372626013744565104457114195267859223040043768155867383224381144273557148390125538255380678383238170068454343080649295595756810978266350818957616042827894976564680603160674179516492694371250059257514502782537949137625402900603406748000946463098011467e0
0.3349068562518536243618321617334421004927215526077161721737524356026283429257947634259706384109399893751109103568755315222019962146474764094853410165129708729160023652829656649103487879159007507286268497849213050522454920864026702917706794226392547903287528781219306575415067667519203957590183795063074427254863e0 0.7724249091129711882007984119770591073437125895801013537129431693752332036629786420363579433444459372710219995087741822122251200699932821043834804087376152837970701208611530365337716781644840025294639664553432588219605934143067526075231319621336817422820991536704300236305800637858475154014104876617092145478656e0
-0.9525210447610867223745511745083801999005427183598455217064112851682078600533524916657907889647803340316007653276886445096745079741954394253611157679180245200387610198563876026309804329861948764634465978879782561348328861784235733478553322790033644055964034101474577298060916315317061331745285405555271865813305e0 0.3930710525786232909498630205706115300968454423928743334802644573972241524915169987582335708805225979068554926653000662312737663609882959532271775441144869221901850598856523048078227956383271800225694337280517109302890543772845769446973899068805951986748681240289305715209081538115909607005896532321820185301484e0
-0.2171379469763126421862642017064724869192984974458236938205784615733146239087026596932017627827621959801292205797210543170503027778390377673934408379938603077356220172747885805232708360927897197767566037534832233798287262047559860687095870829374390973858469986501818655723456373198965303857778232996433666828846e0 0.6977590942474383635647937864853637315483409597012167644797863851530458832678865176689009213356404641424587809623761974706025382420138994982592893908027856370353656972387457216001564889150066455606316410271738434352731115729958003497109755627137661385640095049748896533976997825359712371050912997367619229579645e0
0.3145452408157806121701633979651976380536840346459743129205685296450280827012815526252378001407402942550705782091893787333161388365128969417275567365155811147890004268969093153736620051947010218599198792763329264160646441370118626667236170379586716533935203746890686132883569255107643704244321540173898711528530e0 0.1572841873146060795789790306901738706990500065011997152818867722741872840180317684353645171319016334684849404817181006326834403392937590158522724826029721176619877121265352228008167770605477197502663471655633442501277646430214566970803822017359726522219312778425512285334311516239089369858176510859318525097121e0
0.5048400825822682324832236133059984968384472142832188303721747616187334706575365183707803063076015501295015499260479583599881043409172421420892914853345980944174995410202553353084860059116011405771086234497699951946437156767829983978442909681323585994971441702705328088776673349824161113319989077823842339306182e0 0.3540573119269453920465145229668907554308087291185387281605154751782239936316231022513757953190347953011541227223459153676376552654539010074139811838001148580091195142760164733386100451842265628158024184542109297778422886736233860961497735532324775240505443917205367953593733695204959550873151894323000426558024e0
0.7353869137327818174997557802365291252421447630898441955320564575687375626591340734850365657165107459015099964326135283857198601464257016910334288175510861494684197146458620045190775110063872465854648372776943607029575961485542603981380680576177207705631168292350529018395450102146128303749717713685785603780582e0 -0.8577108538767512287266900562290460306527947328292332091769384980656569575650978280436829127369729180715103636628123389754712196985606221821775002521158837290460967328895351652243963674567205544577938675961732954376180632291842529157547137762758057278407448652270221581019795851472691599573561404821467558401330e0
-0.6652206863519665655240919758748007688356084004542940515513231029111133973885116813552710824238839306178339475433754630868986856836895075089697199488712327912163796585871909796279167070941147073653040423228297269014442996514001768243097180313435119726391571067147124898032437295701241971318423028339315766642820e0 -0.4745312425651391580795504121115684889600192315340609540342111830629579775497807715297589552976687083261911848025697910009102589192352546374026045404691818761785938150554256941532545291992758043135921360320564804155660099336543986517009803450986807692223872525276414611646308648540612195972347898100133801793814e0
0.8629596132137759512281504678846692997890816442201589483536554807574837222141913676014091788351414306292432117578982824554734885243489963099333318737088530907097319844754120737676666973541198173499936319262517426078582304012715054621519914567976327610141234098640539996461861532418658883167154706924618790331763e0 0.6405411672932351759764968986468576731133730730883923289806212047793492895406462710843203919253729084089784165809157997195827880489899504878067968747366424491154999604734058297279371814081834369558363665969025811149528269665683761833537714164397507803437414356077389866396453658819065135680593000656156568397929e0
0.3159666762600895082025017803115116775016996821524795373949194915983941141152052626991359179565689516432380580361849524090555675822356705178344947303643706879963667259627515170369523338136663497991524470141724862772229024825342861795005817936324293523423399045594470484930327223228632758290586886889883757527575e0 -0.7617599212938813011806254297624427160503994571004949906187015476283216408262017177449824830285248976736545489738964418204058040638159121397490321152781910562969288094436649857351333936205555206062217534039508322591528205631800953766793784835161120849191525354748395960572922097191882698284242866180527125243781e0
-0.6549153326199891318942863454881094066410452199509269025953128694604400418135434031767913864210211191129846595235149993017149845903961537406972584510512925387911888711235693953173294902460783343334044145547367725819974616356861354555813348459756949064399675148946995939724949945751929891784516361640839824338589e0 -0.8139619911123233861062761210433202689163576254075957711049978988135218109304365474514319884299230452575502766454713325129706931976314591079923652677122759882777095859651834000536955788520780044074850705408357916904220102254978097932957753780365544224898064584641266351495689316539646501896315736234455151514240e0
0.3935604884522270686784180941475107485778423378171800150088431210530184411060000079633252413906076784468590987020217932244227465470605903388828819859800322585790200070237308728318896736156760233699830218501368480032808910511131376679138873608745388846144065983464777383062951615205569850226438672851553602760765e0 -0.8911047940799910354500274007313868547961366228638583205898713958228967192031968235248459253179734374368398394295010448516503863419906011021620918934608121270895615564042588640691722064787154735853557168559293202903620520667836810797571589463478627447736798170705805400141065409537655610774584928820086534983873e0
0.3692881567273801038767082444531993245336517395136978666805840214454932866473427029467683910638435738911085278389558545585035136862249852938185287119570627207363396548551492637965791355069654212100783743963920135681183624607928332745074630592289754696054744193727814566703112345872809542112836329025613090673420e0 -0.3257213871645415334728829346135067983632191319419434380085697377621935053185029376481445923543263918868184867093510580214921282391280406489517117537333998661083022025546889139138338662227992307653623472147831323689305393860227817600086366616517462617575205116217561469547553370599295139643767241033735084764653e0

