0
-6.988343598104609e-02 1.485113404129851e+00
5.130338181714589e-01 -1.242640119059184e-01
4.687701526728737e-03 5.953141937515228e-01
-2.118928567049830e-01 3.749828162037149e-01
-5.537809944492850e-01 -1.292548771572436e+00
2.909577902203540e-01 -7.518105280027884e-02

1
5.067940156338744e-01 1.297651822165440e+00
-5.846171316122116e-01 6.482248432560292e-02
2.683485088159914e-01 6.002558307048259e-01
4.009162980789001e-01 6.146100133997531e-02
-1.090171663837158e+00 -1.118169886312641e+00
-2.552058318904880e-02 4.760312207818927e-02

2
6.771876623532269e-01 9.740263573657844e-01
-2.763065850150157e-01 4.070074967202165e-01
2.051579258931255e-01 5.997673794785364e-02
3.214304784800898e-01 -1.663852470554372e-01
-9.510134369281058e-01 -1.178837877995154e+00
5.606719634782150e-02 6.477594348580637e-03

3
2.143662876059758e-02 2.039637630717691e-01
-2.451653830971943e-01 5.484069774328237e-01
1.746285323456026e-01 -3.222838315605201e-01
-3.510133163267233e-01 7.561223369050194e-01
-1.029323400623278e+00 -1.219123938025575e+00
7.657419919579708e-03 -1.510384989031666e-02

4
1.265508443410426e+00 8.571993732171876e-01
4.829875393393891e-02 3.185388277106540e-01
3.225228748626613e-01 -3.254961926982142e-01
9.343171074997914e-02 -5.224479425250530e-01
-9.724068527981695e-01 -1.425248528024711e+00
3.494425996505159e-02 -1.408781808492085e-01

5
8.991259433407142e-01 9.199459562881750e-01
8.294913645821699e-01 2.042845077892615e-01
8.031827502044840e-01 1.759308959100138e-01
-1.371582636569054e+00 -3.149273701316538e-01
-1.048813976875695e+00 -6.267393619815099e-01
1.581982429147035e-02 3.415268733398554e-01

6
-3.536996497263647e-02 1.516496748883464e-01
-4.729305934529874e-01 4.248381758568339e-01
-2.041560482853389e-02 1.536968857602576e-01
-4.507401476533602e-01 4.560236475482243e-01
-1.044756155361637e+00 -1.193130485577951e+00
-7.443691564966489e-04 1.033956912277770e-03

7
-2.136065656460612e-01 -7.896538805977945e-01
-2.478579428835203e-02 -6.732980019332423e-01
-1.205553246891819e+00 2.898679372913811e-01
-1.493718131774744e+00 4.059476184070661e-01
-1.047782459354998e+00 -1.193434490592165e+00
-2.573140685918176e-03 9.528072636535949e-04

8
7.534658203925055e-01 7.009933093318192e-02
-1.344113394589375e+00 1.758204526141695e+00
-6.000924770290833e-01 -6.976750645340105e-02
1.414719639832681e+00 -1.627060120490950e+00
-1.047469633793385e+00 -1.194368248455869e+00
-2.416484899239132e-03 3.811963942365182e-04

9
-1.804330228483005e-01 3.201059323856388e-01
-9.190328111609226e-02 5.286434766957860e-01
-8.263055623875555e-01 -1.554726727444435e-01
3.738530153356939e-01 8.927187767954957e-02
-1.043565126387820e+00 -1.198058948537723e+00
-1.940055916773104e-04 -1.967623386723941e-03

10
7.940134348303354e-01 7.453889915194952e-01
3.150761732860994e-01 1.858729960549631e-01
6.641895832227711e-02 -1.953012655745647e-01
-2.400110075757991e-01 -2.285600118964177e-01
-5.723420251711460e-01 -2.272846256420747e+00
2.469147273218450e-01 -6.636404553322540e-01

11
2.093105127354947e-01 7.284579366982065e-01
2.958080288804957e-01 -3.194146483251528e-01
-2.543238839519894e-01 1.533882131388133e-01
-4.532934670832760e-01 4.050473465574698e-01
-1.881870581243944e+00 -1.023782071473427e+00
-4.981029785713776e-01 1.308846026952102e-01

12
-8.030383008317695e-01 4.315355928884788e-01
-2.714140849702876e-01 5.260841825766028e-01
-2.027889844654824e-01 4.849953837382851e-01
-3.956539736036896e-01 8.476165997024182e-01
-1.309268883033893e+00 -9.739387795087664e-01
-1.523418733722896e-01 1.416255296673391e-01

13
-1.016791902606196e-01 1.077327796211053e+00
2.227499013819618e-01 -1.290687192363098e-01
-1.370756976885683e-01 4.487582285327298e-01
-2.353290011604639e-01 5.098183654398682e-01
-8.760987538580601e-01 -2.345850197244509e+00
6.193137772856199e-02 -6.973189670466545e-01

14
6.622233523468181e-01 6.644569145080528e-01
9.526677153352253e-02 1.973663322421680e-01
2.106106077409945e-02 7.910077437435209e-03
-2.661251833730453e-01 -2.127690974962218e-01
-9.701651272436429e-01 -9.877694703030464e-01
5.096894220025659e-02 1.219373124769676e-01

15
4.682964057024518e-01 6.553805366292472e-01
-1.079929978699427e-01 -6.208943006289316e-01
-8.031206706650270e-01 1.295850304221587e-01
2.148281404402704e-01 9.801886097676164e-02
-1.061579260757713e+00 -1.193152936099606e+00
-1.085449320196307e-02 1.584887169557283e-03

16
1.083747219374407e-01 6.807572230448797e-01
7.920276970101782e-03 3.204877760392123e-01
-2.574636988358973e-01 -1.221451032800341e-01
1.670855477707583e-01 3.023216818347613e-01
-8.838866233361026e-01 -1.283593425412465e+00
9.289057571369963e-02 -5.872442690572009e-02

17
2.994281623445122e-01 8.823017762262186e-01
4.834173982978897e-01 -4.412611047593178e-01
-7.779127659209761e-02 9.246359560022875e-02
-5.701330493589680e-01 5.299579165257147e-01
-1.061793695641991e+00 -7.852215958252498e-01
2.702892076826299e-03 2.467269179306221e-01

18
2.270737781881867e-02 9.075400514656640e-01
1.187481008643910e-01 5.961753083167751e-01
3.506391253513743e-01 -2.967095919524671e-01
4.763024040018304e-02 7.486841053028688e-01
-1.049328257659824e+00 -1.188103321038469e+00
-3.323181924937544e-03 4.208285374307458e-03

19
5.201294634365400e-01 2.801785888611400e-01
-2.615775900612033e-01 1.974965039500315e-01
1.341723834740803e-01 -2.859609937129772e-01
-3.191108257403121e-01 3.966451469411603e-01
-6.869853028836171e-01 -1.846562374386002e+00
1.923250604903962e-01 -4.036308530647911e-01

20
4.304863676927407e-01 6.179179249036010e-01
-2.124729251166870e+00 -6.925393726396022e-01
-1.350595014087643e+00 -6.175174036942115e-01
2.937210348225832e+00 1.156825040266324e+00
-1.040667449724504e+00 -1.205069562409488e+00
1.312062863861552e-03 -6.277672212039813e-03

21
8.350308875362973e-01 1.061694217821630e+00
1.281636714667235e-01 6.406442271674907e-02
2.555331009444982e-01 -3.229994078842958e-02
-8.582847006611476e-03 -8.060624825401934e-02
8.206234933157777e-01 -1.733110342954831e+00
1.102086412785858e+00 -3.860358737133370e-01

22
2.052767238519922e-01 -6.387001600093772e-02
-3.615725297651458e-01 1.085535332832370e-01
-3.460468270840201e-01 1.046558508323482e-01
-5.912356651274269e-01 1.784118526718285e-01
-8.046711031812263e-01 -9.092536535752688e-01
1.530521435067521e-01 1.635667942987844e-01

23
4.553685586548518e-01 5.310377105984099e-01
-7.567865465944152e-01 -8.775172408663233e-01
-7.504085744421286e-01 -9.011290576046493e-01
1.259858896334147e+00 1.487183762292118e+00
-9.424180828423718e-01 -1.086499096427974e+00
6.433033150930255e-02 6.167760419547388e-02

24
4.240911794842241e-01 2.575140556496399e-01
-3.336444030974763e-01 2.240313330401974e-01
6.758142333030648e-02 -5.827093899670762e-02
-3.943719142233565e-01 2.702571997248833e-01
-6.032574751455458e-01 -1.167296139783902e+00
2.654285653046751e-01 1.745938298595279e-03

25
-2.270336881332752e-02 7.731177734650266e-01
1.073372689722832e-01 5.996105338483307e-01
1.994042156975455e-01 -2.153456754545401e-01
-4.151036958140520e-02 6.124899915598441e-01
-1.034772105672718e+00 -1.201475697085677e+00
4.975279119544441e-03 -4.315831106113231e-03

26
7.237138884700505e-01 7.983778188064193e-01
1.482550442024411e+00 -1.081070489517342e+00
7.964055140290188e-01 -5.549788595794025e-01
-2.015124518141231e+00 1.413306653061237e+00
-1.025538809541145e+00 -1.202513560311781e+00
1.048894738991554e-02 -5.249286168697853e-03

27
5.980865684128912e-02 -1.458747848380701e-01
-7.233970564185181e-01 3.492485619024257e-01
1.594291074476328e-01 3.414167047577227e-01
-9.136364689392070e-01 4.416778485887728e-01
-1.041678592053263e+00 -1.197136355558652e+00
9.706073494177746e-04 -1.476511059183249e-03

28
3.810915910521507e-01 1.021565754582448e+00
1.476688802583370e-01 -1.262813561657267e-01
-1.473807890791241e-01 1.446339292905184e-01
3.633983932766013e-02 1.860087351524922e-01
-1.271516298680810e+00 -1.307347141722838e+00
-1.408414933571328e-01 -5.999343725137066e-02

29
2.063917603522991e-01 7.345111490062376e-01
9.839688335863132e-02 3.149876115786736e-01
5.491213797413571e-03 -3.318482406619529e-01
8.967976292533260e-02 5.344733836748380e-01
-1.188889075629679e+00 -1.158062262536585e+00
-8.618043188337382e-02 2.694292828007958e-02

30
1.552020323131350e+00 -5.296042975466131e-01
-1.705842500685260e-01 8.017629420515017e-01
-3.616066184664478e-01 -9.053015003393610e-01
-2.166397405338864e-01 -1.343935117426985e+00
-1.067562388415358e+00 -1.498135184811066e+00
-2.468214971250499e-02 -1.814848594359044e-01

31
2.533353115567198e-01 3.250476713830859e-01
9.814238817431920e-03 -1.225692927340754e-02
-3.783432841245841e-01 9.327033518377165e-02
-4.379532314834452e-01 1.098509708451910e-01
-7.322400254250918e-01 -1.308013840333147e+00
1.831990089651572e-01 -7.848698482243377e-02

32
1.121812291082811e+00 -7.110545197330749e-02
5.958865689065533e-01 -1.266118371491623e+00
1.075471601603166e+00 -2.207625239692679e+00
-1.358256346910625e+00 2.960100555510490e+00
-1.051304800437330e+00 -1.202918743732788e+00
-5.007992359082424e-03 -4.628311415141202e-03

33
9.693389614785516e-01 -3.753274117166034e+00
-2.842271276220485e+00 3.573550298923916e-01
4.785404305691517e-01 -1.408590278179995e-01
-3.364164328121692e+00 4.252276784551782e-01
-8.677851108558667e-01 -7.433981315369679e-01
1.206900729343782e-01 2.653504913613154e-01

34
4.853721581427515e-02 1.534093526183324e-01
-3.325839253893318e-01 2.462432688472654e-01
-2.058840996149565e-01 1.398605987579773e-01
-4.581840940159884e-01 3.328843931485960e-01
-1.035928345282942e+00 -1.172043652561852e+00
5.267925257884574e-03 1.340931840430926e-02

35
-2.244640028342998e-02 7.855196666241193e-01
-5.870273822096127e-01 -5.120123122386491e-01
-6.411997966099375e-01 8.159001487635423e-01
1.450550454995902e-01 3.198267170291207e-01
-1.033562819959000e+00 -1.196551799506428e+00
5.867163813743742e-03 -1.397525668949421e-03

36
4.457022041969398e-01 -5.625213069448000e-02
-1.759006251325671e-01 4.176602047068278e-01
-5.581339661445315e-01 -2.890729472810480e-01
-1.397502686442094e-01 -2.743913342095646e-01
-1.037504746242333e+00 -1.194166440008414e+00
3.578404038412132e-03 1.681419120464637e-04

37
2.655716876403377e-02 3.714374117102211e-01
-2.062511028863437e-01 2.033607666216943e-01
-2.087621615686334e-01 1.872466356619696e-01
-3.486955675602165e-01 3.273080811065705e-01
-7.888066551537753e-01 -1.340693564582941e+00
1.481104712957713e-01 -9.622711276349806e-02

38
-2.984444464579836e-02 -6.513589705716993e-01
2.634252832998992e-01 -2.704931972152985e-01
-1.177862123833792e+00 -7.147650066745125e-02
-1.172364785850470e+00 6.582361493995754e-02
-1.038523081051063e+00 -1.199359254179156e+00
2.792243657453008e-03 -2.918167839930096e-03

39
1.218091822256903e-01 3.221492447148412e-02
-1.736945820693669e-01 4.837436164915048e-01
2.198598309706467e-01 -7.856736132818245e-01
-3.353224143797432e-01 1.082535461874514e+00
-1.036207839994044e+00 -1.162163201934809e+00
5.431463481163142e-03 1.935607375558485e-02

40
5.554041018235883e-02 6.859356902405268e-01
2.030796175999305e-02 3.918710931931180e-01
-5.054123237680876e-02 -1.715686771441238e-01
4.219322301999079e-02 4.978584752052406e-01
-8.112761102701260e-01 -1.277236750864461e+00
1.367370848515611e-01 -5.734067152873370e-02

41
-6.909047271822125e-01 1.474962649161798e+00
-7.295464968499997e-02 7.920206900590747e-01
4.582059499939603e-01 4.864175526746540e-01
2.553393949517267e-01 9.793006211127294e-01
-1.104717178975569e+00 -1.062898733850237e+00
-3.240693322999191e-02 8.130476994465570e-02

42
3.310829097728874e+00 1.835702177372447e+00
-9.824546457495013e-02 -2.174243227925379e+00
-6.943001474055925e-01 1.308030738154085e+00
3.727195932424278e-01 -2.904614090832696e+00
-1.572109905484939e+00 -6.894399681035505e-01
-3.007437364895393e-01 3.214054795786256e-01

43
-4.455123005840798e-02 4.085164321343815e-01
3.146882845050946e-01 -2.197433756053650e-01
-5.002222967198755e-01 2.137609011181155e-01
-6.840757635157293e-01 3.646964988275316e-01
-1.106010367814062e+00 -1.221085960424680e+00
-3.849127721211706e-02 -1.370999646660399e-02

44
-9.712636039227947e-02 2.038235975070349e-01
-1.094180904360940e-01 4.726371605151107e-01
-2.544400940942045e-01 -5.471325294314038e-01
3.065938312589998e-02 7.955718525064762e-01
-1.043340604208444e+00 -1.193431524307797e+00
9.616643618661642e-05 8.055639233308012e-04

45
7.871417464657685e-01 -5.207955421000168e-01
9.296278920454773e-02 2.331276726364603e-02
-7.183291690220895e-01 -4.146257573685344e-01
-8.321687711571150e-01 -4.950329737617445e-01
-1.102825946016210e+00 -1.022352759438289e+00
-2.991011801745712e-02 1.056062784330713e-01

46
3.396696445297401e-01 9.111283515101113e-01
1.230271761585626e-01 3.256978592999313e-01
1.888234629108607e-01 -1.693554602825380e-01
2.227663463622462e-02 3.617940079553557e-01
-9.029177103225595e-01 -7.893842324098224e-01
9.803527762599720e-02 2.388951521312605e-01

47
2.547971222946345e-01 1.430765649188277e+00
8.709506369332320e-01 1.310740019811625e+00
1.397712504562393e+00 -1.384235459942164e+00
2.154036594030569e-01 1.326310182702965e+00
-1.043576717745867e+00 -1.195198986722680e+00
-1.050183390822492e-04 -2.486210827996671e-04

48
2.592110290134468e-01 2.859023711780694e-03
-1.806305631595989e-01 4.598561100773307e-01
-4.005886934453835e-01 -1.480552251802026e-01
-3.030999681036950e-01 -7.822637448469429e-02
-1.046566335245664e+00 -1.194882243353110e+00
-1.890917822066494e-03 4.201966129388041e-05

49
-3.072774886105891e-01 -1.004186617208659e-01
-1.490304437209848e-01 6.898702424107355e-01
-5.485812570815483e-01 -2.680002439244275e-02
-3.850746099677823e-01 1.875709431562415e-01
-1.044355995068454e+00 -1.195775553699315e+00
-5.926471030227753e-04 -5.689477140296105e-04

50
5.393178858451809e-01 4.489139883490248e-01
-1.074521331394116e-02 5.713040671788207e-02
1.358810518694591e-01 -5.813095040476682e-01
-1.599403392819030e-01 6.762987268685026e-01
-1.196281256432071e+00 -9.919696314860409e-01
-8.505008670647647e-02 1.269996218905257e-01

51
5.729344369722420e-02 4.896505830464867e-01
-7.186607183121627e-02 -1.387080682559431e+00
-2.086419008604867e+00 -1.878024871566878e-01
1.015588180129784e+00 5.711390252565262e-01
-1.043537416909690e+00 -1.194627873649670e+00
-6.224055978131469e-05 9.325465734861772e-05

52
4.174058203085668e-02 2.313616398711499e-01
-1.559042607618698e-01 1.196286258142333e-01
-3.775676777743890e-01 1.717818522069440e-01
-4.378625088728893e-01 2.405210819905195e-01
-1.035403343963865e+00 -1.197358971281731e+00
4.734071906007549e-03 -1.820822541834257e-03

53
-2.539295141040041e-01 4.313029052886254e-01
-8.578433119976633e-02 6.924579485155794e-01
-5.148589413828146e-01 -1.261728403745343e-01
2.682291130274534e-01 2.499936106160738e-01
-1.043135351979627e+00 -1.190576243534625e+00
3.153026772668091e-04 2.514478106437238e-03

54
9.960079799263937e-01 6.235686575349785e-01
3.179432936475122e-02 2.926343135570695e-01
-6.960915668072722e-02 -2.292371726080352e-01
5.411249685467519e-02 -5.536505129437438e-01
-1.171983328090117e+00 -1.209670159607003e+00
-7.775286319088541e-02 -4.636576202276269e-03

55
4.030750540873385e-01 3.644059534337227e-01
-1.172512715914571e+00 -2.354655210025220e-01
-1.200519008419264e+00 -7.888334972885673e-01
1.946174947167012e+00 6.910608370300829e-01
-1.044803119225322e+00 -1.193855452994687e+00
-7.969136849311813e-04 5.998838398799709e-04

56
2.754556174857196e-01 3.620002438085413e-01
-9.300694083159491e-01 -2.458990444565896e-01
-8.391743488917317e-01 -7.761492221868345e-01
1.395724499421451e+00 1.030199054657331e+00
-1.042001591130216e+00 -1.194940345067817e+00
8.501871073268905e-04 -1.460437404366996e-04

57
1.646475462551163e-01 -6.427091861099358e-01
4.964319160565586e-01 2.728761012116037e-01
-9.306891013799445e-01 -2.581773861899982e-01
-1.231674418292092e+00 -3.887496469272837e-01
-1.058934707712039e+00 -1.234178718590693e+00
-1.064175344593357e-02 -2.315712571426257e-02

58
1.296991465395629e+00 -6.856616013976838e-02
4.231368659720381e-01 -1.669572313604978e+00
1.105020773914647e+00 -1.873345871518699e+00
-1.607183684664778e+00 2.892371344578547e+00
-1.040330173020963e+00 -1.193072232431424e+00
1.917254544688230e-03 9.204691912042696e-04

59
-2.910748155831868e-01 -3.354084378051748e-01
3.430403341203831e-01 -2.478788678850314e+00
-1.803952510051741e+00 3.811341525853641e-01
-1.452833782046179e+00 1.467069096126515e+00
-1.043151670216618e+00 -1.194401613537479e+00
1.771541469473501e-04 2.162773509095955e-04

60
3.049446015365871e+00 -8.940226156866741e-01
-1.076332604151868e+01 8.204235254672716e+00
5.860557453448503e+00 1.160742704495906e+01
-3.310480917243303e+00 -1.211374755239398e+01
-1.043451377893971e+00 -1.194535199077696e+00
-7.428573970619061e-06 1.460581881391625e-04

61
9.986553106422652e-01 1.121974511482525e+00
-3.453789827617616e-02 1.506915146118813e-01
4.022845929135834e-01 7.251951527798783e-01
-4.379449746630811e-01 -8.403842695035272e-01
-1.881258052784108e+00 -9.968690859432044e-01
-4.968319564752627e-01 1.470366519260688e-01

62
1.508539125099070e+00 4.105973938365107e-01
1.205516421787733e+00 -1.532602682946027e+00
2.042675235335111e+00 -1.790483773473424e+00
-2.504319938166257e+00 2.897535681347323e+00
-1.047445767227872e+00 -1.196155991596230e+00
-2.462122388042486e-03 -6.938981684089279e-04

63
-5.552799651669409e-02 -3.622152986279845e-01
-3.022697231215754e-01 9.204032260488278e-02
-6.287289543750540e-01 1.576062180048277e-01
-8.352811759844476e-01 2.149581887256655e-01
-1.086618417855236e+00 -1.192802871795954e+00
-2.588932384029584e-02 2.635321210740259e-03

64
2.005812531784168e-01 6.282385485410207e-01
9.641299279118305e-01 3.778728344803208e-01
5.181409653313966e-01 -1.155798041817666e+00
-6.078360392382498e-01 1.262713498648649e+00
-1.042980845165334e+00 -1.194295032746823e+00
2.833824687594413e-04 2.745928295682004e-04

65
1.350454741638133e+00 1.366255705287018e+00
1.827838930557884e-01 -3.934119011971010e-01
5.113865481836977e-01 4.765972487259984e-01
-3.999217423293095e-01 -5.610131249905195e-01
2.525824162843549e+00 -1.405550547477407e+00
2.137768422662860e+00 -2.464081495616885e-01

66
1.609013197773981e+00 8.906895484484618e-01
-1.128775092165262e+00 1.001669269925949e+00
3.172904087246172e-01 -2.451183280802021e-01
1.381952423024863e+00 -1.199903644622778e+00
-8.069213922890635e-01 -1.126240235181138e+00
1.444199174963631e-01 3.325032452178230e-02

67
-1.478730761008177e-02 -2.395534805982791e-01
-4.914648299929416e-01 6.779019152074972e-01
-4.452423067562744e-01 -3.663767927579148e-01
-7.416215729097742e-02 3.158346452361137e-01
-1.042526468658913e+00 -1.194782844716529e+00
5.400609502626001e-04 -3.378851465103293e-05

68
2.583508929558159e-02 7.455489798656765e-01
1.472814835142665e+00 -6.324804603997237e-01
-2.292103532411421e-01 2.488693576942139e-02
-1.516272974409979e+00 6.200080827183627e-01
-1.047062395334312e+00 -1.200289349293215e+00
-2.370421503004971e-03 -3.190585192628806e-03

69
5.750174148415220e-02 -1.221060355126162e-01
-4.902204623140149e-01 5.420962332842497e-01
-2.622047667609975e-01 -4.713630615877841e-01
-5.179085056577306e-02 5.811398466424814e-01
-1.042872773347383e+00 -1.195101662460668e+00
3.212624620453859e-04 -2.137544007668166e-04

70
1.214058173866996e+00 2.280595006503532e-01
-1.930497742181918e+00 -2.273088704870850e+00
-1.703849348992797e+00 1.482030108048566e+00
5.265517118754712e-01 -6.003076964333554e-01
-1.041398705932596e+00 -1.195674818555311e+00
1.187832116213926e-03 -6.076318888474877e-04

71
1.950673293988973e-01 5.710768645200875e-01
8.909441240247107e-01 -7.054561734491849e-01
-1.226056379795046e-01 -1.870809035181654e-01
-1.168444916137557e+00 9.290700049414379e-01
-1.040950716613515e+00 -1.191114212631277e+00
1.610048642214578e-03 2.117905441085339e-03

72
1.476240866084657e-02 -1.591421140075981e-01
-7.081505178942060e-01 4.636274540587978e-01
4.680018607075871e-02 1.607254919889376e-01
-6.748107365905719e-01 4.625619743245251e-01
-1.044036799769525e+00 -1.192540411816405e+00
-2.922955093423089e-04 1.364410460756152e-03

73
-1.115291652990314e-01 -1.648073490837943e-01
-4.944840396113556e-01 3.080456730678376e-01
-2.801742323290017e-01 1.783010715786081e-01
-6.657979801207184e-01 4.205565094061017e-01
-1.014645772458435e+00 -1.184354075528525e+00
1.764406814758692e-02 5.297678833722573e-03

74
-1.450177859496990e-01 -8.011271440949194e-02
-3.680250148363871e-01 7.004152159831609e-01
2.186291149260496e-01 -4.435234124228567e-01
-5.021319236161527e-01 9.871768478388787e-01
-1.045293735160324e+00 -1.221301175761141e+00
-2.012549413631060e-03 -1.587638902062587e-02

75
2.152752588466785e-02 6.553766112892384e-01
1.918108958659598e-02 4.375161183474717e-01
-1.550530639521781e-03 -2.172602523024744e-01
1.060687366360277e-02 5.737796446040586e-01
-9.388055509044837e-01 -1.207515886352080e+00
6.244102368138057e-02 -1.116522511988090e-02

76
-2.581400227757504e-01 -8.475659151444474e-02
-1.822398610123391e-01 4.908268455983572e-01
-6.075647678549622e-01 -1.154579834796886e-01
-2.864056561281252e-01 3.468314433182161e-01
-1.042772228211631e+00 -1.194694822098713e+00
3.953318674378041e-04 2.735151733030282e-05

77
9.259742181562118e-01 5.207076656571584e-03
1.627095035533947e+00 -6.155092928666300e-01
-6.506016789860846e-01 -2.530048797344603e+00
-2.250512093665789e-01 1.264696137296301e+00
-1.043800366605087e+00 -1.194468458498006e+00
-2.149043288255049e-04 1.978727549707250e-04

78
1.339608854810838e-01 1.649353270633740e-01
-1.973106748122602e-01 3.334218945617778e-01
-3.203262514949251e-01 -2.319021446272619e-01
-1.493208248165040e-01 3.387340267151361e-01
-1.043991423778260e+00 -1.194770893086078e+00
-3.398615394732824e-04 2.254325429487916e-05

79
5.529022486666603e-01 6.481792508621681e-01
1.289540884943523e-01 6.747464108074675e-03
-5.390001643183077e-02 -1.462134371611643e-01
-2.128426277371256e-01 1.536307302986504e-01
-1.081854809800505e+00 -1.392522703820942e+00
-2.972744043555693e-02 -1.175405010649405e-01

80
5.263261306989871e-01 -3.434887112616878e-01
-5.942217667470722e-01 4.369867860789312e-01
6.069065921328883e-01 -4.460045482384886e-01
-1.002710099552625e+00 7.371380932726992e-01
-6.597247559844810e-01 -7.306739349459517e-01
2.461449778567651e-01 2.660162384247549e-01

81
-9.683531279414216e-02 1.142269960029381e-01
-5.300909169947720e-01 4.111626525464189e-01
1.102827000468455e-01 2.842783079602643e-01
-6.666163727792500e-01 5.462259426574807e-01
-1.041560842444423e+00 -1.196308448174779e+00
1.069142248534968e-03 -9.829540034879906e-04

82
1.485516284070284e-02 2.178250346885371e-01
-1.306169765500329e-01 2.042115138655451e-01
-3.401232659533279e-01 1.453933466061591e-01
-4.615635184716071e-01 2.402056187346835e-01
-1.048767658639123e+00 -1.192527056950573e+00
-3.134723689211476e-03 1.531157715422846e-03

83
5.090046267200190e-02 9.052172849724704e-01
4.271564723893429e-02 7.531223025095699e-02
-7.803711059780514e-01 -3.018103710541989e-01
9.075248791016161e-01 3.596350404917370e-01
-8.646721912890593e-01 -1.269095834047550e+00
1.049233462872335e-01 -5.065715930577114e-02

84
9.847681858197976e-02 1.904376972993520e-01
-2.720627792883151e-01 4.497182731334715e-01
-2.153831695395762e-01 -1.705352008989457e-01
-1.498708518021134e-01 3.344966804879099e-01
-1.042557074370207e+00 -1.194440623544976e+00
5.331509550281030e-04 1.728864813693511e-04

85
-5.386704630080922e-01 7.988789770078253e-01
5.241140052725426e-02 2.315375865792439e-01
-2.686810276677841e-01 5.034762777958982e-01
-2.650519549589849e-01 6.278935903457155e-01
-1.048920592787026e+00 -1.481079667077037e+00
-1.290766949400513e-02 -1.718612659521674e-01

86
6.409565510057847e-01 6.362262264035200e-01
2.510065725994655e-01 4.311733140264829e-01
-4.151239258553245e-02 -1.295108771174787e-02
-2.869461244883108e-01 -4.776558512893646e-01
-1.450973560389832e+00 -8.849569357854704e-01
-2.345099305348562e-01 1.998509027405823e-01

87
2.219164300161933e-01 4.378343195875006e-01
-7.540602549314985e-01 -7.541042744978779e-01
-1.166955494864536e+00 -1.054598938839465e+00
1.640507328889781e+00 1.481817599661970e+00
-1.054390777705827e+00 -1.194293449419398e+00
-6.573041641447917e-03 6.583516453582371e-04

88
5.307289298437657e-01 3.726254197731982e-01
3.244776252252105e-01 1.827623565013926e-01
-2.697720520398623e-01 -1.128853360125717e-01
-5.037301601270071e-01 -2.541723950230444e-01
-6.229214709082396e-01 -7.344719488499847e-01
2.681334495327322e-01 2.624991655491785e-01

89
-1.146471155677638e-01 2.054813447568092e-01
-2.429153239390969e-01 5.609482458626650e-01
-2.004303051136494e-01 -4.520508248032399e-01
6.239966480535970e-02 7.455880485741347e-01
-1.042751573465730e+00 -1.195057105468546e+00
3.955890166073963e-04 -1.910454325623694e-04

90
7.999802752427059e-01 1.947223268149455e-01
-4.834522105233215e-01 2.668570077328491e-01
-2.940553259994120e-01 -4.329944220941790e-01
2.952230552428167e-01 -1.310738021746505e-01
-9.673430048035314e-01 -1.193757762194948e+00
4.575383547575630e-02 -1.940226458419771e-03

91
5.763876557406614e-02 2.260922866967621e-01
-1.922621334205366e-01 1.128936606725455e-01
-3.425402884847085e-01 1.794234190497889e-01
-4.495022351178355e-01 2.587148560505709e-01
-1.034076219396738e+00 -1.208666152949988e+00
5.152209962424300e-03 -8.660080042666454e-03

92
6.358881719661593e-01 1.153312099305658e+00
2.170309541719955e-01 6.351507597532986e-03
1.701025046162158e-01 5.421541809003303e-02
-2.117531462345315e-04 5.429022683900663e-02
-6.792876090867835e-01 -3.557515834359575e-01
2.469680132785936e-01 4.919715945737488e-01

93
3.972611493081000e-01 -9.884046309202718e-01
1.628898133541232e+00 8.908155024023441e-01
-8.829279336539514e-01 -6.198360007817001e-01
-2.187220258315820e+00 -1.301181392232737e+00
-1.013316854598630e+00 -1.171364949802364e+00
1.887843372545394e-02 1.305854200673466e-02

94
8.870545847767703e-01 7.415077739589812e-01
-4.332145027406722e-01 -2.654566370142620e-01
-5.727508434579159e-02 4.408723633531377e-02
1.871505303299645e-01 1.890199934483513e-02
-1.006184129643326e+00 -1.095300134362832e+00
2.571664570879940e-02 5.852824252627692e-02

95
8.416533791297540e-02 -3.389512718779357e-01
4.736263396918786e-01 -1.032760837412595e+00
-1.445677406261450e+00 -3.252311357742393e-01
-8.113918361489800e-01 5.628648911617736e-01
-1.043223551271935e+00 -1.195205086455972e+00
1.070024468452409e-04 -2.641354083463441e-04

96
1.639099231407681e-01 1.037405755465510e+00
-1.085175682154196e+00 6.905563686797076e-01
5.235734090057131e-01 7.841189956887692e-01
3.554100316042987e-01 1.257928927132459e-01
-1.039308728613664e+00 -1.200704634282850e+00
2.274992919169033e-03 -3.700277317590373e-03

97
6.174156820614799e-01 -5.604785531028217e-02
-7.838819095855808e-01 9.117064900154639e-01
-9.428124918924742e-01 -4.254404271786305e-01
1.015993499878792e+00 -8.735550176951536e-01
-1.040936056405236e+00 -1.196295223074322e+00
1.445033508431779e-03 -9.959685496672196e-04

98
-6.459057905631740e-01 5.816391806600095e-01
6.254447636497383e-01 -5.452504830702442e-01
-6.279366642377037e-01 5.502193418657920e-01
-1.046209972724006e+00 9.135544357631316e-01
-6.284447293510086e-01 -4.474747203035876e-01
2.744432638391579e-01 4.351473648262835e-01

99
2.222243298159602e-01 -6.873436531262022e-01
-5.497624920559062e-01 7.649924658690652e-01
-1.024923218978255e+00 -7.338164092467570e-01
2.453914639214919e-01 -1.841550132905298e-01
-1.046355487347659e+00 -1.197126500270557e+00
-1.839510353656306e-03 -1.313677274527934e-03

100
-1.875247680891802e-01 2.073984351123338e-01
3.325332231806389e-02 5.524570797751533e-01
-4.324675435237871e-02 -9.567544808259850e-01
5.403492109104174e-02 1.297532974463780e+00
-1.027161631348689e+00 -1.175390079684338e+00
1.042376096016974e-02 1.110425096468702e-02

101
1.761440902140528e-02 3.228832897209037e-01
3.133783224647692e-01 -7.157467824485703e-01
-7.662603914888737e-01 -1.163890657400618e-02
-5.629284249274245e-01 7.125747595660953e-01
-1.045660282896270e+00 -1.195543562924820e+00
-1.368638721493511e-03 -3.857800716602121e-04

102
-2.410209159858514e-01 1.070469666488831e+00
-2.775534462054864e-01 1.357570624025161e+00
8.996774513328768e-01 2.186633951590284e-01
-1.076123458022834e-02 5.257848288930945e-01
-1.042431908542196e+00 -1.194059706726888e+00
6.211457269333588e-04 3.975883436306591e-04

103
6.149063266366907e-02 -8.124400331466426e-02
-2.842912962118186e-01 4.413933317452428e-01
-2.463037230641862e-01 -6.295310410432097e-01
-1.131571292100028e-01 7.428801827684161e-01
-1.043194543979064e+00 -1.193209168825566e+00
1.913973193134228e-04 9.342818070868729e-04

104
-1.048967285885556e-01 5.196035984096584e-01
6.982198581456243e-01 -2.355279516781523e-01
-4.293473688319636e-01 2.391284385629111e-01
-9.732880257588462e-01 3.569479322419289e-01
-9.988191847264487e-01 -1.203249706307009e+00
2.652065453803774e-02 -6.588105415152475e-03

105
5.654326654680003e-01 6.495509955840989e-01
-2.001553264679391e-02 -6.082894319118509e-01
-7.710736377744154e-01 -4.657092131270341e-02
2.462168173458089e-01 1.106483293307591e-01
-1.055913403349604e+00 -1.170562475410174e+00
-6.691837834789725e-03 1.496989596840288e-02

106
5.980752522793492e-01 1.075980719420700e+00
-1.873989821292611e-01 8.306153796968597e-01
-1.534805437434540e-01 7.742042728533206e-01
2.910663096124351e-01 -1.346076509721956e+00
-4.836722083812348e-01 -2.133223641172491e+00
3.048827426716884e-01 -5.827130860684915e-01

107
2.444554215187435e-01 2.631834830531536e-01
6.148628409929430e-01 -1.839829085187313e+00
-1.180312779079001e+00 -8.198992483494215e-02
-8.729046327322276e-01 1.058118988488435e+00
-1.042897405990205e+00 -1.195083846621536e+00
3.070578977551415e-04 -2.022220405301104e-04

