52                                               

-1.070974164976848e-01 -3.237531518126476e-01
3.969595543363512e-01 -5.227660040936494e-02
2.496031751942865e-01 8.349480929217368e-02
1.000000000000000e+00 0.000000000000000e+00
-1.220464448564018e-01 1.835134203354696e-01

-1.434441286153736e-01 4.196669954649075e-01
4.689092876297996e-01 2.515030543579089e-02
1.677662189465798e-01 -2.444005276910364e-01
1.000000000000000e+00 0.000000000000000e+00
-1.237816212094274e-02 -3.754667673615879e-02

1.222116083820410e-01 3.946654956488487e-01
1.428643244790258e-01 -8.654425874457765e-02
5.620710004176581e-02 -3.019261490629619e-01
1.000000000000000e+00 0.000000000000000e+00
-2.671616749946025e-02 2.673124452077198e-02

1.217457434032210e-01 1.773126444535469e-01
8.559351019170880e-02 -2.945624099398245e-01
-1.017971492954784e-01 -3.423590409607296e-01
1.000000000000000e+00 0.000000000000000e+00
6.223877187315220e-02 4.781745382773330e-02

5.787297031860393e-01 -3.606690056237164e-01
5.433376663641889e-01 -3.512500308771322e-01
-9.398618461949102e-01 6.000839524261854e-01
1.000000000000000e+00 0.000000000000000e+00
1.368058513512929e-02 -2.818512595185265e-01

3.413112991523453e-01 -7.430172335669485e-02
-7.841548349985450e-02 -1.786170449279537e-01
-3.144942855745555e-01 -3.191771541503075e-04
1.000000000000000e+00 0.000000000000000e+00
2.038112930916672e-01 1.766700192883656e-01

-2.853567594568626e-01 -4.917682862214417e-01
2.673546696279459e-02 3.796162452661335e-01
2.808275915550531e-01 7.120336649136345e-01
1.000000000000000e+00 0.000000000000000e+00
2.006921957501755e-01 -1.119656071233888e-01

6.279975368363094e-01 -3.391741922084034e-01
5.189935602672840e-01 -3.331583902889344e-01
9.616526362603357e-01 -5.630561947791304e-01
1.000000000000000e+00 0.000000000000000e+00
-1.560609358969971e-02 -9.828335539621277e-02

-4.873992519137431e-02 -1.179704476767724e-01
4.278952103396433e-01 7.705541876206565e-02
4.878398004764664e-01 9.859337293885287e-02
1.000000000000000e+00 0.000000000000000e+00
2.235279028978444e-01 8.321117892102457e-02

2.309927639249963e-01 6.080247290777506e-02
1.786501059953195e-02 -2.385616502817057e-02
-3.641641910032259e-01 4.359859550598816e-02
1.000000000000000e+00 0.000000000000000e+00
-7.899366790861215e-02 -5.769137698887536e-02

-5.993962415746491e-01 -2.510533873486271e-01
-3.006424086488962e-01 7.358113088421833e-01
3.158704290074044e-01 -9.679080893035087e-02
1.000000000000000e+00 0.000000000000000e+00
8.880139756512306e-03 -7.027738610486627e-03

4.773706690640381e-01 8.808751324771016e-02
-2.156382734204279e-01 3.254113454676501e-01
4.673066907087871e-01 -1.062124100352603e-01
1.000000000000000e+00 0.000000000000000e+00
-4.675479334880259e-03 6.761208113034803e-02

-2.732188170808509e-01 -6.901855527559604e-01
5.660260803269221e-02 1.109169374544850e-01
3.279815863220271e-01 8.117466707916619e-01
1.000000000000000e+00 0.000000000000000e+00
-8.821612710370352e-02 -1.740370416972502e-01

6.649892914388269e-01 -1.531523289312733e-01
-2.807499700153648e-01 -2.571820301129333e-01
8.777413440130857e-01 -1.474266590361515e-01
1.000000000000000e+00 0.000000000000000e+00
4.137323409135001e-04 -4.024475710708375e-03

-2.431535738779033e-01 4.515928242399143e-01
-6.403197198614302e-02 -5.035755560813966e-01
-1.331372511921996e-01 7.641680015752521e-01
1.000000000000000e+00 0.000000000000000e+00
1.221901432549061e-01 2.067894944654251e-01

1.222122281536728e-01 -3.066160681375975e-02
9.105972983714240e-02 -1.719100632645835e-01
-9.230946152426794e-02 -2.690574887728308e-02
1.000000000000000e+00 0.000000000000000e+00
1.423324764796276e-01 3.947956978442346e-01

-1.675668949554428e+00 9.744121922046600e-03
-1.678265334035044e+00 7.181135910923619e-04
-2.802914297220337e+00 8.821942393725468e-03
1.000000000000000e+00 0.000000000000000e+00
-8.553736717927135e-02 6.111492238014271e-03

-1.672910355405724e+00 9.539984547937252e-03
-1.683202476388378e+00 1.087319561974276e-03
2.803154542158864e+00 -8.149100779728302e-03
1.000000000000000e+00 0.000000000000000e+00
-6.612860415986854e-02 -2.534419641388203e-03

-2.897603600972653e-01 7.770927644352351e-01
5.481545727190756e-02 -1.350519129285203e-01
-3.413390384734554e-01 9.168878691297075e-01
1.000000000000000e+00 0.000000000000000e+00
-1.596592202264336e-01 8.348972750368767e-02

7.837971300017247e-01 -1.706135478073326e-01
-2.751372371405001e-01 -1.364799786799639e-01
8.415548091489086e-01 -5.617672444985289e-02
1.000000000000000e+00 0.000000000000000e+00
-8.456350766159041e-04 4.376884080619067e-03

-6.278789036586094e-02 -1.523072522091924e-01
8.439791825056081e-02 1.837931518905816e-01
1.899076259707717e-01 3.329221025140884e-02
1.000000000000000e+00 0.000000000000000e+00
7.860934140309900e-02 -2.235985111431743e-02

4.588455725915876e-01 -5.632227315166792e-02
-4.424929513111733e-01 -1.329106903386195e-01
7.521271858018188e-01 4.461018557981569e-02
1.000000000000000e+00 0.000000000000000e+00
1.560603892101558e-02 -3.673607068203264e-02

-2.381098561909739e-01 4.206413202392026e-01
-3.814371596979171e-03 -5.427215166506144e-01
1.605960532686305e-01 -7.770166566695537e-01
1.000000000000000e+00 0.000000000000000e+00
1.036974304150658e-01 5.222022813804268e-02

1.610627185202580e-02 -8.730620355603085e-02
-3.978565488614271e-01 8.721956762281027e-01
-4.554497804249563e-01 1.019311224725431e+00
1.000000000000000e+00 0.000000000000000e+00
-6.889548373576787e-02 9.027669975180098e-02

-2.692614412641015e-01 -6.915922783671501e-01
7.852396337801965e-02 1.005100860272676e-01
-3.217034664304986e-01 -8.157177939947239e-01
1.000000000000000e+00 0.000000000000000e+00
-2.244193017849463e-01 -9.197999893193998e-02

-1.687123582052223e+00 4.025266823453518e-01
-5.155199750601562e-01 -2.269545110308891e+00
3.532635595218250e-01 -1.848441930282619e-01
1.000000000000000e+00 0.000000000000000e+00
6.306763533320341e-04 3.814354390677846e-04

5.305725650999354e-01 4.393078270306456e-01
4.762316123935066e-01 4.217173792255981e-01
8.415819398246155e-01 7.239355101941375e-01
1.000000000000000e+00 0.000000000000000e+00
-4.176990654186782e-02 1.924023089908505e-01

5.587914240747248e-01 1.166909525913997e-01
-2.083302570865881e-01 9.192876135855305e-02
6.703840041352613e-01 8.965496832974303e-02
1.000000000000000e+00 0.000000000000000e+00
3.709468572121170e-02 6.875828817064834e-02

4.814079721372930e-01 -1.578098768586995e-01
2.252990254712303e-01 -3.745129272585510e-01
5.618320578652327e-01 -4.013651095828980e-01
1.000000000000000e+00 0.000000000000000e+00
-4.245962866220011e-02 -4.264756947341503e-02

-2.959995885896026e-01 -4.870558559406951e-01
1.415203361759773e-02 3.904575165513072e-01
-2.854112890072817e-01 -7.177477337950442e-01
1.000000000000000e+00 0.000000000000000e+00
9.905454239863026e-02 -2.433383555503298e-01

4.662212378884915e-02 1.328686935082693e-01
-4.116438199359287e-01 -8.137823574559298e-01
-4.732512069294460e-01 -9.575779705493003e-01
1.000000000000000e+00 0.000000000000000e+00
-6.796637774780542e-02 -5.448001902620296e-02

3.476107899854077e-01 -4.840633630773745e-02
-4.299750577755814e-02 -2.258254963140382e-01
3.099959147118112e-01 -7.281647496464802e-03
1.000000000000000e+00 0.000000000000000e+00
-1.949704404492018e-01 -2.303097550337117e-01

3.202325958530611e-02 3.362034342219352e-02
-3.656111347938690e-01 -8.153155832435547e-01
4.228750733009996e-01 9.439190866219414e-01
1.000000000000000e+00 0.000000000000000e+00
-5.010161357343369e-03 -9.149138862641325e-02

2.612173897676717e+00 -3.639953686742559e-01
2.520787307539020e-01 1.859271063070542e+00
4.084823918795083e-01 -1.704921490909392e-01
1.000000000000000e+00 0.000000000000000e+00
-4.305499471850038e-04 -6.942689718876594e-05

1.580210565290749e-01 2.190503051527458e-01
-1.042113421377666e-01 -1.445068801291456e-01
-2.046507326299304e-01 -4.397171651515231e-01
1.000000000000000e+00 0.000000000000000e+00
4.030771343088986e-02 -2.793418839155954e-02

3.593378844138618e-02 7.006437312500247e-02
5.298941800660835e-01 1.165168721417894e-01
-6.008435480783187e-01 -1.440051303467017e-01
1.000000000000000e+00 0.000000000000000e+00
2.024240688228682e-01 -1.304988740554514e-01

-7.536796791122551e-02 -2.087445245661728e-01
3.726710700019428e-01 -1.847678471557118e-02
-3.658984598476572e-01 -4.724832718353073e-02
1.000000000000000e+00 0.000000000000000e+00
5.998742438803110e-01 3.357870839100501e-01

-2.821101659556092e-01 7.734191807843246e-01
6.809489654000193e-02 -1.580373640757851e-01
3.466454062886873e-01 -9.202162090090245e-01
1.000000000000000e+00 0.000000000000000e+00
-7.233440778938433e-02 6.654393371854071e-02

6.679155865747683e-01 -9.540284642832486e-02
-4.225482948345722e-01 8.838075495149518e-02
9.369868255481669e-01 -1.396516946265427e-01
1.000000000000000e+00 0.000000000000000e+00
-4.304263339548149e-02 9.992069696046515e-03

9.136296275284098e-02 -1.244116968629864e-01
-1.904098595910444e-01 -5.935185603071479e-02
-3.693736637461853e-02 3.223885218120944e-01
1.000000000000000e+00 0.000000000000000e+00
5.435240559228955e-02 3.351254541788382e-02

-1.108699452122439e+00 2.845646766714743e-02
1.115780621143045e+00 -3.027159400626234e-02
-1.857059633819450e+00 4.961215490378168e-02
1.000000000000000e+00 0.000000000000000e+00
-3.343584399386093e-01 -3.714704582259729e-02

4.211228992885740e-02 -2.058937243521784e-02
-3.681012528750194e-01 8.636312141161029e-01
4.318054113533973e-01 -1.005729269790275e+00
1.000000000000000e+00 0.000000000000000e+00
-1.268603169285612e-02 7.614130668775043e-02

2.127664046089143e-01 -1.487975989790663e-01
5.704167588103704e-01 -2.740124458814994e-02
6.992475873422130e-01 -9.939588600456245e-02
1.000000000000000e+00 0.000000000000000e+00
9.794161172042316e-02 4.549145356597847e-02

5.258714570989618e-01 1.436934687872109e-01
-4.179815132635287e-02 -1.803841920812829e-02
-5.873561835106289e-01 -1.570999965499353e-01
1.000000000000000e+00 0.000000000000000e+00
7.252935213602790e-02 -1.178668940919855e-01

5.748067658684491e-01 -6.802299297385925e-02
-4.323515947118839e-01 9.054058034970827e-02
-8.587750459574686e-01 1.289155631807991e-01
1.000000000000000e+00 0.000000000000000e+00
-2.725118721458186e-01 -1.856288470999878e-02

-5.026157509925165e-01 4.324138053083004e-01
-4.891409460236219e-01 -4.374595754362364e-01
3.216684866032284e-01 -1.461465159919788e-01
1.000000000000000e+00 0.000000000000000e+00
-1.885892379070693e-02 2.197040225324364e-02

6.554090759762410e-02 -1.630584768354217e-01
1.202644252696851e-01 -6.780871971162247e-02
7.137370297277884e-02 1.633896423175518e-02
1.000000000000000e+00 0.000000000000000e+00
-1.624468839310526e-01 -4.530247270509106e-01

-4.362351926390661e-01 7.141473589366251e-02
1.884741659162734e-03 6.750570608159090e-02
1.431908926928652e-01 -9.707895987489486e-02
1.000000000000000e+00 0.000000000000000e+00
-3.645272318566347e-02 -1.749002373132912e-02

-1.108168550917904e+00 2.737297626194563e-02
1.116883544321508e+00 -3.210666210111601e-02
1.856479965936554e+00 -4.962027516194045e-02
1.000000000000000e+00 0.000000000000000e+00
-2.326185557559257e-01 -6.782757391450854e-02

1.533124579296357e+00 5.603972787063920e-01
4.679851344338735e-01 -1.097308074448482e+00
4.261814363527206e-01 -2.694575637200889e-01
1.000000000000000e+00 0.000000000000000e+00
-7.680665499584997e-04 2.562498546654316e-04

-5.292064407193546e-01 -6.091382180785064e-01
-8.904364759256209e-01 6.242411435694388e-01
3.413809054904640e-01 -7.938016508871451e-02
1.000000000000000e+00 0.000000000000000e+00
-3.980676523448503e-03 -3.216617045324532e-03

5.134516065276284e-01 4.610424881339086e-01
4.895387281618944e-01 4.148301851189110e-01
-8.408791710358327e-01 -7.379572706683115e-01
1.000000000000000e+00 0.000000000000000e+00
1.168946826060257e-01 1.870905158219293e-01

