108

1.080326306138418e-01 1.712640621024321e-01;
-4.351267007962988e-01 3.765312477780254e-01;
-4.006557647502180e-01 1.711502291006910e-01;
-1.505372832934707e-01 1.071535315971861e-02;
6.730513173374866e-01 -2.374524013627746e-01;
1.063586939172653e+00 5.176886926663486e-01;

1.218899446923775e+00 9.027056628982010e-01;
1.479719934046100e+00 1.588824471079230e-01;
2.536618787242002e-01 -1.141722534703808e+00;
-4.990157898918209e-01 -1.768036409488953e-01;
6.730513173374866e-01 -2.374524013627746e-01;
1.063586939172653e+00 5.176886926663486e-01;

3.837736526501230e-01 2.534934888652000e-01;
-5.203912689303637e-02 2.120073397474362e-01;
-3.470027035621054e-01 -1.416260540801994e-01;
-2.344215284259372e-01 -6.393304784848070e-03;
6.730513173374866e-01 -2.374524013627746e-01;
1.063586939172653e+00 5.176886926663486e-01;

-5.811317661645987e-01 1.403449827243207e-01;
-2.560164390302533e-01 8.183746397468435e-01;
-1.882948311632867e-01 -1.938522519182963e-01;
-1.554029578365601e-01 8.835688497891961e-01;
6.730513173374866e-01 -2.374524013627746e-01;
1.063586939172653e+00 5.176886926663486e-01;

4.305629454755890e-01 1.300018896700456e-01;
3.228401321454559e-01 -8.314376546436558e-02;
-4.634853215547449e-01 -6.950711113930632e-01;
-3.047235493673643e-01 4.419400844234935e-01;
6.730513173374866e-01 -2.374524013627746e-01;
1.063586939172653e+00 5.176886926663486e-01;

3.000698351051660e-01 2.538235331649015e-01;
3.565969944902800e-01 1.043298477997864e-01;
-3.669723269791441e-01 -6.631155108876683e-01;
-2.318155420464429e-01 4.813734075552279e-01;
6.730513173374866e-01 -2.374524013627746e-01;
1.063586939172653e+00 5.176886926663486e-01;

2.227276599236563e-01 -6.892261852572330e-02;
-6.190543083291784e-01 3.736720326701919e-01;
-3.029388392948156e-01 3.015239411456472e-01;
-4.599039389672197e-01 -1.223665295400077e-01;
6.730513173374866e-01 -2.374524013627746e-01;
1.063586939172653e+00 5.176886926663486e-01;

-4.612668737180467e-01 -6.807229528469197e-01;
-9.493208823147724e-01 -2.997438750172901e-01;
-1.227613502197427e+00 -1.783213037279506e-01;
-6.735140059044110e-02 1.109057863242815e+00;
6.730513173374866e-01 -2.374524013627746e-01;
1.063586939172653e+00 5.176886926663486e-01;

4.907812258812663e-01 1.910266792136082e-01;
-4.958228892526745e-01 6.528717435156832e-01;
6.512943461725799e-02 5.117719155804205e-01;
-5.993087539787726e-01 -6.294517866293435e-01;
6.730513173374866e-01 -2.374524013627746e-01;
1.063586939172653e+00 5.176886926663486e-01;

8.011084580301490e-02 3.311786087114100e-02;
-4.283522353208348e-01 4.027937870122573e-01;
-5.029055710265753e-01 2.766341006109332e-01;
-3.109284192063340e-01 -1.582326273979732e-01;
6.730513173374866e-01 -2.374524013627746e-01;
1.063586939172653e+00 5.176886926663486e-01;

1.033482360053284e+00 -7.780285514171432e-02;
7.075845258809443e-01 -1.198162236034488e+00;
-6.655552882107479e-01 -9.319204726321676e-01;
-8.966919285847357e-01 5.736564503656419e-01;
6.730513173374866e-01 -2.374524013627746e-01;
1.063586939172653e+00 5.176886926663486e-01;

2.921319626076214e-01 2.463625244233123e-01;
1.859099159884530e-01 3.723023852605983e-01;
-2.368530711929604e-01 2.436123358454172e-03;
-6.046195397264480e-01 -1.606571095375805e-01;
6.730513173374866e-01 -2.374524013627746e-01;
1.063586939172653e+00 5.176886926663486e-01;

-1.247798034239733e+00 -4.985743435991954e-01;
-6.834368289273611e-02 1.303608205705755e+00;
-5.157597895242921e-01 -5.517695144325304e-02;
-8.134913102575707e-01 8.027680302062686e-01;
6.730513173374866e-01 -2.374524013627746e-01;
1.063586939172653e+00 5.176886926663486e-01;

5.439065918562214e-01 -4.358691181150807e-02;
4.265789443585825e-01 -7.931650265371489e-01;
-7.589951063684846e-01 -6.410731913797182e-01;
-6.392007132777083e-01 6.070611311245766e-01;
6.730513173374866e-01 -2.374524013627746e-01;
1.063586939172653e+00 5.176886926663486e-01;

9.519254994379661e-02 4.214302637691730e-01;
9.772799984329417e-01 -2.794436002558552e-01;
-5.389745234506258e-01 -6.133428003113766e-01;
-6.100056745421186e-01 6.938952983716054e-01;
6.730513173374866e-01 -2.374524013627746e-01;
1.063586939172653e+00 5.176886926663486e-01;

3.673923245213446e-01 6.794943320250727e-01;
-2.452973824089857e-01 -4.062307922747213e-02;
-6.127760082213549e-01 3.986673903003600e-01;
1.985944273697601e-01 -3.255198492682799e-01;
6.730513173374866e-01 -2.374524013627746e-01;
1.063586939172653e+00 5.176886926663486e-01;

1.839645273616699e+00 -4.026603687657973e-01;
9.599756763237559e-01 -2.033874969790515e+00;
-6.668721838874708e-01 -1.472939850408874e+00;
-1.348745780898586e+00 6.579148939081936e-01;
6.730513173374866e-01 -2.374524013627746e-01;
1.063586939172653e+00 5.176886926663486e-01;

4.241111172640762e-01 4.302156697429811e-01;
-3.002323930542661e-01 -3.618667058263156e-01;
-7.898316853304617e-01 2.055810634317591e-01;
1.248934303811555e-01 -7.981326164368668e-02;
6.730513173374866e-01 -2.374524013627746e-01;
1.063586939172653e+00 5.176886926663486e-01;

9.864605157488547e-01 2.817053608326136e-01;
-6.050587029596599e-01 3.642660219359455e-01;
-8.239039673771311e-01 -6.488991177006147e-01;
1.176594835868210e+00 -6.058583471502069e-01;
6.730513173374866e-01 -2.374524013627746e-01;
1.063586939172653e+00 5.176886926663486e-01;

4.743116100303785e-01 -2.554945337767834e-01;
-2.101928943991467e-01 -1.177307371918048e+00;
-8.135218858609355e-01 -3.976631070599560e-01;
-6.193072132126926e-01 9.889014344622993e-01;
6.730513173374866e-01 -2.374524013627746e-01;
1.063586939172653e+00 5.176886926663486e-01;

6.843069479645344e-01 2.449343323158824e-01;
-8.815028117072105e-01 -2.269029322145916e-01;
-7.551772533191695e-01 -5.720198491948153e-01;
1.023089201517724e+00 3.670782291940316e-01;
6.730513173374866e-01 -2.374524013627746e-01;
1.063586939172653e+00 5.176886926663486e-01;

1.009999096870496e+00 3.562675990537646e-01;
-1.016467092089897e+00 3.282849325159951e-01;
1.301430579594456e-01 -7.239519411909134e-01;
8.524628253136822e-01 3.236423791653644e-01;
6.730513173374866e-01 -2.374524013627746e-01;
1.063586939172653e+00 5.176886926663486e-01;

4.264946555053182e-01 -2.498559176341015e-01;
-2.420386519257451e-01 -1.270453868598527e+00;
-8.587027702818125e-01 -3.119292429472900e-01;
-6.461641879648591e-01 1.034048532403958e+00;
6.730513173374866e-01 -2.374524013627746e-01;
1.063586939172653e+00 5.176886926663486e-01;

8.030140218706872e-01 2.765089256663206e-01;
-1.009685065823595e+00 -1.400207252854677e-01;
-6.017269631138618e-02 -5.152673738083623e-01;
5.736183238993658e-01 6.604507465074346e-01;
6.730513173374866e-01 -2.374524013627746e-01;
1.063586939172653e+00 5.176886926663486e-01;

8.936895658249370e-01 3.352047795693789e-01;
-6.784250997946045e-01 -1.965896647620825e-01;
-4.417964863449678e-01 6.049102709534468e-01;
-1.622645892116927e-01 -7.648817002201431e-01;
6.730513173374866e-01 -2.374524013627746e-01;
1.063586939172653e+00 5.176886926663486e-01;

6.025610177792735e-01 -3.745426436686615e-01;
8.293717101171433e-02 -9.721990832851880e-01;
-8.646996783666279e-01 -7.461292166750960e-01;
-6.372621397158336e-01 7.988307433663929e-01;
6.730513173374866e-01 -2.374524013627746e-01;
1.063586939172653e+00 5.176886926663486e-01;

5.963598902379421e-01 4.784513350580428e-01;
-1.031058647457152e+00 -5.036480702775842e-01;
-1.011148335196106e+00 8.212109431516319e-01;
5.214710083205932e-01 -6.010355287135978e-01;
6.730513173374866e-01 -2.374524013627746e-01;
1.063586939172653e+00 5.176886926663486e-01;

4.782321095407810e-01 -1.998708314441594e-01;
-5.024824278816516e-01 4.516267341690136e-01;
-9.379715864846856e-01 7.193001017461560e-02;
4.205002521965940e-02 -8.340550660980982e-01;
6.730513173374866e-01 -2.374524013627746e-01;
1.063586939172653e+00 5.176886926663486e-01;

5.610947057530677e-01 -2.588059677261748e-01;
-8.343379927825392e-02 -1.226260299748364e+00;
-8.197226883041868e-01 -4.794854461485794e-01;
-6.787691329961062e-01 9.449938879793741e-01;
6.730513173374866e-01 -2.374524013627746e-01;
1.063586939172653e+00 5.176886926663486e-01;

4.307070663088491e-01 -1.746712617321119e-01;
-8.379479626922903e-01 1.302804408614209e+00;
-1.038007874760495e+00 3.530002823543331e-01;
5.427707524458005e-01 -1.717489451808725e+00;
6.730513173374866e-01 -2.374524013627746e-01;
1.063586939172653e+00 5.176886926663486e-01;

9.837870423084983e-01 -1.561240496355455e+00;
-1.460913506550153e+00 1.313108123731562e+00;
-5.522633893953316e-01 -1.006370724727836e+00;
1.296459976242119e-02 -7.678123604531117e-01;
6.730513173374866e-01 -2.374524013627746e-01;
1.063586939172653e+00 5.176886926663486e-01;

4.877394431553349e-01 -2.012085281187014e-01;
2.105160099466088e-02 -1.206656355804155e+00;
-8.686534738509242e-01 -4.248250212088660e-01;
-6.964954095755395e-01 9.026289570933645e-01;
6.730513173374866e-01 -2.374524013627746e-01;
1.063586939172653e+00 5.176886926663486e-01;

1.725523479965493e-02 3.125918139410493e+00;
2.170846495254326e+00 -7.642339645395552e+00;
-1.306601497009803e+00 1.048127668416018e+00;
-1.501855719863788e+00 5.037441449008920e+00;
6.730513173374866e-01 -2.374524013627746e-01;
1.063586939172653e+00 5.176886926663486e-01;

9.906012190512485e-01 5.471291943595263e-01;
-5.972397468295415e-01 -3.466076444396888e-01;
-5.268464878178865e-01 6.560985436390574e-01;
1.873081781745091e-02 -8.726901535343797e-01;
6.730513173374866e-01 -2.374524013627746e-01;
1.063586939172653e+00 5.176886926663486e-01;

4.005718922379582e-01 -5.094024836171618e-01;
-1.776344071059456e-01 -9.003826075297209e-01;
-9.783817717401369e-01 -6.516066506514557e-01;
-5.387908135190875e-01 9.016392855191762e-01;
6.730513173374866e-01 -2.374524013627746e-01;
1.063586939172653e+00 5.176886926663486e-01;

5.105879198687806e-01 4.972193555455715e-01;
-6.816235171613925e-01 -6.105314506422628e-01;
-1.057022737335517e+00 5.033875998132520e-01;
4.696325665034691e-01 -2.837636100755125e-01;
6.730513173374866e-01 -2.374524013627746e-01;
1.063586939172653e+00 5.176886926663486e-01;

3.520592664724543e-01 1.231798569460504e-01;
-2.083032577481428e-01 9.648499851342306e-02;
-4.855062964489276e-01 -8.970467688738293e-02;
-2.215911302227990e-01 3.139147915016827e-02;
-6.955052874631152e-01 -1.202864621077136e-02;
2.487544855037875e-01 6.990663106253100e-01;

8.677448959363415e-02 1.162721159412669e-01;
-5.098298861340625e-01 3.350921517417124e-01;
-4.580647453491342e-01 2.016834576602534e-01;
-1.427891193518999e-01 2.645305168538942e-02;
-6.955052874631152e-01 -1.202864621077136e-02;
2.487544855037875e-01 6.990663106253100e-01;

1.248037059787046e+00 -1.173014441412133e-01;
5.651545155223230e-01 -1.002865955327285e+00;
-8.670515075918517e-01 -1.039033565414463e+00;
-4.807917010604965e-01 1.262541476854138e-01;
-6.955052874631152e-01 -1.202864621077136e-02;
2.487544855037875e-01 6.990663106253100e-01;

1.753658384691960e-01 5.187754115785715e-01;
5.186407378148732e-01 3.687061606088814e-01;
-2.016999745680447e-01 -6.717137717707166e-01;
-9.792285909060604e-02 4.980730750965292e-01;
-6.955052874631152e-01 -1.202864621077136e-02;
2.487544855037875e-01 6.990663106253100e-01;

-3.028554864129711e-01 8.267237218511837e-03;
-2.111874862157410e-01 4.952914160918512e-01;
-3.283664049634785e-01 -2.972229151423602e-01;
-2.530772756196702e-01 7.805900201784048e-01;
-6.955052874631152e-01 -1.202864621077136e-02;
2.487544855037875e-01 6.990663106253100e-01;

1.310951167306027e+00 -2.193750419466150e-01;
5.252818748994121e-01 -1.065486989340882e+00;
-8.725189470790203e-01 -1.040385404459361e+00;
-5.837443652273060e-01 1.063432608863394e-01;
-6.955052874631152e-01 -1.202864621077136e-02;
2.487544855037875e-01 6.990663106253100e-01;

2.264366013949325e-01 -1.062998539775349e-01;
-6.047693937345461e-01 3.464988522997693e-01;
-3.094016396780496e-01 2.593772282552245e-01;
-4.911286712025887e-01 -7.966363084846503e-02;
-6.955052874631152e-01 -1.202864621077136e-02;
2.487544855037875e-01 6.990663106253100e-01;

2.176829177824526e-01 -1.163422548426105e-02;
-6.404641496377117e-01 4.155170743386001e-01;
-2.923295156404944e-01 3.659420615691381e-01;
-4.128221131894552e-01 -1.882751883289068e-01;
-6.955052874631152e-01 -1.202864621077136e-02;
2.487544855037875e-01 6.990663106253100e-01;

-1.026526973644061e-02 -1.281433980679670e+00;
-4.232737937777682e-01 -6.162945089627858e-01;
-9.010977281659978e-01 -9.660670023770729e-01;
-1.044110944402657e+00 1.515520289857630e+00;
-6.955052874631152e-01 -1.202864621077136e-02;
2.487544855037875e-01 6.990663106253100e-01;

2.835219635721621e-01 -9.678543915568300e-02;
-3.474756560793434e-01 -8.415520719597071e-02;
-6.725635566461499e-01 2.120032351568556e-02;
-3.629321119043242e-01 7.168687217662803e-02;
-6.955052874631152e-01 -1.202864621077136e-02;
2.487544855037875e-01 6.990663106253100e-01;

2.849096074054144e-02 1.767663091934553e-02;
-5.224576518444914e-01 4.601299504708728e-01;
-5.213434521270739e-01 3.425599395250214e-01;
-2.644805196867658e-01 -1.829691402918968e-01;
-6.955052874631152e-01 -1.202864621077136e-02;
2.487544855037875e-01 6.990663106253100e-01;

8.820380165009248e-01 -2.860312853433278e-01;
1.838373382688048e-01 -1.252886975453127e+00;
-9.266172579263764e-01 -7.347886453641677e-01;
-6.485067936335587e-01 6.142083521026422e-01;
-6.955052874631152e-01 -1.202864621077136e-02;
2.487544855037875e-01 6.990663106253100e-01;

-7.036807601262060e-02 -2.408492096648499e-01;
2.088039852418977e-01 -7.348726453521495e-02;
-6.869455386134673e-01 -4.317190810789562e-01;
-7.041480155099333e-01 6.714618316318760e-01;
-6.955052874631152e-01 -1.202864621077136e-02;
2.487544855037875e-01 6.990663106253100e-01;

-1.018959472493862e+00 -2.713387997260757e-01;
1.919435113594787e-01 1.032477600046894e+00;
-5.003492050964810e-01 -1.647703418731421e-01;
-7.699518034713587e-01 7.888203098494136e-01;
-6.955052874631152e-01 -1.202864621077136e-02;
2.487544855037875e-01 6.990663106253100e-01;

9.801660592300175e-01 -2.396693219251901e-01;
1.895045341053503e-01 -1.297666106036537e+00;
-9.025499460850742e-01 -7.206582772801646e-01;
-6.353724204746484e-01 5.393623981891070e-01;
-6.955052874631152e-01 -1.202864621077136e-02;
2.487544855037875e-01 6.990663106253100e-01;

2.987791002878250e-01 2.363755792791183e-01;
-5.424764446227549e-01 -5.289286894664343e-01;
-1.026258468796657e+00 1.982507761484996e-01;
2.372086673888520e-01 1.227491906195917e-01;
-6.955052874631152e-01 -1.202864621077136e-02;
2.487544855037875e-01 6.990663106253100e-01;

2.099328734585147e-01 6.032906412392237e-01;
-4.679307463932508e-01 -5.346981752897007e-02;
-7.687735736455166e-01 4.869749588568710e-01;
3.510570925965019e-01 -2.385442178704179e-01;
-6.955052874631152e-01 -1.202864621077136e-02;
2.487544855037875e-01 6.990663106253100e-01;

1.096813930154075e+00 -1.360290265849836e-01;
2.154277570798648e-01 -1.357158701088865e+00;
-8.750560016958575e-01 -6.914316939723308e-01;
-5.869905557466852e-01 4.414041710271439e-01;
-6.955052874631152e-01 -1.202864621077136e-02;
2.487544855037875e-01 6.990663106253100e-01;

8.771508487916297e-01 -2.099454258364315e-01;
1.646882409199060e-01 -3.930933351999982e-01;
-9.059266681352268e-01 -4.992757004821045e-01;
-4.258873650883042e-01 -3.086415159487525e-01;
-6.955052874631152e-01 -1.202864621077136e-02;
2.487544855037875e-01 6.990663106253100e-01;

6.843496270268357e-01 2.744044300914671e-01;
-9.350382732821023e-01 -1.933417880934520e-01;
-7.486030919327885e-01 -5.795339183174603e-01;
1.118398575952630e+00 3.703139292208981e-01;
-6.955052874631152e-01 -1.202864621077136e-02;
2.487544855037875e-01 6.990663106253100e-01;

4.075040549948089e-01 -2.154227877155243e-01;
-3.589591533731505e-01 -1.253251091964366e+00;
-7.875554601031601e-01 -3.929393357773937e-01;
-4.973657386098845e-01 1.209540362269026e+00;
-6.955052874631152e-01 -1.202864621077136e-02;
2.487544855037875e-01 6.990663106253100e-01;

9.405202846865549e-01 -5.833676399069174e-01;
7.941819539300415e-01 -4.958307958892506e-01;
-1.016723062950580e+00 -1.075937286137526e+00;
-9.471250922489695e-01 -1.357063418667736e-01;
-6.955052874631152e-01 -1.202864621077136e-02;
2.487544855037875e-01 6.990663106253100e-01;

7.993992434214181e-01 2.330832967817583e-01;
-9.263001741923967e-01 -1.789074700463310e-01;
-1.133622642127283e-01 -5.310554854155487e-01;
4.901964362940719e-01 6.399763663124056e-01;
-6.955052874631152e-01 -1.202864621077136e-02;
2.487544855037875e-01 6.990663106253100e-01;

1.763059663103804e-01 -8.122385220939658e-02;
-7.588801281362783e-01 -1.642876156876476e+00;
-7.743118425996006e-01 6.284632314802673e-02;
-4.878983930028909e-01 1.607349280259094e+00;
-6.955052874631152e-01 -1.202864621077136e-02;
2.487544855037875e-01 6.990663106253100e-01;

4.552464558474498e-01 2.989443900102829e-01;
-8.762042213510941e-01 -7.876690773110493e-01;
-1.242180894030629e+00 4.688266801895383e-01;
5.127431637810926e-01 -1.146866624127840e-01;
-6.955052874631152e-01 -1.202864621077136e-02;
2.487544855037875e-01 6.990663106253100e-01;

8.334964453634928e-01 5.298882850727402e-01;
-9.655215527279353e-01 -1.661737514107803e-01;
-5.832906333729805e-01 9.533271480397578e-01;
1.992362664988759e-01 -1.005240749812310e+00;
-6.955052874631152e-01 -1.202864621077136e-02;
2.487544855037875e-01 6.990663106253100e-01;

5.718344550491720e-01 -3.918298040425574e-01;
8.827471795617484e-02 -1.021862127536760e+00;
-9.184568683812437e-01 -7.827782084995212e-01;
-6.098113035141087e-01 8.687414049406494e-01;
-6.955052874631152e-01 -1.202864621077136e-02;
2.487544855037875e-01 6.990663106253100e-01;

5.210869021421443e-01 -2.198116622240058e-01;
-1.692144255984208e-01 -2.799516410758471e-01;
-8.373454347100565e-01 -1.701377168210114e-01;
-4.377034743768808e-01 -8.172323266980085e-02;
-6.955052874631152e-01 -1.202864621077136e-02;
2.487544855037875e-01 6.990663106253100e-01;

4.556147447807132e-01 -2.235699118375979e-01;
-1.056818978910426e+00 3.954906189693327e-01;
-1.119248156334377e+00 5.968823849945289e-02;
6.425757573466055e-01 -6.863718111382114e-01;
-6.955052874631152e-01 -1.202864621077136e-02;
2.487544855037875e-01 6.990663106253100e-01;

5.589148543533361e-01 -2.651020956768803e-01;
-1.812264194472167e-01 -1.283514851230878e+00;
-8.522194688500331e-01 -4.970773234913573e-01;
-5.801731787208203e-01 1.023087908618071e+00;
-6.955052874631152e-01 -1.202864621077136e-02;
2.487544855037875e-01 6.990663106253100e-01;

2.521296434604194e-01 -5.843670338092417e-01;
3.489929785038535e-01 -3.596467348968139e-01;
-9.492854154714009e-01 -6.140643274384856e-01;
-9.665539351418178e-01 4.076129116974950e-01;
-6.955052874631152e-01 -1.202864621077136e-02;
2.487544855037875e-01 6.990663106253100e-01;

1.311155222088512e+00 -1.339734614447699e+00;
-2.030136960025177e+00 7.536146976304062e-01;
-4.191914313207202e-01 -8.840340307790198e-01;
4.084112308043760e-01 -4.692113961633487e-01;
-6.955052874631152e-01 -1.202864621077136e-02;
2.487544855037875e-01 6.990663106253100e-01;

6.346748087664587e-01 -1.298488197995974e-01;
-2.446884636247438e-01 -1.402051043830350e+00;
-8.070267339477420e-01 -3.826068752527901e-01;
-5.171792729899515e-01 1.001521950156250e+00;
-6.955052874631152e-01 -1.202864621077136e-02;
2.487544855037875e-01 6.990663106253100e-01;

3.511008728667137e-01 3.081597313463070e-01;
-6.189613994863566e-01 -7.379726042297587e-01;
-1.198487668619832e+00 2.585405335948827e-01;
4.267648952395950e-01 9.396131826849582e-02;
-6.955052874631152e-01 -1.202864621077136e-02;
2.487544855037875e-01 6.990663106253100e-01;

7.553593861722335e-01 8.603063131438813e-01;
-8.161444404220871e-01 -3.981340415543353e-01;
-8.545783018333106e-01 9.612403182664233e-01;
6.168961619285412e-01 -9.404513738131157e-01;
-6.955052874631152e-01 -1.202864621077136e-02;
2.487544855037875e-01 6.990663106253100e-01;

4.345009979263442e-01 -6.798380943985052e-01;
-8.018900939775012e-02 -9.218211485712255e-01;
-9.059189413236536e-01 -8.365935572492164e-01;
-7.650052237953342e-01 1.043631786298489e+00;
-6.955052874631152e-01 -1.202864621077136e-02;
2.487544855037875e-01 6.990663106253100e-01;

1.914344939296377e-01 -1.344213188104201e-01;
-6.511859911517677e-01 4.121993421734547e-01;
-2.585334301514556e-01 3.031408377083843e-01;
-5.411605539369364e-01 -7.954941091622438e-02;
2.853128200136795e-01 -7.760766991747461e-01;
8.125153825392688e-01 2.070263753219220e-01;

1.010900453231816e-01 -5.122508602765562e-03;
-5.439335459300269e-01 4.317058736643901e-01;
-3.030197532420070e-01 2.174450471884115e-01;
-3.731999398873520e-01 2.825274280149803e-02;
2.853128200136795e-01 -7.760766991747461e-01;
8.125153825392688e-01 2.070263753219220e-01;

-1.246326097334853e+00 1.537529380759345e+00;
8.133297478794442e-01 8.337533458277269e-01;
-7.572880394952964e-01 -9.511638899866900e-01;
1.644107576372086e+00 1.655193495366468e+00;
2.853128200136795e-01 -7.760766991747461e-01;
8.125153825392688e-01 2.070263753219220e-01;

2.349080706354117e-01 4.020713027867994e-01;
3.033659340743463e-01 2.751369766199388e-01;
-2.965025857455472e-01 -5.003888203693657e-01;
-1.279756531139510e-01 3.552074316460385e-01;
2.853128200136795e-01 -7.760766991747461e-01;
8.125153825392688e-01 2.070263753219220e-01;

-2.270179179627921e-01 1.797073753643184e-01;
-2.415611027293928e-01 3.411248429197001e-01;
-5.453610813299272e-01 -1.970334253367041e-01;
4.971225819108974e-02 5.983996126850812e-01;
2.853128200136795e-01 -7.760766991747461e-01;
8.125153825392688e-01 2.070263753219220e-01;

7.022277567849294e-01 -4.905845090339561e-01;
2.097669904749004e-01 -7.996167695271853e-01;
-8.759292800177118e-01 -1.009269768428506e+00;
-6.174196456642747e-01 6.881619421794621e-01;
2.853128200136795e-01 -7.760766991747461e-01;
8.125153825392688e-01 2.070263753219220e-01;

3.551516240347500e-01 2.742610973464418e-01;
6.151909852930633e-02 7.424941747870434e-02;
-4.825313523425172e-01 -3.155260710641783e-01;
-1.131684615811193e-01 1.602271909820250e-01;
2.853128200136795e-01 -7.760766991747461e-01;
8.125153825392688e-01 2.070263753219220e-01;

5.275753424461765e-01 3.155830981499063e-01;
-8.334636228484835e-01 9.079713907382132e-02;
-7.031098361828906e-01 7.676925686359259e-01;
1.262219602039540e-01 -8.448790019459119e-01;
2.853128200136795e-01 -7.760766991747461e-01;
8.125153825392688e-01 2.070263753219220e-01;

2.434302169906616e-01 3.266375764448600e-01;
5.411248940175174e-01 -3.232773858966111e-01;
-8.327992360965281e-01 -1.000455419684281e+00;
1.929575690585349e-01 8.108370170263302e-01;
2.853128200136795e-01 -7.760766991747461e-01;
8.125153825392688e-01 2.070263753219220e-01;

6.499286502246707e-01 -1.823109008716919e-01;
-8.006735008565301e-01 2.237275975208744e-01;
-4.033457958017143e-01 3.770683415658171e-01;
-4.298692439262391e-01 -6.045146620244444e-01;
2.853128200136795e-01 -7.760766991747461e-01;
8.125153825392688e-01 2.070263753219220e-01;

-2.897969072342489e-01 -6.591042319192461e-02;
-3.039631357046166e-01 6.307706886507873e-01;
-5.168921799816796e-01 1.888450642525510e-01;
-4.139017133215264e-01 1.132195455291449e-01;
2.853128200136795e-01 -7.760766991747461e-01;
8.125153825392688e-01 2.070263753219220e-01;

-1.155404797715944e+00 4.456174151519389e+00;
2.321659565704992e+00 -1.059300225827974e+00;
-1.557477841757099e+00 4.329739255796319e-01;
2.930945777068077e+00 1.111821432731255e+00;
2.853128200136795e-01 -7.760766991747461e-01;
8.125153825392688e-01 2.070263753219220e-01;

-4.061829742396600e-02 -3.890411472265906e-02;
6.274345764786821e-02 -3.323622633707715e-01;
-8.914595525904901e-01 -3.021825653060831e-01;
-3.355501561262864e-01 6.657032869036896e-01;
2.853128200136795e-01 -7.760766991747461e-01;
8.125153825392688e-01 2.070263753219220e-01;

-5.747862514028860e-01 4.021933721996425e-01;
7.241227889999534e-02 3.633793083157323e-01;
-7.600669008885307e-01 1.085262620117575e-01;
-1.242061664593528e-02 4.927395875301540e-01;
2.853128200136795e-01 -7.760766991747461e-01;
8.125153825392688e-01 2.070263753219220e-01;

6.272175201390419e-01 -4.724838423591847e-01;
1.430031962653944e-01 -1.128079348762058e+00;
-9.875970096351396e-01 -7.884020475880971e-01;
-7.272205020883257e-01 8.208023814414337e-01;
2.853128200136795e-01 -7.760766991747461e-01;
8.125153825392688e-01 2.070263753219220e-01;

6.497341064401657e-01 5.147576327124902e-01;
-1.165025482625209e+00 -7.236656621591246e-01;
-1.158850970949378e+00 7.127037800067207e-01;
8.182416235827525e-01 -4.401698431257433e-01;
2.853128200136795e-01 -7.760766991747461e-01;
8.125153825392688e-01 2.070263753219220e-01;

5.563429109785394e-01 3.189678481611803e-01;
-8.306608058735796e-01 5.124935982271717e-02;
-6.027760356728087e-01 6.146541220916057e-01;
1.436909655740148e-01 -6.399213172244198e-01;
2.853128200136795e-01 -7.760766991747461e-01;
8.125153825392688e-01 2.070263753219220e-01;

1.911720632470974e-01 6.282771701989002e-01;
6.344747582192721e-01 -1.097727392046380e+00;
-1.124584975618574e+00 -5.164929574816732e-01;
9.681170226336681e-02 9.114012857677151e-01;
2.853128200136795e-01 -7.760766991747461e-01;
8.125153825392688e-01 2.070263753219220e-01;

9.201421709481026e-01 3.195151141976807e-01;
-6.553835798292079e-01 -3.578816674323303e-02;
-5.559362322145059e-01 2.462010389100083e-01;
2.227719347098707e-01 -7.239253897563916e-01;
2.853128200136795e-01 -7.760766991747461e-01;
8.125153825392688e-01 2.070263753219220e-01;

9.194837555501180e-01 3.786781816888142e-01;
-9.427119028810779e-01 -1.586778559387876e-01;
1.477474763244791e-01 4.172195108867749e-01;
-2.294823575142625e-01 -1.320268979043974e-01;
2.853128200136795e-01 -7.760766991747461e-01;
8.125153825392688e-01 2.070263753219220e-01;

1.027396179596900e+00 3.942109239154663e-01;
-1.236786334718196e+00 3.364131924031710e-01;
6.305841587608398e-01 -8.267615593462327e-01;
7.421842612838411e-01 8.374614303135531e-01;
2.853128200136795e-01 -7.760766991747461e-01;
8.125153825392688e-01 2.070263753219220e-01;

5.950206607781732e-01 -8.512561385498474e-01;
1.032510344654698e+00 -1.192400927694510e+00;
-1.663917745965624e+00 -1.277287202819567e+00;
-1.055050004658003e+00 4.889322438350021e-01;
2.853128200136795e-01 -7.760766991747461e-01;
8.125153825392688e-01 2.070263753219220e-01;

8.837177961058063e-01 1.866299422663314e-01;
-9.177085647046432e-01 -1.687711317477036e-01;
3.866352344187211e-01 -5.724373946107688e-01;
3.527634776156982e-02 9.278680649052661e-01;
2.853128200136795e-01 -7.760766991747461e-01;
8.125153825392688e-01 2.070263753219220e-01;

6.779490899110391e-01 -5.476775950240771e-01;
4.614254645553416e-01 -8.960195907119533e-01;
-1.065864517246986e+00 -1.068608814534747e+00;
-7.371381918529495e-01 6.186311363678438e-01;
2.853128200136795e-01 -7.760766991747461e-01;
8.125153825392688e-01 2.070263753219220e-01;

6.179270107298239e-01 4.401546541595596e-01;
-1.012437068022193e+00 -4.514625946682684e-01;
-9.292587077105497e-01 5.855214342227824e-01;
5.828598753267403e-01 -4.190572018926425e-01;
2.853128200136795e-01 -7.760766991747461e-01;
8.125153825392688e-01 2.070263753219220e-01;

7.337733972507952e-01 2.538804164641773e-01;
-9.309093469723593e-01 -1.872168700775517e-01;
-4.698064140617673e-01 -5.718981673782841e-01;
8.494715288653777e-01 5.016363422291441e-01;
2.853128200136795e-01 -7.760766991747461e-01;
8.125153825392688e-01 2.070263753219220e-01;

8.702874832796220e-01 2.547618708420289e-01;
-1.044598635786234e+00 -5.801352254354573e-02;
2.937448169696392e-01 -7.045666932475780e-01;
4.476760614366855e-01 9.425521172208760e-01;
2.853128200136795e-01 -7.760766991747461e-01;
8.125153825392688e-01 2.070263753219220e-01;

9.702452044075569e-01 1.188665161912055e-01;
-7.577640554683063e-01 -1.657971824042543e-03;
-5.469693888637167e-01 3.185897668051341e-01;
1.850310588749108e-02 -8.513319115270561e-01;
2.853128200136795e-01 -7.760766991747461e-01;
8.125153825392688e-01 2.070263753219220e-01;

3.926353437108209e+00 -8.652400359621631e-02;
-3.165542452381848e+00 -1.058697571910369e+00;
1.782087908138970e+00 1.285282548879985e-01;
-1.291112870204454e-01 -8.496768558584897e-01;
2.853128200136795e-01 -7.760766991747461e-01;
8.125153825392688e-01 2.070263753219220e-01;

5.015382844401145e+00 -1.404457967911426e-01;
-4.043604850608904e+00 -1.465198646354934e+00;
2.640318648280672e+00 7.565567666633073e-02;
-1.834294229334161e-01 -8.501485547945680e-01;
2.853128200136795e-01 -7.760766991747461e-01;
8.125153825392688e-01 2.070263753219220e-01;

3.620925488395957e-02 -3.542003721594191e-01;
2.291584305085693e-01 -7.046663716657302e-01;
-1.239352378790966e+00 -4.814874444595091e-01;
-5.647127172533104e-01 7.083596600596240e-01;
2.853128200136795e-01 -7.760766991747461e-01;
8.125153825392688e-01 2.070263753219220e-01;

-2.068714667146273e+00 -3.262511531503116e+00;
-6.822938900929552e-01 3.284734467785733e+00;
-3.268101676492696e+00 -2.445909268431326e+00;
1.091519169725066e+00 9.035671418932603e-02;
2.853128200136795e-01 -7.760766991747461e-01;
8.125153825392688e-01 2.070263753219220e-01;

6.183320072952717e-01 -3.851440149987634e-01;
-2.347323470110857e-01 -1.180401345623545e+00;
-7.926912330488908e-01 -5.851832820780584e-01;
-6.263034787281084e-01 9.887158841261702e-01;
2.853128200136795e-01 -7.760766991747461e-01;
8.125153825392688e-01 2.070263753219220e-01;

5.887696913775595e-01 4.711146726078740e-01;
-9.137291939239270e-01 -5.819784335167713e-01;
-1.038613363909713e+00 5.019459348884274e-01;
6.424715348556006e-01 -3.104083656285338e-01;
2.853128200136795e-01 -7.760766991747461e-01;
8.125153825392688e-01 2.070263753219220e-01;

5.489589269854893e-01 2.461665945724276e-01;
-9.297313590671318e-01 6.596386845978157e-02;
-1.035087792721239e+00 4.508889507317149e-01;
6.396307288836335e-01 -7.950891711762388e-01;
2.853128200136795e-01 -7.760766991747461e-01;
8.125153825392688e-01 2.070263753219220e-01;

4.265422757181554e-01 1.217958873516130e+00;
-4.195005829704494e-02 -2.567368888897580e+00;
-1.114318499676021e+00 6.555182134742886e-01;
3.620089549705176e-02 1.193520055984499e+00;
2.853128200136795e-01 -7.760766991747461e-01;
8.125153825392688e-01 2.070263753219220e-01;

