1.162947604204300101e+00,1.246866411607995051e+00,-1.283941539777795071e-01
1.580049316985105090e+00,1.512886156247837066e+00,3.502459742561745970e-01
1.148337344556934037e+00,1.223136250180425044e+00,5.309551629712988552e-01
1.690593057903283070e+00,1.522808734634754080e+00,8.145940002490761334e-01
1.266063216077842002e+00,1.236568341310039898e+00,9.448520836817135837e-01
1.566887317862907025e+00,5.682475802293917022e-01,1.284785792436188956e+00
1.502641779510260900e+00,9.972336394782828073e-01,1.308216594248786002e+00
2.090524497181656116e+00,4.171005532149633099e-01,-8.011297137689861181e-01
7.455371005288768949e-01,1.842249544956900131e-01,-7.680128401053122333e-01
-7.819303644495154693e-01,3.904088729546846825e-01,-7.268478352121726660e-01
-1.675432872151315089e-01,4.538351821977126277e-01,-6.486074859322461528e-01
-6.787829567584821033e-01,-7.597804708709499089e-01,-6.461494500696889354e-01
2.125122756240898081e+00,4.215046284690084910e-01,-3.953872933572922244e-01
-7.457984703062168208e-01,4.518905000838744912e-01,-3.585127717000495262e-01
2.262554537089469076e+00,1.113365697003195987e+00,-2.725894674216694166e-02
-6.061913321312675240e-01,-7.744181257214135528e-01,1.282015556481642116e-01
-4.386995734138255942e-01,5.283685429979131376e-01,4.338580380076864085e-01
2.137473899102174002e+00,5.151299822123343031e-01,5.552107582565006805e-01
-8.190060528138836116e-01,3.656654669204417729e-01,7.213509995300126931e-01
2.107795003405688039e+00,5.814168350667434648e-01,8.899580014791157456e-01
-4.985329252046973858e-01,2.596490702696658825e-01,1.087382655657266106e+00
-5.032345222026223253e-01,-5.528397874462550599e-01,1.153002969370849007e+00
1.791156435140069947e+00,3.243620236736918239e-01,1.218967922070020027e+00
-5.958393730465577631e-01,-1.271256923222884028e-01,1.267675819052906050e+00
-2.941707003761088735e-01,-7.013638201661046567e-01,-6.595018845370094196e-01
2.161981076046195049e+00,-7.614852889554042381e-01,-4.903939120920011163e-01
1.106886680144282931e+00,-7.653725044588451931e-01,9.683221509995440512e-02
-2.484068897661813879e-01,-7.079408779350094827e-01,1.630173570101811908e-01
6.969528188291288506e-01,-5.058254696646170556e-01,3.131204914486964141e-01
1.363180658573799053e-01,-5.529355808044396081e-01,4.002035629524383076e-01
1.382931324702940001e+00,-9.081570539481014226e-01,5.159506063278543886e-01
1.018286155664946957e+00,-6.908737401308373549e-01,5.727353242959919433e-01
5.358007859067747125e-01,-3.638403094421102102e-01,6.540766531780519699e-01
2.613234953411582850e-01,-3.137687302896223773e-01,8.204973040640102244e-01
7.787764105074959087e-01,-2.748603032464891904e-01,8.501771301921241530e-01
1.048738119063703955e+00,-5.744838953698199191e-01,9.228907653244516895e-01
-8.675195338752697549e-02,-4.161683833170671254e-01,1.033443249227546934e+00
1.331378500404837961e+00,-6.632702014386593348e-01,1.100534033044400006e+00
1.209874084398000038e+00,-2.625583869538193893e-01,1.134963386001063057e+00
-1.173856624738857934e-01,-6.313551288721058752e-01,6.971082660838167078e-01
-2.632144727927733241e-01,-2.739997174304039107e-01,1.178700277613732972e+00
1.794553528207039950e+00,1.577096998387798044e+00,-1.121337643262096950e-01
1.887292299655654926e+00,1.579515376956506012e+00,-5.612181324004501537e-01
1.890489797150818996e+00,1.283626264003262962e+00,1.292762525630636095e+00
1.928926288225891961e+00,7.200283553314770213e-01,1.253612137071502985e+00
2.191669085480118184e+00,1.450021490013714942e+00,4.808771214508175129e-01
2.225937268748753972e+00,1.387017966626121979e+00,-4.797521532567198821e-01
2.227259615528225822e+00,8.879522578925029830e-01,4.252332156768128812e-01
1.832604831584204952e+00,1.476832055918744890e+00,1.084798872581133944e+00
2.127993986378895030e+00,1.091117935220845103e+00,1.143798942292552079e+00
1.754257588948872071e+00,9.544801537631255606e-01,-1.356787454329132059e+00
1.851886750654111014e+00,1.302715897552759960e+00,-1.287831296577208962e+00
1.489743154688480953e+00,6.348675165928422404e-01,-1.280129556238412070e+00
-6.593919847877169893e-01,-3.532103378992771936e-01,-1.270616597578011930e+00
1.882193297326890002e+00,6.508175174658897832e-01,-1.259646670929384982e+00
1.820776574202020992e+00,3.011342356759308947e-01,-1.202082198596660101e+00
-6.825081093223542839e-01,2.188815252190426108e-01,-1.105919004133750994e+00
-5.277813929404644444e-01,-6.331375942379489086e-01,-1.064968462768647983e+00
-3.441205080370514091e-01,2.821085399726522835e-01,-1.031671367798191019e+00
1.026582986079310977e+00,2.928582403472709816e-01,-1.003918858737018027e+00
-4.475451938385843764e-01,-7.517180296893881397e-02,-1.233040304750468108e+00
2.041701059374274152e+00,1.066444688296241949e+00,-1.251172888557054996e+00
-1.050219941888546060e-01,-3.593489572638678964e-01,-1.072675693142064901e+00
-1.141943802706443023e+00,-1.391616143182594911e-01,-7.515860509779394294e-02
-1.138648446586471907e+00,-1.388807918293626098e-01,4.461056374506631172e-01
-1.106081043606792935e+00,-4.861567423962849799e-01,-6.925152411529031937e-01
-1.103414264856513061e+00,-3.228086991972799885e-02,-5.999146746041472689e-01
-1.051250668787905074e+00,-9.002197744448467431e-02,9.597671769131428388e-01
-1.092260467258530987e+00,-5.579892560808903390e-01,3.913715818885891151e-01
-1.061330597498816974e+00,-6.052432663347323549e-01,-3.456674206950393069e-01
-1.121708876513388020e+00,-3.872325846482418954e-01,7.649679973102733177e-01
-8.600669963916721672e-01,1.827924351854645080e-01,1.024501731227577039e+00
-1.069177843535447980e+00,8.519209522362250486e-02,-2.583369769880661804e-01
-1.029642913162325035e+00,1.189964329265010973e-01,6.918028438590617668e-01
-1.038600198225829052e+00,-5.213422610050709727e-01,9.173009588941737347e-01
-4.226188579606270923e-01,-7.518350195549801107e-01,-2.333519277657911117e-01
1.562176688692548110e+00,-9.860049387869391779e-01,-8.239400326994816837e-02
2.142945593141296179e+00,-3.232808782850419838e-01,3.953564148213106755e-01
1.961836812852350009e+00,-1.011020685933001095e+00,4.408753199267756995e-01
-4.599802673173528089e-01,-7.537095264621821444e-01,4.898318081823592185e-01
3.907348042411254996e-01,5.775991157939668053e-02,6.993926598244342152e-01
1.457261858751756067e+00,1.378857192542048971e-01,1.213475186303045072e+00
1.864253939083339917e+00,-3.921483311833150881e-02,1.167823752213084099e+00
2.170727605201387966e+00,-7.124640570140441387e-01,4.367602937465063784e-01
1.582463395274841922e+00,-8.829307879667265269e-01,1.015622031860597074e+00
1.545139703911531992e+00,-4.117679663669381873e-01,1.255411699180448037e+00
8.946311633221496473e-01,-6.287996672567398582e-01,-2.647699381530717021e-18
6.403561672436124397e-01,3.946363647191851176e-01,3.723897478819728768e-01
8.257830582366804117e-01,8.132124514353716860e-01,2.089172152859007925e-01
8.696363432253966241e-01,8.484500060148552070e-01,5.802803782180699921e-01
2.079330093901740062e-01,3.312130636771575820e-01,1.837215384571428134e-01
5.865706560986829743e-01,3.359768450215473989e-01,-1.819312852580656087e-02
8.354662612050408610e-01,5.321328072613058513e-01,7.862218038013925048e-01
4.317297663913199218e-02,3.641539838097062054e-01,6.170510552185169972e-01
7.976910048939958031e-01,7.582905599580747058e-01,-1.625881841232934000e-01
7.619008137192764991e-03,4.305390355531524826e-01,-8.877060633555233782e-02
3.133780114157662111e-01,2.807090417964783202e-01,-2.499742401116480106e-01
1.035485801919270088e+00,9.496882856612968160e-01,9.115546021875496896e-01
9.448831927867369362e-01,1.676814328854170089e-01,9.462272850002930724e-01
6.502203799317863853e-01,3.889104611643265930e-01,-4.500575222199700853e-01
-2.647052276999534159e-01,4.650791015879858770e-01,7.132742655077908278e-01
1.128652315636164971e+00,6.998784414678612675e-01,1.095814202176494057e+00
1.596545003136335891e-02,7.749364852220490263e-02,9.578002023521307029e-01
1.180620121951382107e+00,2.998372070780446763e-01,1.106305398174868060e+00
1.369540979042012996e+00,1.097845051186129073e+00,-1.206939620031711957e+00
1.188464026483248892e+00,7.415322107620099246e-01,-1.141620753068913974e+00
1.429145128931510023e+00,1.302621093924966056e+00,-1.081975472886754108e+00
1.703925909419012896e+00,1.474131091728231091e+00,-1.027650099806244999e+00
9.407451320880575452e-01,6.695837867820519929e-01,-9.046469447679867937e-01
1.091181458008849026e+00,1.077724812232909946e+00,-8.642132732798539774e-01
1.392107208073771973e+00,1.383519284109625103e+00,-7.877303445056883513e-01
1.149396143943471005e+00,1.226471582931865090e+00,-4.989857765929819888e-01
9.469022043863042359e-01,9.971771286999828732e-01,-4.627490160177571976e-01
1.430291016919204905e+00,1.440025949871587940e+00,-2.345103961946296001e-01
-3.655274016759554878e-01,5.317865232764831251e-01,-2.310940738694521046e-01
-9.701815029525338030e-01,-9.579771585173585402e-02,-1.110040785280073994e+00
-9.561439521227138583e-01,-6.996479737797665077e-01,-1.180469853084781889e-19
-9.034262888978231709e-01,-6.888647220085345468e-01,7.880047428469861837e-01
-8.980648411004786835e-01,-3.965350384942191164e-01,1.193435141401292920e+00
-8.751979047739287809e-01,3.603509786504086043e-01,4.466422918607102557e-16
-9.133786338477243305e-01,-5.213492972678324122e-01,-1.111110395634971937e+00
-9.578416037184354082e-01,2.628390739694890232e-01,-4.617996599494482157e-01
-9.537646048286103628e-01,2.727246357620284889e-01,3.606061109754079008e-01
9.569592607098712511e-01,-4.225280174561424906e-01,-9.426529752325513156e-01
1.176721264541620071e+00,-7.681800815162389551e-01,-7.291442044688762891e-01
1.408153366452804978e+00,-6.450500385621666943e-01,-1.158808431364146907e+00
1.272449989187788955e+00,-2.536291631174044103e-01,-1.165107430354066942e+00
1.535462185734512097e+00,-8.659680550704309532e-01,-1.012427131365424948e+00
1.508553448137603059e+00,-9.475546330081197066e-01,-6.807200929575504267e-01
6.593774586237717283e-01,-1.782837999789952943e-01,-7.875587996843850247e-01
1.843682005042837968e+00,-7.201245075028090969e-01,-1.202869006387166095e+00
1.342336896652484013e+00,1.350155981040342956e-01,-1.177821477960550922e+00
1.686267629288199066e+00,-8.180978821257336997e-02,-1.237560216926304912e+00
5.204763746690795057e-02,-4.782685138985782181e-01,-8.584753978054560086e-01
1.944182180949751926e+00,-1.016248274000062013e+00,-4.403833752739912955e-01
2.659548044306635044e-03,-1.129844326246075004e-01,-1.025471984167479089e+00
1.814213893387534027e-01,1.264870767365237902e-01,-8.001565368434925274e-01
2.152184701925413002e+00,-4.387207548246783162e-01,-5.835989151950323750e-01
2.093376816285204889e+00,2.609381261634586072e-02,-5.630769113663358638e-01
2.070569182881158987e+00,-7.462288472009108720e-01,-9.865565936462712404e-01
4.116977790181144958e-01,-4.011587682493822915e-01,-6.104286960717616450e-01
1.217409564121036070e+00,-8.291152361895215428e-01,-3.222874058654182083e-01
6.446418325700478125e-01,-4.833871362406350070e-01,-2.435058996601814907e-01
5.149152997548050309e-02,-5.946148425300755713e-01,-2.333155180194738110e-01
8.424088611109492586e-01,-5.653893529206850399e-01,-5.833065880132726200e-01
2.168405803359322093e+00,-4.943619681539229149e-01,-1.122662696740250043e-01
2.201081781289457862e+00,7.598669443798420353e-01,-1.122750753882166969e-01
2.099925060359383089e+00,1.420013569336107118e-01,-1.121402207848912064e-01
2.190806688855813977e+00,7.553505353217989660e-01,-6.008721184774291624e-01
2.097852676927796978e+00,1.422702527124738991e-01,3.915703364099671901e-01
2.088112499885554918e+00,-3.391921306421181170e-01,9.007707056438872817e-01
2.059986767665383134e+00,-9.625053980173682300e-01,1.076497082747821026e-19
2.170745592526817092e+00,8.991826251146290971e-01,9.595985943594000922e-01
2.194558924321278859e+00,1.452968530912774003e+00,1.036732185835580009e-17
2.037549892646480121e+00,1.432875387048503923e-01,8.941338459978542819e-01
2.054812410133315836e+00,-5.090494315529673353e-01,-1.045058483671780891e+00
2.093968630636485084e+00,7.822531349459640460e-01,-1.084078191821175041e+00
2.027065130931244852e+00,-9.036141230383484269e-01,8.819113926547166304e-01
1.991271126420538939e+00,1.619681838243125158e-02,-1.014377756164664079e+00
2.016027461714589908e+00,-9.133484630856134601e-01,-8.816739323203099943e-01
2.150857048730896892e+00,1.389302680136037971e+00,9.652782310677234801e-01
2.150857048730896892e+00,1.389302680136037971e+00,-9.652782310677237021e-01
1.877783249693889989e+00,-5.394835641846984498e-01,1.223606592018394945e+00
