0
6.823848733183039e-01 -5.905079875871847e-01
-4.517335185958894e-01 2.413330001991211e+00
3.196618737145809e+00 -9.909614831733977e-02
-2.590352683890160e+00 -2.585107505272861e+00
7.031306128200190e-01 6.689511589046691e-01
5.551921254134113e-03 1.402215618818247e-03

1
4.779848258025896e-01 1.371209226526383e-01
4.598530633162142e-01 -9.691540959487085e-01
-6.871823284389498e-01 -1.509584449413377e+00
2.055976524090391e+00 6.709535328155847e-01
7.044867725177306e-01 6.752680842870568e-01
1.518984308254186e-04 -2.578735872585362e-03

2
-4.223871340888959e-01 -7.719488154468050e-01
-7.004705112591542e-01 -2.450083091937986e-01
5.283309517684526e-01 -5.085819816547514e-01
3.520131053416944e-01 -7.018705989786139e-01
7.073772104307320e-01 7.020780428971807e-01
-2.053774003797436e-02 -2.144537757738922e-02

3
2.134240601199065e-01 -1.768016094120483e-01
3.258973088818122e-01 5.258828421128557e-01
4.935155847740808e-01 3.350170730044460e-01
2.107548255982041e-01 -7.910946253997364e-01
6.986270396700885e-01 6.825952155773640e-01
-3.299233128638074e-04 -1.230895569681551e-02

4
3.172145718778767e-01 -7.661449718521878e-01
6.758827270641522e-01 -3.555100631155337e-01
2.302434362734830e-01 2.866235180675457e-01
5.190154927118554e-01 -4.684220519266447e-01
7.158953266524916e-01 6.059497014776636e-01
3.895811882817506e-02 5.918976393377524e-02

5
-3.738891591894346e-01 -4.572991721978314e-01
-4.444313105872198e-01 3.926362296585462e-01
7.167689600033493e-01 -4.528187979652561e-01
-6.319570816519622e-02 -6.649844352514597e-01
7.088243882714085e-01 6.648401520101705e-01
3.950625496255104e-03 8.516534836593250e-03

6
5.879688361840994e-02 8.658949225869364e-02
9.500317403124958e-01 -1.612118730863387e-02
-2.466208886882717e-01 -6.075280288164269e-01
8.600999652592192e-01 6.145395888931117e-01
7.034505381795277e-01 6.704787879735272e-01
4.252278950872355e-03 4.339699740212537e-04

7
-3.245398138247533e-01 1.053502218173006e-01
-2.172240701046833e-01 -4.439487203075042e-01
-8.020822766630045e-01 -1.154640045558847e+00
1.638208151472857e+00 4.234363163371960e-01
7.092346612695282e-01 6.718020481503814e-01
-1.157257796890389e-03 3.383247553839517e-03

8
3.957076931247836e-02 6.969332294152190e-01
-1.605884872872335e+00 3.315721263397496e-01
4.294846354513714e-01 -7.458487987648242e-01
1.458462301999299e+00 -1.355012639997897e+00
7.171512441435731e-01 6.676141142508499e-01
-4.434708396469991e-03 1.208636499837824e-02

9
-2.728476804291761e-01 -1.860755713918566e-01
-2.817373526763415e-02 4.035725648077907e-01
4.519797498727914e-02 -4.022061058676527e-02
4.161571426271212e-01 -4.376748832400880e-01
7.120660660938498e-01 6.562323744808982e-01
7.349862835064724e-03 1.744210927172509e-02

10
2.463010288485959e-01 -1.437120790349893e-01
6.792021300546101e-01 1.171863649512070e-01
1.054813801930645e-01 4.879813267253450e-02
6.249307918551626e-01 -2.178610191266749e-01
7.158081106641867e-01 6.749601334758181e-01
-8.442877579659931e-03 5.448196490369729e-03

11
9.871246596434891e-02 -1.225961099966168e-01
4.537372915724193e-01 3.290684936427100e-02
4.845917585510721e-01 6.639202760345267e-02
5.491829765821664e-01 -3.073604581226671e-01
7.081743661519627e-01 6.695529896747043e-01
1.214535919694817e-03 4.403412510416510e-03

12
-1.858142606723435e-02 2.043941488876684e-01
6.383566360139015e-02 8.157752389748794e-02
7.207998174452761e-01 1.769461797226445e-01
7.395417685387313e-01 -5.194979602858758e-01
7.118357727202004e-01 6.699102558215433e-01
-1.879330875214069e-03 6.644002911551869e-03

13
-3.572575917368082e-01 -2.487916864212888e-01
1.191332575603511e-01 4.128782324551546e-01
-4.274537610062412e-01 3.711031023637923e-01
5.620518432440188e-01 -4.165344988606350e-01
7.109040967556051e-01 6.368021496505496e-01
2.161881527641404e-02 3.175715881336154e-02

14
-3.893093790896385e-02 -5.590391515127081e-02
3.485234645278114e-01 5.992823492871782e-01
1.834162418792916e-01 -6.181125974732127e-01
1.908860181616042e-01 -6.999515131824673e-02
7.085830577701271e-01 6.820442043112140e-01
-7.695460105236938e-03 -5.032088050163031e-03

15
1.319244327743671e+00 7.487114845789644e-01
4.354184220034126e-01 8.948461924647270e-01
8.673059253861367e-01 -6.672324007078950e-01
6.634155476104862e-01 -9.298060141965833e-01
5.455582871768906e-01 5.045862834849421e-01
2.411821036075672e-01 2.087159202729520e-02

16
-3.318014640907244e-01 -6.743433520221563e-01
-8.092461821069676e-01 -3.378955556381621e-01
6.633577105037157e-01 -3.576466773591557e-01
5.179515485199310e-01 -8.882216562919162e-01
7.187101761450282e-01 6.773871072215242e-01
-1.236971977050191e-02 5.556497589212565e-03

17
9.176923094551134e-01 -6.369586779532612e-01
1.887271007473158e+00 -1.244064927993324e+00
6.343123388766531e-01 4.231683375814738e-01
1.002995823452115e+00 2.391320592985752e-01
6.722665504252364e-01 7.227739861146918e-01
-7.461700313676505e-03 -6.169513484347807e-02

18
1.775573472294964e-01 -1.019780472013379e-01
4.645853956400948e-01 2.279624815721068e-01
6.047625705724744e-01 -4.289316400178697e-02
3.599778852663479e-01 -3.723109398655726e-01
7.095909329034853e-01 6.733460402508826e-01
-2.496428318381227e-03 2.427274287638632e-03

19
-3.793495244831552e-01 -1.028630526907919e-01
-1.874823458315193e-01 5.178380969344339e-01
-2.826208295178007e-01 -1.454366305789479e-01
5.434003916599897e-01 -4.020496975849999e-01
6.967451024145094e-01 6.559459425543315e-01
1.946469883485621e-02 7.126389888264906e-03

20
-2.981196850841064e-01 5.596088450537483e-01
1.213930568024658e+00 1.188358620875824e+00
1.318457025850955e+00 -1.628417191282713e-01
-6.356495142571917e-01 5.101642151154103e-01
7.052860400273858e-01 6.693107248385672e-01
3.627938124867509e-03 2.605128861255739e-03

21
-8.510220935052553e-01 -1.398625427318314e+00
1.985740871319607e-01 -1.350869879813386e+00
-1.330781100137352e+00 4.075141962264247e-01
1.348664928575435e+00 2.596151295889827e-01
6.306338603686515e-01 5.486658002520026e-01
1.446837313930043e-01 4.510243319917304e-02

22
-9.079981842043743e-02 -7.790288573295641e-01
-2.334721713553349e-01 6.978953490412163e-01
-3.113543489779428e-01 -3.384636831105221e-01
-2.606058670367955e-02 -8.422601945370168e-01
7.629312352479519e-01 6.757061937192087e-01
-4.561201460964868e-02 3.728150475473851e-02

23
-8.021423340088608e-02 -1.743938590397992e-01
1.156314029962333e-02 4.629731195404202e-01
2.310962520231397e-02 -2.759279159255625e-01
4.114989665502591e-01 -4.534893409650938e-01
7.104070056616756e-01 6.699530528785748e-01
-7.973648809802005e-04 5.627934386274685e-03

24
-4.435583921379361e-01 -4.469451392936182e-02
-2.533119411662533e-01 3.421855033747341e-01
-7.055706613030843e-02 8.889574757218317e-01
7.494564547245066e-01 -8.515432494343392e-01
6.955857034518127e-01 6.605955484822518e-01
1.716833536874792e-02 2.712079063119422e-03

25
-2.446284122694178e-01 -5.478088293157349e-01
-8.308305952522322e-01 -9.340707481871510e-01
2.400968910407987e-01 -9.488477360510752e-01
1.265190718181255e+00 -4.255097140584508e-01
7.049146838299566e-01 6.526090184262575e-01
1.540507943518408e-02 1.534155214290468e-02

26
-2.946126200642135e-01 2.315080418423769e+00
-5.680336397106945e-01 1.057308490578049e+00
-4.366464796508114e-01 -5.615934015657205e-01
2.140953573346737e+00 7.543785501845285e-02
6.512443972782790e-01 5.184001152517058e-01
1.494695418436846e-01 8.282235268268580e-02

27
-2.332343554972487e-01 2.693466441331497e-01
4.846856669622801e-01 1.881683270903154e-01
-5.675161170363671e-01 8.602427826078152e-01
1.201897155013672e+00 -1.964489870573847e-01
7.091833388174218e-01 6.823878868158033e-01
-8.398806554509423e-03 -4.886527067108013e-03

28
-7.965954338871165e-02 -1.083201472458862e-01
8.451815303333453e-01 -6.974120737173072e-02
-2.353966189134825e-01 -5.680300331661385e-01
7.374352238048069e-01 5.684397187477894e-01
7.024729045267789e-01 6.703298215396788e-01
5.115223540236904e-03 -1.226180817801537e-04

29
-2.269534028717689e-01 -4.576441124509537e-02
6.018692058210106e-01 -1.252172798251928e-01
2.661581756220265e-01 -2.958321461516559e-01
6.474446043249624e-01 3.339925024871986e-01
7.104433717001216e-01 6.769476895168245e-01
-5.636915389493726e-03 2.119870696674024e-04

30
1.824426836635704e-01 1.062820337017602e-02
6.405467055157709e-01 1.633541033276272e-01
4.507494080801470e-01 -2.194910720252012e-01
5.017102700685750e-01 -7.565430050985790e-02
7.019178764901245e-01 6.796778542548907e-01
-8.830795332028546e-04 -7.776006843103214e-03

31
2.459910839923360e-01 7.113552498163833e-02
3.610725916071596e-01 1.001471760490147e+00
-7.211807315666259e-01 -5.387434985490367e-01
4.927787443996404e-01 -2.883377773081788e-01
7.049130211804295e-01 6.705892503749457e-01
3.038666576293717e-03 1.354013124611045e-03

32
3.437399445264510e-01 3.745363624447375e-01
8.292323732673277e-01 6.694417865329598e-01
-1.082484196016088e-01 3.903353933446394e-01
7.082842058283718e-01 -3.013312030095773e-01
6.665849269058682e-01 6.764252222956548e-01
2.883890626955334e-02 -2.954963824019482e-02

33
-6.140466826343121e-01 4.183062257281221e-02
5.455727677707609e-01 7.883310716271526e-02
-4.171495923816677e-01 4.478159291311470e-01
8.516125866709253e-01 2.832444079752632e-01
7.399804454178880e-01 7.353921635363528e-01
-6.881414678071293e-02 -2.493349894023475e-02

34
1.487790823063907e+00 -1.734632081193082e+00
3.159418279823143e-01 -1.703927593425609e+00
1.372352998705780e+00 7.302010238801785e-01
8.607469184009849e-01 -1.931455316729575e+00
7.668967058311552e-01 7.455428606154788e-01
-9.673382548394070e-02 -1.431512991050519e-02

35
-1.291218604503733e+00 2.167093051217785e+00
-4.452965480937785e-01 1.085635035585870e+00
-1.713354913189065e+00 3.891094986153131e-01
2.358793546430782e+00 5.865891418314138e-01
7.242131092726108e-01 5.299046650663236e-01
8.479550701950299e-02 1.240647799913619e-01

36
1.267596933869738e+00 8.142428362238808e-01
2.547211259190481e+00 2.002490042927112e+00
2.132021467366790e+00 1.174808447948350e+00
-1.205564458973235e+00 -5.087952455730556e-01
7.156359940063554e-01 7.841610686317478e-01
-8.342287752579972e-02 -7.961500769307217e-02

37
-1.642498616598714e+00 6.347629127069927e-02
5.781344593143251e-01 -2.309312603864683e-01
-8.067868253565962e-01 -1.439383529847922e+00
7.355963418750513e-01 2.146129556629660e+00
7.181306172580698e-01 6.107533689143116e-01
3.391513573789709e-02 5.699065022866662e-02

38
1.507539031669433e-01 1.395280222339745e-02
5.061655401982450e-01 5.481881857088005e-01
8.808410814778264e-02 -5.536752147883243e-01
3.550685386308617e-01 -7.057912710634315e-02
7.093552122907558e-01 6.844575256648431e-01
-9.956104349343206e-03 -6.378226765981847e-03

39
2.964565854342693e-01 3.434727822561802e-01
7.316297317856818e-01 7.334975170775626e-01
-3.074206233630467e-01 -4.577855930634135e-01
6.407246052848758e-01 5.375614595955450e-02
6.672249886305034e-01 7.083743204413714e-01
6.364823814110983e-03 -5.396181624215596e-02

40
-1.764201420976693e+00 3.063874661326929e-01
-1.921376869671407e+00 1.051443879059561e+00
2.689777182829139e-01 1.535934930801130e+00
4.184143029891544e-01 -1.621110955227858e+00
7.253374691496477e-01 5.800506898470601e-01
4.942794085597819e-02 8.583076955778333e-02

41
3.065635854707116e-03 -6.155105766149067e-01
-1.041710726314381e+00 5.559116551602108e-01
-1.276761496069930e-01 -8.244692170961562e-01
3.395020978986872e-01 -1.264183150131661e+00
7.190397915822506e-01 6.751034870706790e-01
-1.105533120590312e-02 7.559597509142711e-03

42
-8.427516786720249e-02 -4.404805209151091e-01
9.880639809712729e-01 -4.343626828666889e-01
7.525926328255754e-01 4.150435814047081e-01
3.778576083617105e-01 1.025541211869468e-01
7.000297591618021e-01 6.704449751689849e-01
6.936479842515256e-03 -1.892711389939975e-03

43
7.652784867819520e-02 4.536297175938091e-01
3.628040662339002e-01 7.608290621977516e-01
-3.673179551755562e-01 -3.709431982288746e-01
7.787368601811641e-01 -8.082329511824629e-02
6.800752385454898e-01 6.382639557031325e-01
4.459434823780286e-02 9.414418230391552e-03

44
1.708186711666411e+00 1.797394555979892e+00
3.660496826416376e+00 3.623344988883633e+00
-1.610983904591436e+00 -1.868966516294675e+00
-5.178686738255248e-01 1.783975942902674e+00
6.443831491001774e-01 7.402979010013191e-01
2.174306876804886e-03 -9.450617526343238e-02

45
-7.358749398569414e-01 -1.201708050236879e-01
-4.052178955249217e-01 1.436238047377648e-01
-1.566727408060818e-01 -4.977630831139674e-01
6.786901019754165e-01 -4.546813038673967e-02
5.790281908919012e-01 7.469367801532990e-01
4.844582217716248e-02 -1.446248229338198e-01

46
-1.941364775574547e-01 -1.256461635177771e-01
6.345060129062930e-01 -4.395685457894017e-01
4.738757757966074e-01 2.176346713633353e-01
8.028171870398537e-01 1.327813400852393e-01
6.986243693579081e-01 6.762681593039525e-01
4.024220801112609e-03 -7.389125677425792e-03

47
-3.410466719303196e-01 -7.070619695965149e-01
8.105807240691977e-02 -8.131857734308540e-01
3.442090396966018e-01 -9.253850100616787e-03
8.051126144140127e-01 -1.595128527991907e-01
7.396472646498313e-01 6.141665398483082e-01
1.483009647801940e-02 6.913585590371005e-02

48
-1.192390252886301e-01 -3.112585231153943e-01
2.987634862309030e-01 3.478107372270980e-01
2.518572627620653e-01 -3.215859378052134e-01
1.874828918273388e-01 -2.070333909876862e-01
7.001332649794302e-01 7.173157709193692e-01
-2.538412124249167e-02 -3.828119362631695e-02

49
1.559933291648055e-01 6.090422325367589e-01
4.126744421097588e-01 7.407993099552873e-01
4.841634006763428e-01 2.337654348751736e-02
5.680764854317688e-01 -3.323982802084813e-01
7.330701236026155e-01 5.497739368333174e-01
6.423876332813785e-02 1.147012445250650e-01

50
-7.196835290572127e-01 3.125330074952380e+00
-7.374387628528795e+00 -1.031442634547544e+01
1.324202538413869e+01 3.116982555964900e+00
7.764096964330188e+00 -4.849125948347538e+00
7.059441550293967e-01 6.743948958756979e-01
-3.811419831520864e-04 -8.970424910719428e-04

51
-3.594088758494490e-01 6.534968414158344e-01
-6.931804788802294e-01 1.319180221448293e+00
3.704077760324381e-01 -5.730448146872890e-01
2.743776920076787e-01 -6.875540083128392e-01
5.963924829553934e-01 7.733558572937663e-01
1.676618424745960e-02 -1.532315637131773e-01

52
-1.519866906627604e+00 5.321027426204706e-01
-5.817995614503678e-01 1.496454036420088e-01
-7.329197306403136e-01 8.069773639152588e-01
1.399935189920344e+00 7.771839492916803e-02
7.884362824460892e-01 9.100908668189569e-01
-2.266733299796092e-01 -1.274971134288203e-01

53
1.694779723966604e+00 4.436301006972343e-01
2.249886328415441e+00 -2.862854876287746e-01
4.128698902947690e-01 -1.465227866295202e+00
1.095560666115118e+00 9.284101452346201e-01
7.214447880070514e-01 6.016196926609952e-01
3.761972209506032e-02 6.637517306426036e-02

54
-2.903870091905695e-01 -2.209111868941347e-01
4.334260573378930e-01 8.641706857695081e-02
5.928751236305774e-02 -4.520667879860543e-01
4.493873510104948e-01 2.255134436354121e-01
6.638892105342945e-01 7.051391841917483e-01
1.118493548917064e-02 -5.373979623525442e-02

55
-4.171212573063705e-01 -2.825103448863460e-01
-1.062799891865904e+00 3.396781674986940e-01
7.050102248297855e-01 1.182216551871978e+00
4.800332472702185e-01 -1.835028377022207e+00
7.076096294613367e-01 6.693159434874569e-01
1.816883445645926e-03 4.199350861885732e-03

56
-1.268486738384552e+00 9.210851394670290e-01
5.941769361690271e-01 -1.886308608499993e-01
-9.634846880608083e-02 -5.536306479757732e-01
1.248965719682640e+00 1.634496785682623e+00
6.782968194415786e-01 6.053409890717916e-01
6.862380749565171e-02 3.380112604155969e-02

57
-2.747412821818325e-01 -3.563122039264521e-01
1.291648292411993e-01 4.209128018776068e-01
-2.020468962216261e-01 -7.436788768174890e-02
3.370862570166850e-01 -3.245850665605891e-01
7.577914230456392e-01 6.763197624709512e-01
-4.203592016923416e-02 3.326880332997409e-02

58
1.026487195001352e-01 -1.128078648727385e-01
7.427353837097747e-01 -4.782842757430411e-02
-5.406596217132350e-01 7.632535887175427e-01
1.107584740527759e+00 -2.604492637772997e-01
7.076364225600288e-01 6.753948808225920e-01
-2.385356548948926e-03 -5.108804651695371e-04

59
1.631775563761597e-02 -5.050201056815908e-01
1.621272341015460e-01 5.961308615564449e-01
5.169297143538081e-01 -2.695038250294381e-01
-1.985959972556939e-01 -6.149971401906918e-01
7.164548796000707e-01 7.237336666683762e-01
-4.249486847641792e-02 -3.204669636211818e-02

60
-7.802460089018517e-01 9.829467635909259e-01
-1.513445029134354e+00 1.800408189273806e+00
-6.133226405345417e-01 -2.148289029186571e-01
7.524214958112483e-01 -1.114240494023115e+00
6.468468953181185e-01 7.933820775998609e-01
-3.625614443214981e-02 -1.341044070424032e-01

61
3.478951133281094e-01 3.534287178209842e-01
-3.548759376306160e-01 1.141338572737005e+00
8.772141216977685e-01 -3.904170286803871e-01
9.947404770518009e-02 -1.153274058573739e+00
7.257509571568097e-01 6.682709292078336e-01
-1.157601118959969e-02 1.749075858529461e-02

62
-1.972550707036274e-01 1.574719441112044e+00
3.176728360657100e+00 -3.143914413812255e+00
4.495959267949535e+00 8.480617178162936e-01
1.720291079180218e+00 2.774857567314453e+00
7.112174391593474e-01 6.701434687525102e-01
-1.558759446841218e-03 6.037271246545953e-03

63
-4.597927021578880e-01 -1.058463300991968e+00
-2.200879879965356e-01 -5.186650008110341e-01
-3.248429999017425e-01 -4.035543272784350e-01
6.162794743520915e-01 -2.474516857198602e-01
1.078270273755585e+00 7.181340134975482e-01
-3.200907471419490e-01 2.211839331255976e-01

64
-1.130630666164529e-01 5.620434195105611e-02
4.198750793588507e-01 3.832119428750849e-02
4.559748171902508e-01 3.120662815538133e-01
6.659631542708992e-01 -2.272984721729267e-01
7.092446808589737e-01 6.724908323610779e-01
-1.638832156629910e-03 2.854350653048881e-03

65
4.764657623534598e-01 -7.393857689588144e-02
1.063201971896712e+00 -6.479717463371508e-02
7.623789032369975e-01 -2.135073966863766e-01
4.457680747534439e-01 3.897971685945657e-02
7.140645305929773e-01 7.470752624779756e-01
-5.669099417375214e-02 -5.184777137988864e-02

66
6.855618684518970e-01 -8.430551191710927e-01
7.822028207935000e-01 -1.801748422808357e-01
-4.908764447023292e-01 -7.181215472832340e-01
6.321391083853832e-01 -1.817879590255470e-01
6.027019525917531e-01 5.495169861695399e-01
1.658258106048709e-01 2.522734745907915e-02

67
5.444260388860167e-01 1.846731430276337e-01
1.164074079496950e+00 5.186116522390449e-01
9.190714333688570e-01 2.194511860452799e-01
1.425090586453489e-01 -2.428230613583372e-01
6.994376548236487e-01 7.547514074764398e-01
-5.059313282676201e-02 -6.787996171559936e-02

68
-4.497038041306962e-01 -9.367539851045092e-02
4.182084248222449e-01 -3.557128493729213e-02
2.368014313026215e-01 1.034879746085911e-01
5.795342045864306e-01 1.291283913124365e-01
6.777496464349957e-01 7.442632380609200e-01
-2.650825677640795e-02 -7.463956481447608e-02

69
-7.132501288339792e-01 -2.320365415168406e-01
4.527519592314957e-01 -2.714380020689663e+00
1.957512161420117e+00 -1.002396580116297e+00
1.596455444746508e+00 1.427101912930613e+00
7.035300251655541e-01 6.708045970131506e-01
3.966340098407650e-03 2.352060002173277e-04

70
4.676216400802587e-01 1.317077588801912e+00
6.705877478258168e+00 1.213144878377911e+00
-5.546172932895520e+00 -4.346476669592739e+00
1.338610866984570e+00 7.399438635344059e+00
7.060580155045172e-01 6.740729873221168e-01
-2.482864784193340e-04 -5.683185223316026e-04

71
9.183585791130922e-01 -1.186767162647670e+00
4.565245954215322e-01 -5.975641992100420e-01
2.765425627202829e-01 -5.675136577471106e-01
5.292350051727187e-01 -7.772261491768961e-01
1.036525072728804e+00 6.481358049420946e-01
-2.394698648407739e-01 2.469194319586622e-01

72
-1.028451903590998e-01 -1.518451315225545e-01
6.409978589423970e-01 2.843647688948054e-01
5.894554430558192e-01 -3.101486805626050e-01
1.077199437509889e-01 8.324888869173647e-02
7.053145831326737e-01 6.739973395482415e-01
3.820462421624734e-04 -1.020844023658380e-03

73
-3.819332489560289e-01 -5.720361836924400e-01
-1.566792762049839e+00 5.936256308430979e-01
3.317237420944216e-02 1.351395554279229e-01
4.067997218682225e-01 -1.863330881763914e+00
7.104550311336930e-01 6.713080524072823e-01
-1.766759455735060e-03 4.606946767660342e-03

74
3.082010689828348e-01 -2.012543039973036e-02
8.200753241040528e-01 2.687350293250358e-01
-1.909419912676215e-01 1.887620228227478e-01
7.340764621706755e-01 -1.874450498963740e-01
7.131253940604741e-01 6.840854654482140e-01
-1.263291750273657e-02 -3.495489665331666e-03

75
-7.543010712293912e-01 -7.844525052369781e-01
-4.435925915280163e-01 -1.150547314252302e-01
3.896621603692562e-01 4.844245025153810e-01
2.351060768884115e-01 -7.353291118758103e-01
6.609570149852386e-01 7.558114428775491e-01
-2.138910265852011e-02 -9.517345399741499e-02

76
2.402802865858203e+00 6.075406501775382e-01
1.339788692780140e+00 -5.879646806607609e-01
-1.276659170691470e+00 -1.154491122209802e+00
2.806292085157961e+00 -1.627711750703217e-01
7.306952773841106e-01 7.366950133047748e-01
-6.248760058713292e-02 -3.233375954584854e-02

77
-1.695101000093231e-02 -3.962146533243284e-01
-6.868012358903647e-01 1.070696555851814e-02
8.081104701526847e-01 -3.420149169995179e-01
4.512590871617883e-01 -1.068258700208613e+00
7.092942681725141e-01 6.767277217428743e-01
-4.591750171050886e-03 -4.073163183167188e-04

78
3.730151824563943e-01 -6.168791737753550e-03
2.554285691306564e-01 8.209476351532915e-01
-4.362714652038333e-01 1.728425850325394e-01
5.999716499097045e-01 -8.161022995562712e-01
6.928884444785695e-01 6.727011710425606e-01
1.093961412385879e-02 -8.559907324569143e-03

79
5.571877618621960e-02 4.427173953786950e-01
6.066490310587022e-01 6.256207279145297e-01
-2.876829175602679e-01 3.997205110872113e-01
8.537958302768854e-01 -2.068686673028341e-01
7.005460754509601e-01 6.590058548487365e-01
1.440325089829611e-02 7.360656868232153e-03

80
-1.980614549618539e-01 -9.147043907395011e-02
1.114769868973162e-01 9.694561656018780e-01
5.453353291556461e-01 -8.174666307968841e-01
-3.142435511514936e-01 -2.070569444360175e-01
7.099136806590854e-01 6.766372355924216e-01
-5.011335515052381e-03 8.913371346334906e-05

81
4.180582642480339e-02 -9.412959082105313e-01
-3.117280850796636e-01 4.264408391562107e-01
-1.312317934966774e+00 -6.339683311784881e-01
5.758780033748376e-01 -7.236390660279038e-01
6.769691985907713e-01 6.547840075907880e-01
3.564714190039897e-02 -5.572627960096986e-03

82
-9.212373572869324e-02 -4.109819649495864e-02
5.228680415538425e-01 2.669338066082989e-01
-1.950672815149559e-03 3.439934092350039e-01
6.036721910903985e-01 -2.207333017037698e-01
7.041739602744335e-01 6.758453368800931e-01
-1.835668320198502e-06 -3.242934918770533e-03

83
-1.161332112291333e-01 7.720236513087066e-02
6.004177769308126e-01 4.614081649776174e-01
6.159563442237748e-01 -1.201748345780651e-01
1.588341686749279e-01 -9.615185574464275e-03
7.050499912958560e-01 6.727139833802730e-01
1.470622747965865e-03 -2.045512916557701e-04

84
-1.351126719839348e+00 2.364028989116981e-01
-2.389255771185769e-01 -2.423823672673744e+00
-1.029991629376930e+00 -2.731539462760008e+00
2.934826893112805e+00 2.601565163081983e+00
7.165161272030538e-01 6.667394471037998e-01
-3.339026039219415e-03 1.232988248046559e-02

85
1.748578328012279e-01 -1.004796182855911e-01
5.640750549001238e-01 6.040477827735559e-01
-7.403405503597293e-01 -2.272075508093182e-01
6.443662403365248e-01 -1.543042536493739e-01
7.077010944905830e-01 6.680185398594602e-01
2.638154320669813e-03 5.271484566960941e-03

86
-7.935667873123436e-01 8.423848277277132e-02
-3.042600386736328e-01 1.026455184781747e-01
3.186635502247606e-01 -1.586538466954494e-02
6.519211617884371e-01 -1.248433437284734e-01
5.374318651793525e-01 8.123249662889543e-01
3.582533884652137e-02 -2.241007809036387e-01

87
-3.026446475743251e-01 -2.051946175305701e-01
-1.464332750968828e-01 2.977727129690643e-01
1.845931825111011e-01 -3.341150155247354e-01
4.112479087194228e-01 -3.621660892658621e-01
7.109752233313444e-01 6.461232776860247e-01
1.515194779190132e-02 2.455539914055764e-02

88
-2.074837013363888e-01 2.169413876254869e-01
2.969963043052821e-01 6.244777675339210e-01
-4.628851853880489e-01 -1.638277662132824e-01
7.018997582665829e-01 -3.927441898298457e-02
7.124598467192196e-01 6.663461686092252e-01
8.677489624167233e-05 9.845691126293609e-03

89
-8.907545580816761e-02 -6.558683728649340e-01
1.458411116051709e-01 -5.650693295596754e-01
3.049349389401080e-01 -6.830241349298301e-01
6.471212415208273e-01 -3.321220125425613e-02
7.540803440668331e-01 6.188812185896633e-01
3.599540866434230e-04 7.539621590012197e-02

90
-2.132342735914459e-01 3.244932051447076e-02
2.791696582637934e-01 2.965535821961578e-01
6.874901394315941e-02 -2.655829777530481e-01
5.633334739397731e-01 -2.741004114399402e-02
7.070998930297919e-01 6.836036194252664e-01
-7.614385484657198e-03 -7.265315195592856e-03

91
3.343839994314671e-01 -5.952790529991953e-01
4.637668916061910e-01 -2.969778089342531e-01
6.739084736884240e-01 -3.203911710088025e-01
3.896507437395422e-01 -3.780320354098335e-01
7.308888675257612e-01 6.195718055600652e-01
1.792503245376953e-02 5.890676285393618e-02

92
-2.724345538945097e-01 -3.678726889289538e-01
4.068292709884153e-01 4.032572941712192e-01
7.652111490695812e-02 3.515624359088730e-01
1.790984416018597e-01 -3.353877947236459e-01
7.088839378961150e-01 7.148962309241834e-01
-3.052678078079188e-02 -3.037993879180240e-02

93
-8.563231178432569e-01 -5.785351238399511e-01
-1.108366489592463e+00 7.672488654973704e-01
-2.033807257459005e-01 -1.144884679803791e+00
-6.712749516945840e-02 -5.422674267967863e-01
7.050591990911007e-01 6.668058481405050e-01
5.527372246306780e-03 4.397580364522832e-03

94
-1.352129454786243e-01 7.600068246073329e-03
4.033039199702783e-01 2.636175026096661e-01
1.697008981617613e-01 3.969890485608087e-02
5.477227517415940e-01 -1.427180610228067e-01
7.041433992838966e-01 6.763644257684435e-01
-3.351183968552440e-04 -3.667743219105444e-03

95
6.990403310507329e-01 1.438473432897984e+00
1.678904897127615e-01 -1.130010333622087e+00
2.176243438414663e+00 8.494814291765183e-02
2.177069660431399e+00 -3.559152252564223e-01
6.463534514992849e-01 6.398924122937946e-01
6.970559122119403e-02 -1.504785753478776e-02

96
-1.386638753983517e-02 -2.901044102223140e-01
-1.411655393859868e-01 7.523894614296464e-01
-5.091592146238979e-01 -5.829338208646857e-01
3.714277364553409e-01 -5.431207450828316e-01
7.006615738365793e-01 6.802447497902989e-01
-2.957707479113591e-04 -9.081129450304343e-03

97
-1.529886196658679e-01 -8.480148115933084e-01
1.869236507559544e-01 9.894917672590638e-01
-2.527568152707202e-01 4.980030294828922e-01
-3.891887494060920e-01 -9.667914172747031e-01
7.344712516262623e-01 7.224394750571027e-01
-5.561916638635123e-02 -1.864741029337675e-02

98
-1.204574958984663e-01 -1.692874359825756e-01
-1.621025253334875e-02 6.883474482829701e-01
5.328609546179368e-01 -5.385787275585172e-01
-4.518518471302435e-02 -4.444245985029253e-01
7.132496688830644e-01 6.772599666845019e-01
-8.034667225786433e-03 1.899386164914929e-03

99
2.021173169406614e-01 -8.438186890136143e-02
7.176995740550065e-01 6.275906692168363e-01
6.270018681674004e-02 -7.515570942575447e-01
1.582295863632731e-01 1.023382673991721e-01
7.086903784855982e-01 6.779435332605371e-01
-4.958294926389478e-03 -1.768452863507239e-03

100
-2.371855259042865e-01 -1.242896559297842e-01
1.171450928224105e+00 -4.812796681642213e-01
-1.011401795444234e+00 1.099819310252713e-01
1.359020325298450e+00 8.389413230654140e-01
7.039957163364415e-01 6.743114150738065e-01
1.191924483093104e-03 -2.172338708453293e-03

101
2.712573296955821e-01 9.912665788626153e-02
5.729543284056535e-01 -2.019415669248931e-01
5.523704979257150e-01 -4.028490381056956e-01
8.450610465191706e-01 1.266615354940474e-02
7.044770359813594e-01 6.816435721357167e-01
-4.225908359213690e-03 -7.544773717302710e-03

102
-2.273633753519350e-01 -3.485095195722682e-01
-1.005594577058095e+00 4.430399869407287e-01
-1.544785084878044e+00 -3.110413438653001e-01
1.285037663654151e+00 -1.013615389160703e+00
7.099782011252389e-01 6.778142079316397e-01
-5.871105115539159e-03 -7.820246979046062e-04

103
1.065756022409466e-01 4.816908777355435e-02
1.294966946031903e+00 -5.343989206400559e-01
-1.125466140247312e+00 7.397792259188839e-01
1.740082407688975e+00 4.592813177343354e-01
7.064743050827590e-01 6.722251398629443e-01
6.989339961794207e-04 1.155422996754200e-03

104
-5.403002456440039e-02 -6.198938583003727e-01
-6.088105640366080e-01 -1.765619436316217e+00
1.394099450185448e+00 3.781767414431002e-01
1.486994354907625e+00 -9.386067099589055e-01
7.062483511013279e-01 6.743832114661503e-01
-6.097317587312010e-04 -6.787121366087436e-04

105
2.214876970934834e-01 9.133947317292244e-02
4.266824765152073e-02 7.371056541974453e-01
-1.866832331566328e-01 -5.313371345659798e-01
5.547793003540019e-01 -5.089982025039735e-01
6.972628875929193e-01 6.694695582269828e-01
9.759704258406211e-03 -3.037150889076284e-03

106
-1.026586833288487e-01 5.371873011624197e-02
1.106557870952546e+00 -3.927785673257821e-01
-9.835561007666690e-01 7.022400428136968e-01
1.544588858206898e+00 4.299585446669124e-01
7.068984413448075e-01 6.730264985955990e-01
-1.822062948068602e-04 8.238072864971027e-04

107
1.334170807568447e-01 1.267737665427730e-02
7.650220084289955e-01 -5.728221511462062e-01
6.072039679123741e-01 3.279665667736181e-01
1.036386173103094e+00 1.591949735744391e-03
6.998372212822318e-01 6.721721099750492e-01
5.898240459029934e-03 -3.368645752017846e-03

