0
2.669256260781387e-01 -1.557878445590277e+00
-2.306807043470021e-01 4.917275855080911e-01
2.531950306287271e-01 2.348348254352408e-01
8.318249110311370e-02 6.368885208785714e-01
9.248969665113178e-01 -2.957224022986489e-01
-5.697124209431784e-02 2.009347447787183e-02

1
2.096761709137373e-01 1.001507283765532e-01
8.580335528488092e-02 -3.815325504246691e-01
5.051909380386650e-01 7.824181126852853e-02
1.299548653392722e-01 -1.754184547696561e-01
9.494868465069773e-01 -3.199580909934184e-01
-3.930670104312925e-04 -7.139871602209775e-04

2
6.601746972511489e-01 -9.189969638492038e-01
2.935439381223920e-01 -5.362934254914674e-01
2.280216892582765e-01 -3.575167403084835e-01
-4.391817678499383e-01 7.649974792737657e-01
8.976682473874110e-01 -9.136057959602516e-02
-2.476322588323167e-01 3.254295910994753e-01

3
4.654544559033618e-01 -6.910039420708997e-01
9.043162639286055e-03 5.411599708832793e-02
-2.958856174698311e-01 2.939633635590842e-01
3.357412553509812e-01 -3.379814776433484e-01
1.151826337786379e+00 -5.249368357089272e-01
4.691690054364874e-01 -1.807609942925796e-01

4
8.192873393710473e-01 -4.641192771990925e-01
-6.830570945080337e-02 6.597008258918715e-03
2.784579091104271e-01 3.489047664195726e-01
-3.311102498516439e-01 -4.002380891613603e-01
8.406143651980249e-01 -5.075760776148759e-01
-3.823009738500428e-02 -3.775653507538414e-01

5
-1.607914639510757e-01 -1.070582086259167e-01
1.180864872831577e-01 -2.172402626325446e-01
4.995675852817851e-01 1.117420366665631e-01
4.096941468755858e-01 1.512035463335656e-02
9.499795881793346e-01 -3.199215042458520e-01
3.640946396748811e-04 -3.004982774006516e-04

6
3.866522733491852e-01 -5.958839262020457e-01
5.278733409233983e-02 4.664944356894750e-02
1.463793457730331e-01 -2.530712276467552e-02
2.151898938894166e-01 4.581085973325540e-02
1.053635219239935e+00 -4.478418838586296e-01
2.574360872519800e-01 -1.289711309465019e-01

7
3.042877414308127e-01 -1.685142839574825e+00
1.263798073970291e-01 3.234722681617561e-01
-9.426064836236173e-01 -7.099763031756783e-01
1.082536276757741e+00 8.821414662436855e-01
1.055842068616791e+00 -1.726066726639195e-01
6.247679247119003e-02 3.102914543089932e-01

8
4.416416251466704e-01 -3.707726645992319e-02
-3.225798581335635e-01 1.206110780534838e-01
3.268053920998302e-01 -1.226240981528975e-01
5.417646774491640e-01 -2.042440380599269e-01
6.694923383531572e-01 -4.570839102981932e-01
-3.467527597533369e-01 -4.206680218043729e-01

9
6.594335738565505e-01 -5.083132979503502e-01
-3.196996440675234e-01 6.125738487331777e-01
-2.992512184932180e-01 6.048625509839268e-01
5.140333534462894e-01 -1.016620024228521e+00
9.107322274004557e-01 -4.985481233387629e-01
6.675940403560740e-02 -3.126482660551009e-01

10
-1.182588710624226e-01 -1.246735846969671e-01
-2.936228933669712e-01 -2.999755749180284e-02
5.128615204354127e-01 7.621865600505082e-02
6.879186700549091e-01 1.010677363011634e-01
9.552268357802933e-01 -3.176518985610519e-01
7.071536071135576e-03 7.092287175267455e-03

11
2.067361540100914e-01 -1.111113456939961e+00
9.717373938417810e-01 1.908799925453748e+00
-7.677336060000556e-01 1.749589716589353e+00
2.737464178205932e-01 -2.687170159767160e+00
9.500352430169693e-01 -3.203836123042014e-01
7.858155561148793e-04 -9.951974661780304e-04

12
5.442512006796733e-01 -4.022771851781214e-01
7.815314158957579e-02 -1.816326828081208e-01
-2.623234452208145e-02 1.468278238374643e-01
1.031587478424322e-01 -2.749254280925835e-01
7.139277814372731e-01 -3.531466963502046e-01
-3.510405596326422e-01 -2.233481760413019e-01

13
6.057559232413600e-01 -6.768190778894206e-01
1.327561592942763e-01 -6.363190225014100e-02
1.228247800637148e-01 1.643275854992511e-01
-1.684741549673056e-01 -9.456976118050785e-02
7.103813596319157e-01 -3.489315301219268e-01
-3.597194814178621e-01 -2.192026168940511e-01

14
3.100086546655000e-01 -2.886048600881117e-01
2.519132325646655e-01 -1.579815026561175e-01
3.630890603050037e-02 -3.922455020984662e-02
2.973307089754151e-01 -1.923814139401093e-01
6.779028839941331e-01 -6.403075983066676e-01
-2.012583072361590e-01 -7.059604164258577e-01

15
1.985862223422858e-01 -5.283847148854554e-02
-6.967657514266742e-01 1.099531026073280e+00
1.184794611454353e+00 1.108694044659633e+00
1.319554877516264e-01 -1.089118678486724e+00
9.498941226551081e-01 -3.197059669677431e-01
7.276862435957629e-05 -1.938507717247789e-05

16
7.035535169720515e-01 -4.968923245278390e-01
5.605722311450305e-02 1.219379102758733e-01
4.707456606089611e-02 -8.170928559590045e-02
1.062533842453538e-01 -2.133782455822053e-01
8.919065127486716e-01 -3.823285701877795e-01
-4.698113763175102e-02 -1.414141972962153e-01

17
3.187933116846768e-01 -4.138144261140773e-01
-1.959369407834049e-02 -8.881591613704642e-03
2.443362987807774e-01 -4.572284767673311e-03
2.817250709303841e-01 2.250944062790158e-03
8.220516352489916e-01 -5.651617755211850e-01
-2.622372121219383e-02 -4.825218455532140e-01

18
4.143270150874635e-01 -7.836700197698291e-01
3.865419428496130e-02 -5.026270980877614e-01
1.596610280950392e-01 -7.366872816169151e-02
-8.184616640676279e-02 5.727254728615684e-01
1.151187831380052e+00 -4.730188026008648e-03
9.303935998823634e-02 6.459964969026529e-01

19
1.064620982912505e+00 1.451251923948610e+00
-3.143438419841041e-01 -1.260470064903476e+00
1.584655341551283e-01 1.087326587562235e+00
-3.923042979210587e-01 -1.968190738227489e+00
9.982386736663331e-01 -3.538757352830177e-01
1.015882870528877e-01 -1.949455220515049e-02

20
3.170301630950494e+00 -1.955894145969471e+00
-2.565565093387604e+00 3.290201198861567e+00
3.242713290120958e+00 1.767271494616927e+00
-3.163784561449051e+00 -7.100281168304582e-01
9.497885620809221e-01 -3.202091352792125e-01
2.677373683718196e-04 -8.956274762337178e-04

21
-4.696235700603017e-01 -4.123836412393977e-01
5.509619143000015e-01 -3.196547153575990e+00
-2.719399596801701e+00 -8.702840882354226e-01
2.070909685347832e+00 1.287110133311008e+00
9.498789577727436e-01 -3.197003718106564e-01
4.461926130815347e-05 -2.142301776262345e-05

22
-1.044859949429458e+00 1.376329570793010e-01
2.375047699020152e-01 -1.537134325697862e+00
9.261155907228972e-01 3.251948187758903e-01
2.603598192494512e-01 9.061973437197057e-01
9.500278202774846e-01 -3.211937465776283e-01
1.358189511268882e-03 -2.288802534922905e-03

23
1.004186188036304e+00 2.724690640180951e-01
-1.617496183024373e-02 5.370847677230467e-01
3.404594653762024e-01 -4.619752171632932e-01
2.978939634954570e-01 -7.957551252593730e-01
1.007223369920970e+00 -3.054899354347810e-01
8.098512032344761e-02 6.392592801354530e-02

24
9.853732274557490e-02 -4.826225877161345e-01
1.821398904198705e-01 1.190825796354922e+00
1.634580234384150e+00 -2.688094594603861e-01
-1.540965773920169e-01 2.011153719552106e-01
9.500215537513178e-01 -3.197402162404072e-01
3.001026615131481e-04 1.804161881652549e-05

25
1.485733293992788e-01 1.014712217112977e-01
3.420395227401911e-01 -2.252585477228150e-01
1.804400790990609e-01 -1.528540790447813e-01
4.532478411876678e-01 -3.143102552170068e-01
9.603016796552721e-01 -3.130575421388252e-01
1.182847816817054e-02 1.805750744706069e-02

26
7.156395745795915e-01 -1.005457552750360e-01
-1.332782524381548e+00 1.309457631971023e+00
4.513496697921190e-01 8.034703384276248e-01
8.250408941959839e-01 -1.218030024170174e+00
9.500177254673150e-01 -3.197616025435820e-01
3.094364201302250e-04 -1.872680237382839e-05

27
6.092380582278565e-01 -3.544323185938181e-01
-3.835188049371268e-01 1.635766468074428e-01
9.555942203835951e-02 -1.626023747794676e-02
4.533457197208871e-01 -1.800205573751353e-01
1.079898852449206e+00 -3.719485273410840e-01
2.444740530894043e-01 1.065070730832270e-02

28
1.264275824550752e+00 1.181185177373447e+00
-3.996235710911815e-01 -7.302353739767391e-01
5.441644065451108e-01 -5.537559142358494e-01
3.271755561892688e-02 -6.358610846576980e-01
9.775297245569151e-01 -2.670318170381584e-01
6.035470987614480e-03 1.036692359896625e-01

29
8.689071764293328e-01 -9.512254451258672e-01
8.285276194962811e-01 3.943208107500756e-01
3.099604656508945e-01 4.639189421129460e-01
-1.017568641026740e+00 -6.511659633072473e-01
9.441049590245055e-01 -2.944784434273261e-01
-2.732423793719966e-02 3.592221862014047e-02

30
-9.576517516352655e-03 -6.383795593900127e-01
-1.099455287155024e+00 -1.561393347466435e+00
-4.116986897753488e-01 -5.138238348145486e-01
1.241818813123333e+00 1.770626153151428e+00
9.495598113720229e-01 -3.198385038274327e-01
-3.632731085176029e-04 -4.712090044350293e-04

31
2.377309009723376e-01 -6.368740870967225e-02
2.063559599942024e-01 -3.381123879773860e-01
3.649791941112778e-01 5.163924732729043e-01
-1.033223914221194e-01 -5.203009034700211e-01
9.502602129746570e-01 -3.195500047664379e-01
5.424527709403308e-04 4.926046200298473e-04

32
-2.156907705228305e-01 -1.336214449253447e-01
3.938764539516849e-01 -3.755302240819424e-01
-5.990534918940319e-01 6.190586205529149e-01
8.459234992565445e-01 -8.504639906452081e-01
9.505716135203447e-01 -3.144442739703844e-01
-2.644043569550777e-03 8.836140363306219e-03

33
3.686962271723585e-01 -3.809225620983747e-01
-2.702659260905317e-01 7.403088174364250e-01
-5.789044495752314e-01 1.125326382790108e+00
8.227726158809706e-01 -1.640693731738634e+00
9.506199763275570e-01 -3.192855355178770e-01
9.238329203321817e-04 1.172576863208491e-03

34
4.269548067411892e-01 -2.018146494401694e-01
1.672110242685989e-01 -2.279814542315784e-01
7.178946611917826e-02 2.091510130213382e-03
2.043001887544209e-01 -2.560604652885548e-01
8.787490732449172e-01 -7.729920949705528e-02
-2.878564676845882e-01 3.341472117578101e-01

35
8.334284032015518e-01 -4.148382483113677e-01
1.355192246418227e-01 2.877296178401382e-01
5.451016672525835e-01 5.843357009959994e-01
-6.466485598787072e-01 -7.575842887790302e-01
9.436420385985087e-01 -3.388616707157591e-01
3.943812388434179e-03 -3.498854108388461e-02

36
1.443456144323091e-01 -2.462258108739051e-02
-6.604111302495348e-02 -2.877042841769405e-01
3.720593044258495e-01 -3.207862057641064e-02
4.185761578761974e-01 -9.361502387695682e-03
9.492647122117575e-01 -3.190454368008558e-01
-1.404401867501569e-03 5.771115668822924e-04

37
1.110871154191416e+00 6.340419146097340e-01
-3.820717152148360e-01 -7.305867156066990e-01
2.473708021824765e-01 9.538724340798906e-01
-5.135580168714049e-01 -1.407882830076276e+00
9.864042844936933e-01 -2.783238280007178e-01
2.829006900486446e-02 9.211233009157867e-02

38
7.419828383090505e-01 -3.424656383856349e-01
-9.549869202760208e-01 1.191954822037632e+00
-7.137348587476076e-01 7.378329194724771e-01
1.373125446529566e+00 -1.575376487534435e+00
9.502284826285090e-01 -3.221830754547757e-01
2.390669416558493e-03 -3.717310320887734e-03

39
3.651242945072625e-01 -7.589840077943353e-01
8.357777507464227e-02 1.460591404384878e-01
1.111791501269096e-01 5.050937619750728e-02
1.840469256909637e-01 5.214508475486906e-02
1.081342382936796e+00 -2.369686466389700e-01
1.494372617633171e-01 2.263328102600130e-01

40
-1.197290592070671e-01 -1.418232534157049e-01
3.619180982159486e-01 -1.070358825509921e-01
2.550469495868541e-01 -3.566237840304973e-02
5.173368121854504e-01 -1.289099860383135e-01
9.563564285234839e-01 -3.142559778660641e-01
6.419027873134119e-03 1.330691906655095e-02

41
2.274618213772396e-01 1.182927319625932e-01
2.685115812668134e-01 -4.785516453498854e-01
-1.031422698271687e-01 3.421628426256949e-01
3.284125036888768e-01 -6.958600646494035e-01
9.443144998288200e-01 -3.211591860754797e-01
-7.751892338691451e-03 -6.353647158560204e-03

42
-4.872799047508766e-02 -2.058123008779481e-01
2.328837688074251e-01 4.332215228315763e-01
7.245131769341936e-01 -2.530217574062935e-01
4.541712974598446e-01 1.523741751212506e-02
9.498258562962660e-01 -3.196271676686276e-01
-9.260776947789698e-05 5.669334966149085e-05

43
4.491939592161498e-01 -9.540148202146796e-02
-5.853836609334856e-01 7.417350595228221e-01
2.590442386880558e-01 6.373003789301946e-01
6.209768690068511e-01 -1.038715897007836e+00
9.497615656305597e-01 -3.195763657239817e-01
-2.314735968931966e-04 9.111799572412264e-05

44
-1.077684504451217e-01 -2.544904398486197e-01
6.751839320117715e-01 -6.987617163536160e-02
-1.420219870069823e-01 -4.678365821947191e-01
7.980322177353656e-01 -2.541570212396917e-02
9.502058887425308e-01 -3.200721625882416e-01
8.325891893557754e-04 -3.768884956538315e-04

45
3.009614169033031e-01 -3.769796854013572e-01
4.528048144830444e-02 -8.667043807153219e-01
8.182864077509439e-01 -3.666117195623679e-01
-3.491701416908162e-01 9.984953946414046e-01
9.501078771586632e-01 -3.191919093319743e-01
4.199465779568268e-05 9.521904660066558e-04

46
-1.910968386504641e-01 -9.581489889946421e-02
9.883508044656628e-02 -2.653766785594512e-01
4.221871371290903e-01 6.712219749757845e-02
5.134583384345544e-01 5.269512452642303e-02
9.495646934154653e-01 -3.193293306429829e-01
-7.226680434413531e-04 3.419841826979552e-04

47
5.282520872106654e-01 -6.132852051696699e-01
-6.477176712422452e-01 2.373323439401857e-01
-6.473761383527989e-01 2.085828921123075e-01
1.082763923261321e+00 -3.712041427570084e-01
1.164944402838650e+00 -1.262917964820824e-01
2.025711806517242e-01 4.626123489268424e-01

48
1.183945043169161e-01 -8.106127592509836e-01
2.355274909457606e-01 6.771049440679475e-02
7.575319787369120e-02 1.318421276345613e-01
2.507908446252399e-01 1.013364378224645e-01
1.128799497373123e+00 -1.526992936354770e-01
1.641366793749152e-01 3.945562676460714e-01

49
-2.346258175464061e-01 5.038177430413929e-02
5.516324810108942e-01 -4.659329841067556e-01
1.503289292264918e-01 3.164312433486462e-01
3.612777982613984e-01 -4.383752686325217e-01
9.500618617310116e-01 -3.197623886841065e-01
3.801875351578198e-04 1.184919022157017e-05

50
3.489118248387073e-01 9.234078371011985e-02
6.608018506668538e-02 -4.555246688476511e-01
-1.997430471143598e-01 7.281074086643448e-01
2.391952704438629e-01 -9.980776884254362e-01
9.530617667656504e-01 -3.202228343355766e-01
5.482573169231968e-03 1.442854393282216e-03

51
-8.765145289329686e-02 -5.528685913320642e-01
-9.241184025684235e-01 -1.027774832341906e+00
-1.866741740357592e-01 -4.342323070327139e-01
1.242189837570842e+00 1.382804288809823e+00
9.500462336745071e-01 -3.194013109722538e-01
9.496775595013006e-05 5.747555732644553e-04

52
1.961512250349879e-01 1.642153588730246e-01
3.800371914706990e-01 2.282494523386599e-01
4.090583884899925e-01 -3.819607471916077e-01
5.205756859466367e-01 -3.882307723979569e-01
9.497097984658510e-01 -3.199863228350730e-01
-1.817748888450351e-05 -5.981128522468543e-04

53
1.207566633333798e-01 -3.507719231672559e-01
-3.054879467908695e-01 4.682758156940878e-01
-5.028737126182415e-01 1.741944633399803e+00
6.259088247760355e-01 -1.840152559307852e+00
9.497415081336599e-01 -3.198227668433802e-01
-8.569178939574074e-05 -3.151653035349143e-04

54
1.676264209176213e+00 3.123012382837249e-01
-6.119965364898284e-01 -4.537044682152397e-01
8.139205366509636e-01 6.340449889615877e-01
-1.187961802703064e+00 -9.131330007066037e-01
8.791924127791146e-01 -3.312639556652867e-01
-1.040207756460843e-01 -6.938066404761307e-02

55
-1.918052418154246e-01 8.970542185245542e-02
3.708052031057859e-01 -3.949755285593845e-01
2.889096696175993e-01 4.233943307641371e-01
3.173625939509315e-01 -4.798967103041596e-01
9.498762118361675e-01 -3.196171716288478e-01
-1.974182847342010e-05 1.088995006028199e-04

56
1.091773060990755e+00 -7.954100048239515e-01
9.040983049947737e-01 1.897471315911066e+00
1.370028836300124e+00 -3.944901632892993e-01
-1.032788293198398e+00 -6.414843989485437e-01
9.497790123408860e-01 -3.198968992229745e-01
2.740224475916605e-05 -4.060047179844492e-04

57
-9.753919990120912e-01 -2.148164244587704e+00
5.978289744307965e-01 1.407920725084722e+00
6.563509065312285e-01 -1.079750247222171e-01
6.627042274410385e-01 1.228174014573963e+00
9.371967895278552e-01 -3.330723133367673e-01
-1.047987154705860e-02 -3.043005464455262e-02

58
1.904146129994600e+00 -1.589683186392111e+00
-1.444428600655068e+00 1.056259967822426e+00
1.948286700007138e+00 1.074004242952743e+00
-2.131321557163167e+00 2.870550446594121e-01
9.507051677183569e-01 -3.179343025486670e-01
8.494517944282028e-05 3.382699758751872e-03

59
8.953045715910759e-01 -2.216934110156669e-01
2.933789555680146e-01 1.434533496679462e-01
1.635519852873917e-01 -3.932506815774864e-01
-3.387687824539847e-02 -3.431521328062684e-01
9.380588906093408e-01 -2.927245473345307e-01
-3.820323694011768e-02 3.435147259269731e-02

60
1.659248280824599e-01 2.397057683590517e-01
3.365705422994170e-01 3.573364597175105e-01
6.928892877166541e-01 -5.257256787842152e-01
4.985699116678021e-01 -2.605557781866958e-01
9.500168630599116e-01 -3.193783847944937e-01
3.173166327197266e-05 5.900333615028668e-04

61
9.963012999352177e-01 -3.470106994973247e-01
7.647413573012760e-01 5.993342196085683e-01
2.958344739349426e-01 -6.048286107404538e-01
-2.750103744818407e-01 -5.038642990700621e-01
9.528747192720467e-01 -3.211596431718351e-01
5.860656311652853e-03 -1.817100810829585e-04

62
-1.874033536532421e-01 1.176873385011344e-01
1.874989709094146e+00 4.189788923531430e-01
3.513534621428822e-01 -1.322849392078657e+00
5.085098697704447e-01 -1.972666823774001e-01
9.498732393529344e-01 -3.195157266014658e-01
-9.761928939884599e-05 2.680710969185281e-04

63
1.922113626191088e-01 1.826005749688758e-01
1.648088510696239e-01 -5.719875024994079e-01
3.829557617098359e-01 8.473742262199314e-02
1.477333924550664e-01 -2.210589194629326e-01
9.504624291374312e-01 -3.191778442945488e-01
5.956510774242922e-04 1.230219154405433e-03

64
6.422060124469120e-01 -3.668217341904235e-01
5.896994966017149e-02 -2.410405645862889e-01
3.273085953391786e-01 1.073788640181887e-01
-2.384017766835676e-01 -1.107772776200563e-01
1.001252539656853e+00 -2.065229563399553e-01
1.266613728077873e-04 2.169949325640529e-01

65
1.097285679901659e+00 -2.316919844272328e+00
5.847994568225150e-01 3.540641947050136e-01
-6.675755232372925e-01 3.890693631717196e-01
-8.362433294024904e-01 1.950421095289818e-01
1.014751919185674e+00 -4.305077852727386e-01
1.831055672257592e-01 -1.294451838870812e-01

66
-3.124068097739700e-01 5.971166472147186e-01
4.738611662894525e-01 -2.547497174113867e-01
4.642901548845403e-01 -2.361227832104476e-01
7.825378092059868e-01 -4.097644122365937e-01
1.122819437988529e+00 -1.740290740066240e-01
1.700079877241349e-01 3.563261099192175e-01

67
8.774287137367192e-01 -4.878341051863258e-01
1.946287760977852e-01 -1.669994338238728e-01
-3.762527949892861e-02 -1.507322204554188e-01
-1.424500586000365e-01 -1.599190066352004e-01
9.095339607068987e-01 -2.911594767217101e-01
-8.469132659968721e-02 1.627124425253567e-02

68
5.858419068000764e-01 -1.783812077748544e+00
-4.471535792700864e-01 8.090260757677749e-02
-5.774432088651651e-02 7.982536486083976e-01
-3.371512230318348e-01 4.581599046795966e-01
9.329421647890400e-01 -3.436573597350189e-01
-9.612715003781419e-03 -5.033005136710061e-02

69
-1.840438771402923e-01 -1.317322550227188e+00
-2.051181475091391e+00 -2.865794584827058e+00
-1.415311690868992e+00 -2.010371680700877e+00
2.629541222764524e+00 4.290903300409266e+00
9.496441417446643e-01 -3.201537200063539e-01
-1.875008194128982e-06 -9.116473189582021e-04

70
1.314484500481633e+00 -1.249416833018756e+00
-6.946225034000607e-01 -1.514780894940682e-01
-1.866657395543977e-01 3.201189840433761e-01
-3.965482372984723e-01 2.484625988404343e-01
9.583349717402392e-01 -2.880890229975642e-01
-9.303402603451293e-03 5.634357323124436e-02

71
6.128878866129954e-01 9.303814174095089e-01
1.278005014547874e+00 8.273309028044146e-01
1.161092742180735e+00 -1.847270362865752e+00
2.476161859786367e-01 -4.554632123243991e-01
9.505619036166040e-01 -3.194362501711259e-01
9.401657309765840e-04 8.910391972751900e-04

72
4.525203977493285e-01 5.369841546398930e-02
-1.418242824134714e-01 -6.881965607975091e-01
-7.470129678578417e-01 1.026384845297466e+00
4.525182415261096e-01 -1.266160556962780e+00
9.500440531403143e-01 -3.199342253151636e-01
4.757779979893853e-04 -2.742421096088068e-04

73
-1.229651695677798e-01 -1.419259527383321e-01
2.518195970355226e-01 -7.303865397244456e-03
3.794644550136044e-01 -6.217205173916127e-02
5.399151059134550e-01 -6.525246319708003e-02
9.427631052028204e-01 -3.225910084045718e-01
-9.186407598050193e-03 -9.749181237084110e-03

74
3.562650044223231e-01 -1.249589350476078e-02
-1.903621213207000e-01 -1.089511815753084e-01
-3.911635451685497e-01 9.799294079236333e-01
5.144718772438321e-01 -1.293559876754384e+00
9.497437805679768e-01 -3.196103850578760e-01
-2.352239974802978e-04 2.419683290081941e-05

75
-3.081610919227808e+00 -5.201261875501640e-01
2.107639114961867e+00 -3.066924275221128e-01
-2.059925152020817e+00 3.855947345329913e-01
3.476780303639738e+00 -5.834226695275377e-01
6.726747074381905e-01 -2.937278912641245e-01
-4.594861667969298e-01 -1.586091314889521e-01

76
1.162522763995987e+00 -1.936713597243278e+00
-6.661822267669494e+00 -7.915700662184268e+00
-5.531587945990529e+00 4.530426364653301e+00
2.131452395877394e+00 2.152133658422435e+00
9.498587349802220e-01 -3.197234009746158e-01
2.906758153582153e-05 -7.262573858910726e-05

77
-5.192461519159446e-01 -2.731158861979085e-01
8.011939906679300e-01 -1.115375047300914e-01
3.886097541813420e-01 1.745186686602595e+00
-3.568717843966054e-01 -1.351858293616461e+00
9.501452671659516e-01 -3.192976809220444e-01
1.777217214286056e-04 8.109569250891869e-04

78
1.195815425503338e-01 1.146053813596767e-01
-3.258752743369706e-01 3.222315796088796e-02
5.030218244608244e-01 -9.168781704124802e-02
7.008105631737367e-01 -1.011578110299909e-01
9.594073066196875e-01 -3.145771495233160e-01
1.150204074655526e-02 1.499614985717852e-02

79
-4.276288471483523e-01 -2.210582497487990e-01
4.007849888344353e-01 1.450192795509148e-02
3.907382436618923e-01 -4.759446661625997e-04
6.609982425083316e-01 9.772498891029189e-03
8.272966724197712e-01 -3.680072692916663e-01
-1.600487853691836e-01 -1.652301926773004e-01

80
-2.403453709142331e-01 -1.710415511438846e-01
5.554064334043929e-01 -3.520648218415617e-01
-4.218131609622042e-01 1.902791455576800e-01
8.242500864521259e-01 -4.718071840148885e-01
9.483949313580762e-01 -3.274351010178123e-01
3.262175962444756e-03 -1.339108314246953e-02

81
3.200513972795164e-01 -2.669164963944692e-01
-2.672278882385183e-01 3.503313617459014e-02
2.912530002075526e-01 -6.377598038957464e-03
4.661844655904415e-01 -3.214460995775061e-02
1.565485872403203e+00 -3.229012097193239e-02
7.717175091550099e-01 9.009164493958695e-01

82
8.344265264225662e-01 -1.848949018250483e-01
8.531015222850769e-02 7.390620909123464e-01
7.098683941523999e-01 2.032386682192211e-01
-3.024705202264626e-01 -8.347415670124452e-01
9.506884789286256e-01 -3.196840095909758e-01
1.320098340283708e-03 5.883309961242302e-04

83
9.381656994247088e-01 -5.332924989275358e-01
6.176738278039109e-02 2.996148870780636e-01
2.895199160365457e-02 -1.411629665453735e-01
-6.176708908695077e-03 -3.428448049783067e-01
8.651894294366750e-01 -3.864681764913793e-01
-8.648087171578635e-02 -1.672622267712016e-01

84
1.308692676523143e-01 -3.886928497269589e-02
-1.183670372395723e-01 -2.371186253618718e-01
4.874264079297093e-01 -5.296431882397280e-02
3.955097782891852e-01 6.824491098686329e-02
9.506522862112501e-01 -3.197953191368207e-01
1.342809583178522e-03 3.852315998211617e-04

85
3.547170982431531e-01 -1.939565350385568e-01
1.877684970404827e-01 -1.195591677358370e-01
1.514222653542424e-01 -1.039953657857837e-01
2.883272852538398e-01 -1.877271836493851e-01
7.912936493191770e-01 -2.069321576434826e-01
-3.334489627488218e-01 6.494558178425977e-02

86
5.187963229810025e-01 -2.888310350136017e-01
-7.336866457289536e-01 6.224390339678972e-01
-6.513670145889510e-01 9.948215433610605e-01
1.068590978161555e+00 -1.458769762378864e+00
9.490089531994789e-01 -3.191967423081188e-01
-1.701998169329963e-03 1.520852969625917e-04

87
1.855927773682843e-01 -5.519513215116820e-01
-2.985752507956043e-02 1.098882399576778e-01
3.010130848442474e-01 7.421765877729890e-02
3.177940472008706e-01 7.511802184534976e-02
8.472661426456108e-01 -1.835026830015889e-01
-2.613377779294231e-01 1.425635139484344e-01

88
-9.400160745393257e-02 -2.433079252087919e-01
-5.861895649751105e-01 -3.059619381669196e-01
3.318341389735106e-01 1.080756837258599e-01
8.084313273195464e-01 3.676189998784641e-01
9.465945843746442e-01 -3.206802697897580e-01
-4.471506692483342e-03 -3.947948429002310e-03

89
-6.964044068764218e-02 -8.786037283329509e-01
4.657626337416381e-01 5.157367187621035e-03
-5.194953280904314e-01 -1.466467067425363e-01
8.186020729543202e-01 1.265713135223174e-01
1.190541903030061e+00 -4.207202020806404e-01
4.555841315298749e-01 1.287864654143784e-02

90
7.290682509779071e-02 6.786661113135919e-01
-5.109570026195952e-02 7.711833905710368e-01
-3.545419353004740e-01 2.761025645690065e+00
4.665821270844994e-01 -3.731892612096550e+00
9.499039776722678e-01 -3.197857449064793e-01
1.459666377978095e-04 -1.391393749119377e-04

91
-9.304339955897456e-02 -2.270528372753780e-01
7.034538622510554e-01 -7.459102291333576e-03
8.770408308587382e-02 -3.211593699156691e-01
5.587456013987712e-01 -1.129685795207974e-01
9.498411353961438e-01 -3.192582128569934e-01
-3.343599372063957e-04 6.544124263855397e-04

92
1.912625816788530e+00 3.931716091729475e-01
3.394951774594550e+00 6.532912233161238e-01
5.909395159226102e+00 1.884905637194453e+00
-7.813532136230848e+00 -1.978844868947391e+00
9.499332979339929e-01 -3.190455959527347e-01
-3.411209840818941e-04 1.058967037412812e-03

93
6.730467517677557e-01 3.137557982804829e-01
-1.845573480353345e-01 9.186289552206998e-02
3.612200096234638e-01 -3.659508967536691e-01
4.678510695373597e-01 -4.375314832443697e-01
9.257088816422513e-01 -2.237517005949526e-01
-1.075773032297592e-01 1.351247119509245e-01

94
1.816598328460242e-01 -2.688255733222640e-02
3.520320214084681e-01 -4.297232984894085e-01
1.879031608778875e-01 3.674092724714468e-01
4.383849863065686e-02 -4.992411477539558e-01
9.497420906689595e-01 -3.199117944860919e-01
-2.056877221663892e-05 -4.563144863266409e-04

95
3.753665226219943e-01 -1.256467068387021e+00
4.327501091071509e-01 -8.834052949975869e-01
4.081895047442214e-02 -1.084875328253484e-01
-5.094407254668563e-01 1.044642181505216e+00
7.634773044227461e-01 -4.280748793837029e-01
-2.182185611562295e-01 -3.067673326440744e-01

96
-1.177241267703921e-01 -4.791509299488142e-03
-1.059649901144412e+00 1.117340502921128e+00
1.107421599313203e+00 1.435050723730133e+00
5.617752963386698e-01 -1.161605584936304e+00
9.498810080936024e-01 -3.197127150734498e-01
5.678019134839635e-05 -3.957246547977212e-05

97
4.319270104545307e-02 -1.130347549381737e-01
3.345398944544801e-01 -4.371746216805971e-01
2.838126955460622e-01 2.226303403377390e-01
1.302701541618374e-01 -2.011793967814566e-01
9.500132964333122e-01 -3.194916371084532e-01
1.077248987493891e-04 4.073708839076597e-04

98
1.413531074458926e-01 9.515642183440812e-02
1.901070358113854e-01 -9.914038151705236e-02
3.483333196611933e-01 -1.663237800537375e-01
4.722580010824735e-01 -2.328717788100275e-01
9.392454793106987e-01 -3.228001325729362e-01
-1.462924013928622e-02 -1.261823928470854e-02

99
-2.633631341498553e-03 -4.427249683859850e-01
-8.660748024684016e-01 -9.671815921114695e-01
2.943994310123653e-02 -5.452603444286825e-02
8.600671725503375e-01 9.965126823207747e-01
9.499061019279267e-01 -3.199891240903039e-01
2.959986779609513e-04 -4.610154320845221e-04

100
-1.437569119575467e+00 -1.010070441928640e+00
3.319999865315185e-01 1.332147252178548e-01
6.669836883555241e-01 5.958800192182616e-01
8.400251975149178e-01 7.224276063514604e-01
9.768616062046205e-01 -4.195484416829111e-01
1.149508208680026e-01 -1.393401618862494e-01

101
5.678911589269954e-01 2.261080061969716e-01
4.028282038092986e-01 4.734973221055728e-01
1.478640707967959e+00 1.952722132955870e+00
-1.591474852994500e+00 -2.072197901774397e+00
9.499161621879407e-01 -3.195338190438842e-01
-1.631838308464509e-05 2.702521095307337e-04

102
1.754669516528775e-01 -9.397559331198696e-01
-1.082012306334625e-01 -2.264965549534960e-01
8.784123057328817e-02 2.513961160121334e-01
1.710652346039977e-01 4.148813255307875e-01
7.899003798939018e-01 -2.123109152153034e-01
-3.317859476367234e-01 5.538776486915932e-02

103
-8.866507302384426e-02 -1.658443278704750e-01
4.930993793908608e-01 5.670978427034150e-01
5.704291913450459e-01 -3.532601531228395e-01
5.706167330207864e-01 -1.785888773252185e-01
9.499326964797981e-01 -3.196639679441599e-01
1.038226755385854e-04 7.521567117059664e-05

104
2.710851467667812e-01 1.616361892546311e-01
-5.664877418637626e-01 1.905073100144410e-01
4.301866869661420e-01 -7.552524207083598e-02
8.399074909391423e-01 -2.455229918869158e-01
9.388099431900878e-01 -3.260178602281931e-01
-1.300155541919514e-02 -1.804903835261704e-02

105
1.862588059226985e+00 -6.445615302280423e-01
2.504623763281632e-01 -4.842230880008607e-01
-8.608379956212298e-01 -5.588449776323851e-01
-4.047364059220934e-01 -3.034913803989999e-01
9.689966204688679e-01 -3.080680099439250e-01
2.205703995418428e-02 3.226153032102611e-02

106
7.852566744644851e-02 -1.286902628129829e-01
2.191294081471102e-01 -3.240437619812380e-01
3.826093803015334e-01 2.949991373601018e-01
9.617701007248519e-02 -2.333839348316272e-01
9.498961936872781e-01 -3.198526134249796e-01
1.818067919121181e-04 -2.510847345819677e-04

107
-2.576706789399966e-01 1.363373174177675e-01
-3.336135822911806e-01 -5.426089375427439e-01
7.408997524357284e-01 -7.458099454024676e-02
6.245626744134032e-01 4.649723497514811e-01
9.501658404326966e-01 -3.185685718460087e-01
-3.153144111122973e-04 1.985200690499558e-03

