52

0
-3.089721364325031e-01 -8.301581338062586e-02
-1.053443699030820e-01 1.760272077712190e-01
-3.710363159456392e-01 1.299921936436283e-01
1.000000000000000e+00 0.000000000000000e+00
-6.488335749685277e-02 6.447050412525211e-04

2
5.412447747843282e-01 -8.809282989732412e-02
4.019653043663278e-01 -5.656230172091511e-02
-8.001643706729840e-01 1.252822360619041e-01
1.000000000000000e+00 0.000000000000000e+00
-3.266647626234251e-01 2.205073853256276e-01

3
-4.747070030657090e-02 4.462244075590817e-02
-4.813742194751394e-01 -1.044632397720935e-01
5.512597908415419e-01 1.143291196406346e-01
1.000000000000000e+00 0.000000000000000e+00
4.321466087620945e-01 3.868730954647426e-02

4
-6.846606128014794e-02 -2.703063776914602e-02
7.565511019698612e-02 4.718053153549985e-01
-9.787135682063322e-02 -5.464469971104838e-01
1.000000000000000e+00 0.000000000000000e+00
1.628374881025914e-01 -3.502533227630821e-01

6
-6.066458606154394e-03 9.033451425989338e-02
1.635324130272787e-01 1.463087029541223e-01
1.255298250766576e-01 2.700274739751346e-01
1.000000000000000e+00 0.000000000000000e+00
2.482181500893593e-01 -5.711493770628337e-03

7
-1.793330309631277e-01 9.510058319975753e-02
2.308183281732694e-01 -6.228363173430508e-01
-3.046509586427099e-01 7.142971712918296e-01
1.000000000000000e+00 0.000000000000000e+00
-1.265614449773492e-01 3.011728350641245e-01

8
-7.422694954253203e-01 2.001572876580771e-01
7.599461427397155e-01 -2.189630697318811e-01
1.254307447981356e+00 -3.515977398577209e-01
1.000000000000000e+00 0.000000000000000e+00
-1.213938076042445e-02 -5.112896622780986e-01

9
-7.447296048506657e-01 3.530045755229537e-01
-7.260618059725239e-01 3.596097487937678e-01
1.226742710740646e+00 -5.972402500146508e-01
1.000000000000000e+00 0.000000000000000e+00
2.733746393565027e-01 -2.892210390408652e-01

12
2.558783014795394e-01 -1.455550836853863e-01
-1.388306305143422e-01 1.448427247883267e-01
3.524329012272497e-01 -2.246089267882422e-01
1.000000000000000e+00 0.000000000000000e+00
-2.276695883009669e-01 -4.801722876866872e-01

13
1.494325897191559e-01 5.453421232801277e-02
-3.754917291638397e-02 2.223685535818412e-01
-4.742760520212369e-02 -2.103320382175038e-01
1.000000000000000e+00 0.000000000000000e+00
-2.608150574281254e-01 -4.739758167162186e-01

14
7.528903099195048e-01 1.504610561619422e-01
1.130096829905252e-01 1.525246938361181e-03
8.942820044953945e-01 1.690344196170838e-01
1.000000000000000e+00 0.000000000000000e+00
2.631236120522799e-01 -3.629271498067190e-01

16
-1.677891833248864e-02 1.622212032593807e-01
1.082118191178832e-01 -7.473757141981846e-02
2.418677783060051e-01 -1.431612181235424e-01
1.000000000000000e+00 0.000000000000000e+00
3.759330553270011e-02 -1.417200933605024e-01

17
-2.279222999195120e-03 -4.862951775985244e-02
2.740124071359762e-01 3.608394224022487e-01
3.039813769268225e-01 4.264556278229277e-01
1.000000000000000e+00 0.000000000000000e+00
2.740106429404365e-01 -3.960466015505079e-01

18
4.806783995776279e-01 -2.546708917584501e-01
1.500310753066148e-01 1.334936144853087e-01
-5.567018375861562e-01 2.521518235177024e-01
1.000000000000000e+00 0.000000000000000e+00
-5.147480254239020e-02 5.685564574859990e-01

19
-6.249313804024330e-01 -2.834147500144495e-01
5.027753779266212e-01 3.072234258466967e-01
-9.452128041510185e-01 -4.946840067965655e-01
1.000000000000000e+00 0.000000000000000e+00
1.105147134427118e-01 3.082692242380610e-02

20
-7.718336344462191e-01 8.445036662317740e-01
6.696180426488656e-01 7.924668470220917e-01
-4.580847155520374e-01 -7.859648434600313e-01
1.000000000000000e+00 0.000000000000000e+00
-2.151119753771599e-05 -2.309413959436116e-04

22
-2.537936336860544e+00 2.472036431711266e+00
-1.790016140001922e+00 -1.861818285299377e+00
-2.957705368310312e-01 -4.848448031265386e-01
1.000000000000000e+00 0.000000000000000e+00
5.395047423559327e-07 -2.658098229087426e-04

23
6.446615563128834e-02 5.160056306820585e-01
2.076489182806258e-01 -5.007071253584194e-01
1.267178703013004e-01 -8.285299612546677e-01
1.000000000000000e+00 0.000000000000000e+00
7.127390001493496e-02 7.335928545893786e-02

27
-5.839540165195702e-01 -7.444922545829097e-02
1.636322278029552e-01 2.948939871530622e-02
6.946111595082010e-01 9.630950045151782e-02
1.000000000000000e+00 0.000000000000000e+00
2.029156381601140e-01 1.151678354340163e-01

28
-4.511346585230246e-01 -1.621281216396102e-01
-9.232714227752958e-03 -4.748432246456217e-01
-2.442740159775429e-01 -3.606849069543143e-01
1.000000000000000e+00 0.000000000000000e+00
-1.949499468210442e-02 9.675779888885756e-02

29
1.939415621394308e-01 7.338567363379902e-01
-1.141660708412347e-01 4.526274816345210e-01
-1.403228606168821e-01 -9.980009751875045e-01
1.000000000000000e+00 0.000000000000000e+00
-2.833370186435773e-02 2.519137541895758e-02

34
4.902573154692891e-01 -2.518752402024198e-01
1.400516879451729e-01 6.832809372287107e-02
5.814598684478789e-01 -2.630691283795659e-01
1.000000000000000e+00 0.000000000000000e+00
-5.019360083565799e-01 2.277691972165150e-01

35
5.181543286243512e-03 3.274751170871644e-01
2.613632145386720e-01 8.050353775044488e-01
-2.835658092924680e-01 -1.010012786961691e+00
1.000000000000000e+00 0.000000000000000e+00
1.665469788870594e-02 -3.278722791374741e-02

37
-5.131140413471220e-01 -3.191131845026783e-01
4.679941763949111e-01 5.086640447228988e-01
-8.096094243443073e-01 -6.923091854953564e-01
1.000000000000000e+00 0.000000000000000e+00
2.283712621188392e-02 1.134030959317056e-01

39
-1.094669458852361e-01 1.698199210359747e-01
1.298784502130448e-02 1.357613196302577e-01
5.559902408223212e-02 2.130410869975540e-01
1.000000000000000e+00 0.000000000000000e+00
3.232862281285883e-02 2.345905225789435e-01

45
1.825906756343403e+00 -1.725344016384899e+00
2.383842605652310e+00 2.565483513571598e+00
-2.797133379231118e-01 -4.793560868263559e-01
1.000000000000000e+00 0.000000000000000e+00
2.684932721260151e-05 2.956876015414456e-04

47
-6.679211716450287e-01 -4.273293959421107e-01
-6.397587627647671e-01 -4.536672979256379e-01
1.090283687941018e+00 7.374562956521407e-01
1.000000000000000e+00 0.000000000000000e+00
1.086079315167752e-01 5.283341824821174e-01

48
-1.581490603962266e-02 2.984534006333473e-01
-1.423036502824649e-01 1.119288160154064e-01
-4.549981585738398e-02 3.196048938644926e-01
1.000000000000000e+00 0.000000000000000e+00
3.689757729731491e-02 3.844730523209614e-01

54
-3.806942079650604e-01 -1.814734406904158e-01
5.225016042570723e-01 2.827302964089136e-01
-7.537982240104829e-01 -3.936797243563314e-01
1.000000000000000e+00 0.000000000000000e+00
-8.486197885956952e-02 -1.082367692074060e-01

57
-6.439348664509479e-01 1.780777469128603e-02
-7.671870177268744e-02 2.548371667692951e-01
-6.032502633721951e-01 6.472128338069741e-02
1.000000000000000e+00 0.000000000000000e+00
9.598779095833640e-03 -3.339658882103014e-02

58
-7.584805322971760e-01 -1.394247270932646e-01
5.869158376684164e-02 8.455215235002813e-01
-6.553200172819973e-01 -3.909930720818586e-01
1.000000000000000e+00 0.000000000000000e+00
1.408966711389003e-03 3.618023837122199e-03

59
2.439456958644436e-01 2.328186218224357e-01
3.141437088442600e-01 -3.721199054930873e-01
1.037245726654650e-01 -3.637715521239667e-01
1.000000000000000e+00 0.000000000000000e+00
-5.148403420847158e-02 1.500046479281934e-02

61
1.114542197323933e-01 8.999930010979473e-01
4.725564594665520e-01 -1.876099758812980e-01
3.650636461240056e-02 -6.223812914554414e-01
1.000000000000000e+00 0.000000000000000e+00
2.959457821712969e-03 -5.402071763081279e-03

64
2.209187956068493e-01 -2.468593166295264e-01
3.142574179724287e-01 3.422877724342350e-01
-2.065656346420634e-01 -2.987356028509258e-01
1.000000000000000e+00 0.000000000000000e+00
-6.078114491454131e-02 2.085402409210965e-01

65
-2.224498470730506e-02 2.682669429344697e-01
-2.329374709659829e-01 -1.715237805467902e-01
-1.894922158661814e-01 -2.734498015462002e-01
1.000000000000000e+00 0.000000000000000e+00
2.133842338011349e-01 -5.101434963055844e-02

66
-6.762814803434104e-01 -4.341550967618080e-01
-6.365134543771311e-01 -4.480650630553994e-01
-1.095902281774411e+00 -7.357962994264353e-01
1.000000000000000e+00 0.000000000000000e+00
8.510152324576714e-02 2.463849575886319e-01

67
2.469703900798723e-01 -7.463541153280738e-02
1.484089750318918e-02 -1.513475165658877e-01
-4.327754543707002e-02 -2.127075511395115e-01
1.000000000000000e+00 0.000000000000000e+00
-9.119297782857362e-02 -2.633673971610550e-02

68
-9.979277902065405e-02 -2.291202730389064e-01
-4.158994063395611e-01 7.656417092210716e-02
-2.843931698688842e-01 -1.232078406202243e-01
1.000000000000000e+00 0.000000000000000e+00
1.306130749907472e-03 -5.229566599619185e-02

70
-2.590519019907099e-01 -3.192857834955120e-01
-1.908051985257768e-01 8.347516007794645e-02
-2.762856314394914e-01 -5.778238238070067e-02
1.000000000000000e+00 0.000000000000000e+00
-2.931711981381471e-02 4.244655395560260e-02

75
-7.534337741272334e-01 2.092424708045356e-01
7.510454459220949e-01 -2.191898216198291e-01
-1.255526360088812e+00 3.592415810106575e-01
1.000000000000000e+00 0.000000000000000e+00
-4.074308084885702e-01 -1.868733254284511e-01

79
-7.589454817887936e-01 3.503766323604547e-01
-7.197626992094101e-01 3.597710251733451e-01
-1.231984921891735e+00 5.962990219839046e-01
1.000000000000000e+00 0.000000000000000e+00
-2.556033167337354e-02 -2.725860439780252e-01

81
-5.342860281740329e-01 -3.258459085670743e-01
5.289656293035866e-01 4.191236129356589e-01
8.833770523443474e-01 6.256701808213984e-01
1.000000000000000e+00 0.000000000000000e+00
3.437605448149532e-01 6.713465628177961e-01

82
-9.280461806316602e-02 7.977183284828264e-01
7.054391778912984e-01 3.746145766966397e-01
-1.061266881538837e-01 -9.430721166984734e-01
1.000000000000000e+00 0.000000000000000e+00
1.437626557731405e-03 1.667542288892674e-03

83
-8.250858320652701e-02 2.835514640160690e-01
9.673472539111587e-02 -1.470571709076414e-01
1.599430756513144e-01 -3.227403120533250e-01
1.000000000000000e+00 0.000000000000000e+00
3.131462396292497e-02 -1.744240683428921e-01

85
5.306620692682305e-01 -6.429693619628135e-02
4.436869920327713e-01 -9.660918209360300e-02
8.237116591986738e-01 -1.273384525392895e-01
1.000000000000000e+00 0.000000000000000e+00
-3.018840528063418e-01 -1.303977425096558e-01

87
-1.882000397650696e-01 1.119095565203068e-02
6.202401034140542e-02 5.449517224273078e-01
7.231057270799776e-02 5.799913468607371e-01
1.000000000000000e+00 0.000000000000000e+00
-2.958056940682812e-01 3.116961229058961e-02

89
2.009815553434770e-02 4.044704852650620e-01
1.776966554220941e-01 -4.870855665747271e-01
-1.408545971947960e-01 7.338917053219467e-01
1.000000000000000e+00 0.000000000000000e+00
4.204690366421495e-01 3.076118230699454e-01

93
-2.114868122698294e-01 2.302695916442793e-01
2.383025742664461e-01 -6.516146679493557e-01
3.421667743449683e-01 -8.008564511871925e-01
1.000000000000000e+00 0.000000000000000e+00
-1.439520181295726e-01 7.040355678077062e-02

95
7.502491097546425e-01 1.406499605596927e-01
8.284480285153348e-02 1.196467013291823e-02
-8.855182986080672e-01 -1.651738271485458e-01
1.000000000000000e+00 0.000000000000000e+00
-4.506834834986456e-02 -3.516683902610962e-01

100
-2.067988308820130e-01 4.996887365122823e-02
-5.122525594709584e-01 -5.447005610934375e-02
-6.373477076237350e-01 -5.444890117330448e-02
1.000000000000000e+00 0.000000000000000e+00
1.410837477094803e-01 -7.286441678796701e-02

102
2.106277326955205e-01 -1.697523653228273e-01
-2.272936899727624e-01 1.486802053405927e-01
-3.803986625788945e-01 2.761241670390259e-01
1.000000000000000e+00 0.000000000000000e+00
-4.070093141903269e-01 -7.813687475849485e-02

105
2.365069303583714e-01 -1.642637064644547e-01
-2.878804429192156e-01 -4.621761298152393e-01
-1.153945470319897e-01 -2.459358160962534e-01
1.000000000000000e+00 0.000000000000000e+00
1.915571943520790e-02 3.030750674374596e-02

