108

3.821642272476897e-01 -5.098738812424588e-01;
5.802045888311973e-02 -1.465923963812468e-01;
5.066430277599281e-01 3.991491961581913e-01;
-3.000244299306217e-01 -8.273649537272455e-02;
-5.539246035509049e-02 -1.845634764826641e+00;
-4.981779519281972e-01 -3.151407437742172e+00;

1.750842246328767e-01 -2.731852024272910e-01;
1.752887605907350e-01 -2.774830799871036e-01;
4.918430262150499e-01 3.315791235783859e-01;
-1.031346254327374e-01 -1.330764150782309e-01;
-5.539246035509049e-02 -1.845634764826641e+00;
-4.981779519281972e-01 -3.151407437742172e+00;

2.386174221756659e-01 -2.989926945890917e-01;
1.396184710198323e-01 -2.634810001769609e-01;
4.881033980020492e-01 3.461911775967674e-01;
-1.464192279019882e-01 -1.425678541231057e-01;
-5.539246035509049e-02 -1.845634764826641e+00;
-4.981779519281972e-01 -3.151407437742172e+00;

2.942631494426202e-01 -4.748862099880147e-01;
1.698650087740593e-01 4.925980803068745e-02;
3.920272600902094e-01 2.939526032068526e-01;
-5.978797376323322e-02 -2.088904221554394e-01;
-5.539246035509049e-02 -1.845634764826641e+00;
-4.981779519281972e-01 -3.151407437742172e+00;

1.766514224719735e-01 -3.987798277762410e-01;
2.108529662843745e-01 1.941779098325735e-02;
4.020640297856808e-01 2.467630250393472e-01;
5.144563553274011e-02 -1.869081936090337e-01;
-5.539246035509049e-02 -1.845634764826641e+00;
-4.981779519281972e-01 -3.151407437742172e+00;

1.993683430476286e-01 -3.296548909527272e-01;
2.012688270827649e-01 -5.110251227279149e-03;
3.796816764667793e-01 2.354951936546440e-01;
7.716375709196556e-02 -2.398882129195234e-01;
-5.539246035509049e-02 -1.845634764826641e+00;
-4.981779519281972e-01 -3.151407437742172e+00;

5.455207506200156e-01 -6.300443627245057e-02;
1.058519301645185e+00 -6.809262602204512e-01;
-3.852079938163291e-02 9.603348226196983e-01;
-8.999663178907031e-01 -1.308396489289159e+00;
-5.539246035509049e-02 -1.845634764826641e+00;
-4.981779519281972e-01 -3.151407437742172e+00;

3.112518705231944e-01 -3.516554564221634e-01;
-1.215440936992973e-01 -4.972033415348678e-02;
5.258251151195206e-01 1.808259206201490e-01;
5.345629682019752e-02 -1.070543796463741e-03;
-5.539246035509049e-02 -1.845634764826641e+00;
-4.981779519281972e-01 -3.151407437742172e+00;

2.687299214396298e-01 -4.020905045716841e-01;
-3.288163554496080e-01 6.618452643884251e-02;
6.233645295535437e-01 4.065247574017269e-02;
2.269512272537082e-01 2.277113331948903e-01;
-5.539246035509049e-02 -1.845634764826641e+00;
-4.981779519281972e-01 -3.151407437742172e+00;

2.300887650423246e-01 -4.652117410841280e-01;
-9.620051085240475e-02 -1.496903989458296e-01;
1.863985920091910e-01 4.183848394005133e-01;
1.813058508916176e-01 -1.594011769868343e-01;
-5.539246035509049e-02 -1.845634764826641e+00;
-4.981779519281972e-01 -3.151407437742172e+00;

1.018429950767221e-01 -4.990645656118521e-01;
1.457011717761167e-01 -1.764230520320983e-01;
4.425989888572251e-01 3.189641319208380e-01;
-2.622667834230647e-02 3.436951234741764e-02;
-5.539246035509049e-02 -1.845634764826641e+00;
-4.981779519281972e-01 -3.151407437742172e+00;

1.754771544860525e-01 -4.393469593463146e-01;
-1.978911988954954e-02 -2.300313636078856e-01;
2.464473151271704e-01 3.085261579459095e-01;
1.659133122976680e-01 -3.096813855017191e-02;
-5.539246035509049e-02 -1.845634764826641e+00;
-4.981779519281972e-01 -3.151407437742172e+00;

2.246932478687431e-01 -5.050297025554130e-01;
1.769278475634201e-01 -2.663019653484168e-01;
1.166052053178704e-01 2.045912134749358e-01;
1.146829161384038e-01 -2.771099469314393e-02;
-5.539246035509049e-02 -1.845634764826641e+00;
-4.981779519281972e-01 -3.151407437742172e+00;

2.306272092796347e-01 -5.208891418719876e-01;
2.205979270592222e-01 6.806283651682828e-03;
3.743818262294267e-01 2.481652064483946e-01;
-3.414862879962290e-02 -1.108783408786739e-01;
-5.539246035509049e-02 -1.845634764826641e+00;
-4.981779519281972e-01 -3.151407437742172e+00;

2.227757452280651e-01 -5.016973508425198e-01;
1.772768914940268e-01 -3.290974669703833e-01;
6.048029324998599e-02 1.852684522531781e-01;
1.449356836674439e-01 -3.560773098444635e-03;
-5.539246035509049e-02 -1.845634764826641e+00;
-4.981779519281972e-01 -3.151407437742172e+00;

2.741591153315238e-01 -4.459555079374246e-01;
-1.468955364869161e-01 2.021316316276406e-01;
4.484230858109802e-01 4.800353727841185e-01;
8.810395883307962e-02 -3.094546984050189e-01;
-5.539246035509049e-02 -1.845634764826641e+00;
-4.981779519281972e-01 -3.151407437742172e+00;

2.622745100408391e-01 -3.357933980367879e-01;
-4.265672703890665e-02 1.148658260153356e-01;
4.760191868896219e-01 1.499458004707463e-01;
1.746448181562514e-01 -1.225738216649272e-01;
-5.539246035509049e-02 -1.845634764826641e+00;
-4.981779519281972e-01 -3.151407437742172e+00;

2.347613984048829e-01 -3.262156500860705e-01;
-1.018705617259333e-02 1.298095747288593e-01;
5.575571450145919e-01 1.193426596390364e-01;
1.399831973188075e-01 -8.097289422828216e-02;
-5.539246035509049e-02 -1.845634764826641e+00;
-4.981779519281972e-01 -3.151407437742172e+00;

5.719804367980865e-01 -4.275418855910042e-01;
2.100669870857257e-01 -1.457836613831275e-02;
8.438277336596766e-01 6.475424388908015e-01;
-8.467313636102329e-01 -4.081919258345086e-01;
-5.539246035509049e-02 -1.845634764826641e+00;
-4.981779519281972e-01 -3.151407437742172e+00;

-2.408360007898110e-01 -7.962454712242724e-02;
3.760371940352580e-01 -2.445101985103028e-01;
4.792322304663574e-01 4.289750373706466e-01;
1.998723915253552e-01 -3.199279585308681e-01;
-5.539246035509049e-02 -1.845634764826641e+00;
-4.981779519281972e-01 -3.151407437742172e+00;

1.679525617299453e-01 -1.519469810623989e-01;
2.756062630756465e-01 -1.570916780723262e-01;
6.226101900778264e-01 5.678293869758311e-01;
-2.692554864653890e-01 -4.719993074482065e-01;
-5.539246035509049e-02 -1.845634764826641e+00;
-4.981779519281972e-01 -3.151407437742172e+00;

4.043178592794601e-01 -5.974111040394505e-01;
8.150178743286463e-01 2.813612197938963e-01;
7.659816254544564e-01 -2.117791299103497e-01;
-5.532801032683434e-01 2.559250726158748e-02;
-5.539246035509049e-02 -1.845634764826641e+00;
-4.981779519281972e-01 -3.151407437742172e+00;

-5.294559654344739e-01 1.584688616329491e+00;
7.234081706690082e-02 2.291465938423111e-01;
8.357727833249490e-01 1.923499329667961e-01;
1.308673880484517e+00 -1.482664837424091e+00;
-5.539246035509049e-02 -1.845634764826641e+00;
-4.981779519281972e-01 -3.151407437742172e+00;

4.059354826344819e-01 -1.011423610474067e-01;
6.681268105879652e-01 3.328950311600852e-01;
8.128749140460024e-01 -1.399877267357875e-01;
-3.208740721405584e-01 -4.182586954757449e-01;
-5.539246035509049e-02 -1.845634764826641e+00;
-4.981779519281972e-01 -3.151407437742172e+00;

4.796107974297308e-01 -2.927958261889380e-01;
3.303369242565127e-01 -4.595737651989343e-01;
2.764597229437293e-01 8.115181684106545e-01;
-5.933499085970004e-01 -6.617643071648091e-01;
-5.539246035509049e-02 -1.845634764826641e+00;
-4.981779519281972e-01 -3.151407437742172e+00;

3.261182473537024e-01 -1.557005930404728e-01;
5.599281162520838e-01 -1.945956598650656e-01;
3.665298990673430e-01 3.378788787892804e-01;
-2.885001939860125e-01 -5.598042154320734e-01;
-5.539246035509049e-02 -1.845634764826641e+00;
-4.981779519281972e-01 -3.151407437742172e+00;

2.571365620095926e-01 -1.851530226731858e-01;
5.079887139806226e-01 -7.784725586183917e-02;
5.367674918983975e-01 2.943530631332991e-01;
-2.750022334297008e-01 -4.434308163690862e-01;
-5.539246035509049e-02 -1.845634764826641e+00;
-4.981779519281972e-01 -3.151407437742172e+00;

2.968536380474318e-01 -4.517338936926327e-01;
-3.818558908733653e-02 -1.176242461366506e-01;
3.120093898596782e-01 4.752118073311237e-01;
-1.705263155216031e-02 -2.266566206597303e-01;
-5.539246035509049e-02 -1.845634764826641e+00;
-4.981779519281972e-01 -3.151407437742172e+00;

1.275354867848438e-01 -2.206369714840068e-01;
2.058375061508285e-01 -2.848597852969726e-01;
4.959038305389896e-01 3.461966856832021e-01;
-7.125006918074410e-02 -1.778817431660870e-01;
-5.539246035509049e-02 -1.845634764826641e+00;
-4.981779519281972e-01 -3.151407437742172e+00;

1.894838314934143e-01 -3.131646575616865e-01;
1.138282511705071e-01 -2.159020187988048e-01;
4.266153275292703e-01 3.993229479888297e-01;
-5.100625309413203e-02 -1.977142466678850e-01;
-5.539246035509049e-02 -1.845634764826641e+00;
-4.981779519281972e-01 -3.151407437742172e+00;

2.718796199406872e-01 -4.232773248809939e-01;
-6.426239288146332e-02 4.393460417507857e-02;
3.256519121299963e-01 4.982764036378399e-01;
7.468407418042693e-02 -3.382893436108700e-01;
-5.539246035509049e-02 -1.845634764826641e+00;
-4.981779519281972e-01 -3.151407437742172e+00;

2.523646731402656e-01 1.969151041211416e-01;
2.026098020385312e-01 9.062746896114267e-02;
5.054312326050179e-01 1.770672107504941e-01;
2.045424125669213e-01 -6.785556766716889e-01;
-5.539246035509049e-02 -1.845634764826641e+00;
-4.981779519281972e-01 -3.151407437742172e+00;

7.087135481850007e-02 -2.777581421628988e-01;
-1.376176327920933e-02 1.397963150770227e-01;
4.712582306982581e-01 4.765952787984487e-01;
2.141100052626043e-01 -3.804271830754541e-01;
-5.539246035509049e-02 -1.845634764826641e+00;
-4.981779519281972e-01 -3.151407437742172e+00;

2.792476885418351e-01 -3.807675091395326e-01;
6.036125350614800e-02 1.826589690879842e-01;
3.558686610615033e-01 5.026802748514219e-01;
4.131905954921206e-02 -4.995227788605636e-01;
-5.539246035509049e-02 -1.845634764826641e+00;
-4.981779519281972e-01 -3.151407437742172e+00;

3.397942580717654e-01 -2.059589044958847e-01;
3.768765763190479e-01 -2.188866883980912e-01;
4.202500796313864e-01 3.127911168828641e-01;
-2.526791526653075e-01 -3.899174361641569e-01;
-5.539246035509049e-02 -1.845634764826641e+00;
-4.981779519281972e-01 -3.151407437742172e+00;

2.552742973354280e-01 -1.570429243581805e-01;
6.167317292662594e-01 -9.513837526583079e-02;
5.251190069410605e-01 3.271059413396256e-01;
-3.389775617329031e-01 -5.312854040734668e-01;
-5.539246035509049e-02 -1.845634764826641e+00;
-4.981779519281972e-01 -3.151407437742172e+00;

1.808701960325310e+00 1.813459107985673e+00;
-7.237859920561169e-01 -1.454191138021376e+00;
-9.081047898968245e-02 3.477975878906127e-01;
-2.101195273520768e-01 -1.842198084524864e+00;
7.180389007302426e-01 -5.729387331710179e-03;
-5.950213188580639e-01 3.320694857835194e-01;

5.299518015971306e-01 2.160016865623122e-02;
-2.105908539563767e-02 -4.445365468342815e-01;
3.933105850797766e-01 3.558196996987856e-01;
-1.843483997357440e-01 -4.199153611007567e-01;
7.180389007302426e-01 -5.729387331710179e-03;
-5.950213188580639e-01 3.320694857835194e-01;

-9.839670854548657e-01 -1.303902277670052e+00;
8.161434819152654e-01 3.060811387687613e-01;
8.256765736243976e-01 2.612817796148971e-01;
1.372840351956835e-01 8.399557761288178e-01;
7.180389007302426e-01 -5.729387331710179e-03;
-5.950213188580639e-01 3.320694857835194e-01;

-9.532270846438675e-01 5.867789917225660e-01;
5.995580115391134e-01 -3.592090950731064e-01;
4.364373375482707e-01 -2.684431579345479e-01;
1.263315897733124e+00 -1.236403166334410e-01;
7.180389007302426e-01 -5.729387331710179e-03;
-5.950213188580639e-01 3.320694857835194e-01;

4.940547178045993e-03 -1.774243668134758e-01;
2.685019482450304e-01 -6.398929684565874e-02;
3.898311621750539e-01 1.510612005508650e-01;
2.759232361070129e-01 -2.189067126793269e-01;
7.180389007302426e-01 -5.729387331710179e-03;
-5.950213188580639e-01 3.320694857835194e-01;

-1.643503678821323e+00 -1.171586391921993e+00;
8.839782439689643e-01 2.624870277791930e-01;
1.033122802764071e+00 -9.234149112446475e-03;
6.744669732213704e-01 1.287341299722383e+00;
7.180389007302426e-01 -5.729387331710179e-03;
-5.950213188580639e-01 3.320694857835194e-01;

2.977007675090687e-01 -3.806963031615859e-01;
-2.334363078983534e-01 -2.162740907993078e-02;
5.893303259616163e-01 1.274472298200654e-01;
1.058320910944432e-01 1.282064738389992e-01;
7.180389007302426e-01 -5.729387331710179e-03;
-5.950213188580639e-01 3.320694857835194e-01;

3.294047236870649e-01 -3.306822423101649e-01;
-3.503002226343023e-02 -9.958116589608670e-02;
4.855795074373375e-01 2.402921999147489e-01;
-2.073499657198839e-02 -9.631426558442614e-02;
7.180389007302426e-01 -5.729387331710179e-03;
-5.950213188580639e-01 3.320694857835194e-01;

2.741088152313305e-01 -1.334080527797802e-01;
6.245604437288196e-01 2.304144105284675e-01;
-4.475008449512303e-02 2.345109879332407e-01;
2.639545605382719e-01 -9.413766946927620e-01;
7.180389007302426e-01 -5.729387331710179e-03;
-5.950213188580639e-01 3.320694857835194e-01;

9.804168896667254e-02 -2.149512752486893e-01;
-3.540343743532683e-02 -6.653140263972492e-01;
1.029997545745333e-01 -1.619209141299658e-01;
4.842101652152700e-01 3.651375568395819e-01;
7.180389007302426e-01 -5.729387331710179e-03;
-5.950213188580639e-01 3.320694857835194e-01;

1.189073991602953e-01 -4.467587033827686e-01;
8.194838301056652e-02 -2.546984393725159e-01;
3.503000505672955e-01 2.520640869981955e-01;
8.799652627839459e-02 6.307851723529256e-02;
7.180389007302426e-01 -5.729387331710179e-03;
-5.950213188580639e-01 3.320694857835194e-01;

1.663248942281559e-01 -1.012041124414937e+00;
3.740533304140192e-01 7.443347978259497e-01;
9.591720802174949e-01 1.257382418832553e+00;
-8.821550140240472e-01 -6.672398506925229e-01;
7.180389007302426e-01 -5.729387331710179e-03;
-5.950213188580639e-01 3.320694857835194e-01;

-7.518550543094883e-02 -8.641865180736570e-01;
7.333284752973957e+00 2.415218701225222e+00;
4.684245951118727e+00 -5.391825993067958e+00;
-3.915856907474215e+00 2.411112089962866e+00;
7.180389007302426e-01 -5.729387331710179e-03;
-5.950213188580639e-01 3.320694857835194e-01;

2.180786997175165e-01 -5.192808853539650e-01;
3.858380580351004e-01 -1.172681589042253e-01;
3.133021568211646e-01 6.263871395244855e-02;
-3.721481612840251e-02 1.646305425917926e-02;
7.180389007302426e-01 -5.729387331710179e-03;
-5.950213188580639e-01 3.320694857835194e-01;

2.067283181386933e-01 -5.950992406337460e-01;
1.158694092131431e+00 8.679399554735395e-01;
1.429480459790723e+00 -3.311654667662307e-01;
-8.090966799553844e-01 1.419315175357031e-02;
7.180389007302426e-01 -5.729387331710179e-03;
-5.950213188580639e-01 3.320694857835194e-01;

1.447082187373581e-01 -2.673776548464851e-01;
1.194789978269835e-01 1.544229496126117e-01;
8.224621030215358e-01 -6.297940118048614e-02;
5.285158401703832e-02 9.898462963838947e-02;
7.180389007302426e-01 -5.729387331710179e-03;
-5.950213188580639e-01 3.320694857835194e-01;

2.296735345035065e-01 -3.415208643208419e-01;
-1.871234125418475e-02 1.476677509742031e-01;
5.738636658739629e-01 1.647185177071849e-01;
1.172236450811212e-01 -1.004846433019491e-01;
7.180389007302426e-01 -5.729387331710179e-03;
-5.950213188580639e-01 3.320694857835194e-01;

-2.888864114544004e-01 -1.305395103301133e+00;
-3.804596760338655e-01 1.440912386402426e+00;
2.192972933014324e+00 3.008097186769946e+00;
-1.631766723966223e+00 -1.139562230177874e+00;
7.180389007302426e-01 -5.729387331710179e-03;
-5.950213188580639e-01 3.320694857835194e-01;

-3.000741154769960e+00 -4.042760265951597e-01;
1.188394399718885e+00 -6.112281994286125e-01;
-1.721101453236732e-01 -7.375922580680235e-01;
2.913875471299254e+00 1.559500524045554e+00;
7.180389007302426e-01 -5.729387331710179e-03;
-5.950213188580639e-01 3.320694857835194e-01;

-7.994362971224596e-01 3.712931808602121e-01;
4.551044224084376e-01 -4.607583334467995e-01;
1.461586692678165e-01 3.384609891188996e-01;
1.037245657999829e+00 -4.814542574891048e-01;
7.180389007302426e-01 -5.729387331710179e-03;
-5.950213188580639e-01 3.320694857835194e-01;

-2.170016270117389e+00 -1.205303775609545e+00;
1.092359954191913e+00 -2.537738295655001e-01;
3.740336487686280e-01 -6.397458615425409e-01;
1.595838767232356e+00 1.936544761555792e+00;
7.180389007302426e-01 -5.729387331710179e-03;
-5.950213188580639e-01 3.320694857835194e-01;

-8.733348793009046e-01 6.676643567861844e-01;
3.087021095313625e-01 3.290584224615080e-02;
6.997031900595920e-01 9.174123002856423e-02;
1.183585484118591e+00 -5.018666004611022e-01;
7.180389007302426e-01 -5.729387331710179e-03;
-5.950213188580639e-01 3.320694857835194e-01;

7.401449315018692e-01 2.011694218712842e+00;
7.642011799814021e-02 6.492916345273202e-01;
1.059972038363154e+00 1.348855845684711e-01;
3.763348139446405e-01 -2.462170470369642e+00;
7.180389007302426e-01 -5.729387331710179e-03;
-5.950213188580639e-01 3.320694857835194e-01;

-9.346256413952031e-01 -6.104007616143189e+00;
2.309021208003676e+00 -6.819031668770814e-01;
5.415084879543865e-02 -8.841775131179376e-01;
-1.952619163930535e+00 5.573039258870925e+00;
7.180389007302426e-01 -5.729387331710179e-03;
-5.950213188580639e-01 3.320694857835194e-01;

-9.789424884533400e-02 -1.870057638411074e-01;
4.957237645515659e-01 5.268680772353165e-01;
1.199583448163795e+00 -2.080866723899852e-01;
-2.460485059958017e-03 3.951090397973646e-02;
7.180389007302426e-01 -5.729387331710179e-03;
-5.950213188580639e-01 3.320694857835194e-01;

2.506606869121605e-01 2.757889236786279e-02;
8.701921360034369e-01 -6.135815751760455e-02;
2.456867162523482e-01 -1.104471483892812e-01;
1.852999228612662e-02 -5.994586746395165e-01;
7.180389007302426e-01 -5.729387331710179e-03;
-5.950213188580639e-01 3.320694857835194e-01;

-1.699175161664419e-02 1.686882628624063e-01;
1.103692064633546e+00 3.981839804983585e-01;
5.423162170923364e-01 -7.542175859644699e-01;
4.172674015868789e-01 -3.457804737463500e-01;
7.180389007302426e-01 -5.729387331710179e-03;
-5.950213188580639e-01 3.320694857835194e-01;

7.357537301773932e-01 6.551366049611192e-02;
-2.888601359680376e-01 -7.717228827385370e-01;
1.162229231885380e-01 -1.935921252831136e-02;
6.540906751123905e-02 -7.497271380611989e-02;
7.180389007302426e-01 -5.729387331710179e-03;
-5.950213188580639e-01 3.320694857835194e-01;

3.002755316057754e-01 -2.189264299382376e-01;
3.812194430697608e-02 -3.456192914941283e-01;
3.680507772628623e-01 3.014588460872634e-01;
-2.830187490769174e-02 -1.684762072362663e-01;
7.180389007302426e-01 -5.729387331710179e-03;
-5.950213188580639e-01 3.320694857835194e-01;

-3.241441770947592e-01 -8.460204697418654e-01;
4.319707949913665e-01 4.789675476538019e-01;
6.739700643684917e-01 9.242894636769794e-01;
-1.512746016445667e-01 -3.571713573975382e-01;
7.180389007302426e-01 -5.729387331710179e-03;
-5.950213188580639e-01 3.320694857835194e-01;

-7.519262499220709e-01 6.771189655457797e-01;
3.482248912066079e-01 5.543508760517438e-01;
1.165453183711084e+00 1.987129952958466e-01;
8.537738162332555e-01 -7.521640773744455e-01;
7.180389007302426e-01 -5.729387331710179e-03;
-5.950213188580639e-01 3.320694857835194e-01;

2.362936334897335e-01 2.989278643466601e-01;
2.457130918950237e-01 1.038669456999764e-01;
5.417739657530065e-01 1.277479658481850e-01;
2.330361205014408e-01 -7.320561726227010e-01;
7.180389007302426e-01 -5.729387331710179e-03;
-5.950213188580639e-01 3.320694857835194e-01;

-1.332180210291979e+00 9.228482682640198e-01;
4.186465955062418e-01 8.203218386014381e-01;
1.538127744520552e+00 2.279207486127070e-01;
1.222795244429041e+00 -7.770983178488831e-01;
7.180389007302426e-01 -5.729387331710179e-03;
-5.950213188580639e-01 3.320694857835194e-01;

7.169191996864300e-01 -4.537057039463557e-01;
-7.619633602725190e-01 -7.270826250108844e-01;
-6.727272303894286e-02 2.741589175969442e-01;
1.823763833087614e-01 2.396900493661271e-01;
7.180389007302426e-01 -5.729387331710179e-03;
-5.950213188580639e-01 3.320694857835194e-01;

4.487631412772327e-01 -2.333779421339748e-01;
1.505918630643940e-01 -4.315826763830377e-01;
3.087433678714581e-01 2.638213181397434e-01;
-2.018595597893527e-01 -2.062403459448734e-01;
7.180389007302426e-01 -5.729387331710179e-03;
-5.950213188580639e-01 3.320694857835194e-01;

8.142503601282584e-02 -3.038627923530697e-01;
5.342887950521291e-01 5.283389350637396e-01;
5.763328305243358e-01 5.683582789137909e-01;
-9.693705514359843e-02 -8.318935561477560e-01;
7.180389007302426e-01 -5.729387331710179e-03;
-5.950213188580639e-01 3.320694857835194e-01;

2.845706037345817e-01 -6.623611726086192e-01;
-2.694562017908310e-01 1.345321772691894e-01;
6.627742500596961e-01 1.456676993988955e-01;
2.407054119292459e-02 3.229526821503129e-01;
1.028238691926705e+00 2.359613527882879e-01;
-2.760304556772425e-01 9.400803428663448e-01;

2.836598353660995e-01 -6.007772788428386e-01;
-1.237802781959710e-01 1.161867189206481e-01;
5.709110410884319e-01 1.883133172736978e-01;
8.203335048663099e-03 1.470191170585366e-01;
1.028238691926705e+00 2.359613527882879e-01;
-2.760304556772425e-01 9.400803428663448e-01;

1.857315808442476e-01 -2.904790772470893e-01;
6.412899035457524e-01 2.440841932060205e-01;
4.136661513731119e-02 2.649428846402758e-01;
1.944931049078722e-01 -7.674307502086166e-01;
1.028238691926705e+00 2.359613527882879e-01;
-2.760304556772425e-01 9.400803428663448e-01;

3.720280181669363e-01 -3.416151320984166e-01;
-2.681182573658242e-01 -5.441651367766552e-02;
5.735804376712016e-01 1.435657080083598e-01;
6.813319724043446e-02 7.785225759297491e-02;
1.028238691926705e+00 2.359613527882879e-01;
-2.760304556772425e-01 9.400803428663448e-01;

2.598186939829066e-01 -3.594418484619447e-01;
2.275475746018895e-03 -4.742280951103190e-02;
4.859248676837304e-01 2.128315828755547e-01;
4.016515450367365e-02 -6.754535759527622e-02;
1.028238691926705e+00 2.359613527882879e-01;
-2.760304556772425e-01 9.400803428663448e-01;

-2.211688497019385e-03 -5.252925736735158e-01;
6.725306726985563e-01 2.620800831611171e-01;
1.914016948312391e-01 2.918125852332104e-01;
1.270570457451652e-01 -4.622194215519180e-01;
1.028238691926705e+00 2.359613527882879e-01;
-2.760304556772425e-01 9.400803428663448e-01;

2.616711137578028e-01 -3.761213715102708e-01;
-2.130167514437599e-01 -1.860439455567986e-02;
5.909164141720515e-01 1.178305141617725e-01;
1.316751530636562e-01 1.367066939109303e-01;
1.028238691926705e+00 2.359613527882879e-01;
-2.760304556772425e-01 9.400803428663448e-01;

2.288640211627353e-01 -3.436475388712915e-01;
3.176219382722225e-02 -4.487482863365843e-02;
4.763927762079259e-01 2.044771768494484e-01;
6.851889724361636e-02 -8.028909630128636e-02;
1.028238691926705e+00 2.359613527882879e-01;
-2.760304556772425e-01 9.400803428663448e-01;

1.043703708276378e-01 -3.134020630316779e-01;
6.513733060507109e-01 2.430869778789725e-01;
8.005098670801296e-02 2.465426024399202e-01;
2.290043456809163e-01 -6.866466810263938e-01;
1.028238691926705e+00 2.359613527882879e-01;
-2.760304556772425e-01 9.400803428663448e-01;

3.146038549891957e-01 -1.683639703201814e-01;
-2.045458972597658e+00 1.035254587210349e+00;
9.505688313266664e-01 1.967652011199343e+00;
5.440065110501168e-01 -1.233429609071645e+00;
1.028238691926705e+00 2.359613527882879e-01;
-2.760304556772425e-01 9.400803428663448e-01;

2.676110205130997e-01 -5.380321929533541e-01;
4.963362667091225e-01 -2.528103044860945e-02;
3.196717375088396e-01 -2.031858843669423e-02;
-8.389224249735840e-02 -1.727901083465275e-02;
1.028238691926705e+00 2.359613527882879e-01;
-2.760304556772425e-01 9.400803428663448e-01;

3.697705361223806e-01 -6.098876051137048e-01;
1.208885356811601e+00 5.615912909261687e-01;
8.097896344975014e-01 -5.187832868187606e-01;
-5.426101765784586e-01 -1.272164311771731e-02;
1.028238691926705e+00 2.359613527882879e-01;
-2.760304556772425e-01 9.400803428663448e-01;

1.511740823742410e-01 -2.354723543906557e-01;
-2.277853035827350e-01 -1.623323562846260e-02;
5.855304615592397e-01 1.764413700979433e-01;
2.716501785465870e-01 1.299761670604231e-02;
1.028238691926705e+00 2.359613527882879e-01;
-2.760304556772425e-01 9.400803428663448e-01;

1.740454636392507e-01 -3.750685425260628e-01;
-1.377444064369857e-02 -2.860973034894092e-02;
4.890433896806877e-01 2.214608410647411e-01;
1.200706566463417e-01 -2.989819790910831e-02;
1.028238691926705e+00 2.359613527882879e-01;
-2.760304556772425e-01 9.400803428663448e-01;

4.731726399664870e-01 -8.589095200703916e-01;
8.007497566022325e-01 2.536251708446107e-01;
6.132323818090644e-02 2.408231902361031e-01;
-3.776031726344143e-01 -4.218417035787487e-01;
1.028238691926705e+00 2.359613527882879e-01;
-2.760304556772425e-01 9.400803428663448e-01;

1.712561836274067e-01 -2.464863972539943e-01;
-2.698306930783824e-01 2.527362310123833e-01;
7.959068574513914e-01 2.855567714641685e-01;
1.681411351558636e-01 -1.160137445476307e-01;
1.028238691926705e+00 2.359613527882879e-01;
-2.760304556772425e-01 9.400803428663448e-01;

1.968710918048353e-01 -3.196628339088088e-01;
-1.141958593603262e-01 9.936454036828819e-02;
5.830720798438401e-01 2.259532509192300e-01;
1.567056849019198e-01 -8.379078741761017e-02;
1.028238691926705e+00 2.359613527882879e-01;
-2.760304556772425e-01 9.400803428663448e-01;

6.692808903935935e-01 -5.805061026316873e-01;
1.404905051684550e+00 2.564978651759109e-02;
-2.447133838536104e-01 -1.070758740578596e+00;
-5.212767642707847e-02 3.034663811322016e-02;
1.028238691926705e+00 2.359613527882879e-01;
-2.760304556772425e-01 9.400803428663448e-01;

5.488788986553929e-01 -7.846740173145281e-01;
6.047582117428799e-01 9.148966069108359e-01;
1.599676446478830e+00 -4.024737858717289e-01;
-9.403425213793601e-01 3.714908032080118e-01;
1.028238691926705e+00 2.359613527882879e-01;
-2.760304556772425e-01 9.400803428663448e-01;

2.536824649869485e-01 -4.757746113238168e-01;
1.102676948460720e+00 -1.830808234494552e-01;
6.607480466639824e-02 -2.182366897832540e-01;
-1.794736224404357e-01 -1.762969556331725e-01;
1.028238691926705e+00 2.359613527882879e-01;
-2.760304556772425e-01 9.400803428663448e-01;

2.417694885341717e-01 -6.742518126976095e-01;
1.319562441249314e+00 3.343412066680298e-01;
4.887242136736245e-01 -7.996596974537057e-01;
-2.334953557133655e-01 2.566421015727461e-01;
1.028238691926705e+00 2.359613527882879e-01;
-2.760304556772425e-01 9.400803428663448e-01;

-6.430016220374888e-01 1.044006568835803e+00;
1.073566098345130e-01 4.847904142310399e-02;
7.560347870304913e-01 3.073742919592471e-01;
1.112315384209291e+00 -9.952304112895718e-01;
1.028238691926705e+00 2.359613527882879e-01;
-2.760304556772425e-01 9.400803428663448e-01;

1.940603729454703e-01 1.116599870096095e+00;
3.549593258053368e-01 1.789436216681415e-01;
6.236697566342038e-01 1.406864596108457e-01;
4.891205573811429e-01 -1.495542518604319e+00;
1.028238691926705e+00 2.359613527882879e-01;
-2.760304556772425e-01 9.400803428663448e-01;

2.003864046772827e+00 4.425351990371736e+00;
4.829753561807241e-01 1.428645780046975e+00;
9.175307839597766e-01 -7.684070997512855e-01;
8.095046427501286e-01 -5.068422007631965e+00;
1.028238691926705e+00 2.359613527882879e-01;
-2.760304556772425e-01 9.400803428663448e-01;

3.711291841902649e-01 9.111616870813029e-02;
2.847435072824868e-01 6.601808820808107e-01;
1.385678517206554e+00 -5.039217513447620e-03;
-3.652956246574293e-01 -4.583363827169521e-01;
1.028238691926705e+00 2.359613527882879e-01;
-2.760304556772425e-01 9.400803428663448e-01;

4.305744705661808e-01 -3.196631741202351e-01;
1.074068241767742e+00 -6.345623797985919e-02;
1.594786838105146e-01 -2.484877493790470e-01;
-2.679771037490834e-01 -3.765899942745232e-01;
1.028238691926705e+00 2.359613527882879e-01;
-2.760304556772425e-01 9.400803428663448e-01;

6.242308411637743e-01 -2.049102631024586e-01;
1.273640824477238e+00 4.819304372027483e-01;
5.351131381591031e-01 -8.129140853366400e-01;
-3.290872230206403e-01 -3.447032300510491e-01;
1.028238691926705e+00 2.359613527882879e-01;
-2.760304556772425e-01 9.400803428663448e-01;

1.513274965489215e-01 -5.668007344112739e-01;
-8.353369230985742e-01 -2.046639486834394e-01;
2.025664799239562e-01 5.477645674652732e-01;
5.522686607799329e-01 1.942329597347650e-01;
1.028238691926705e+00 2.359613527882879e-01;
-2.760304556772425e-01 9.400803428663448e-01;

3.514222494687916e-01 -5.623772038967235e-01;
-9.253273262177084e-02 -6.480875135510772e-01;
2.495998978954968e-01 4.141439741138101e-01;
-2.115007234695651e-01 2.021237989103843e-01;
1.028238691926705e+00 2.359613527882879e-01;
-2.760304556772425e-01 9.400803428663448e-01;

3.394477289370879e-01 -2.519285889041721e-01;
5.767272717739076e-01 5.161200494908738e-01;
4.557878709665609e-01 4.905548894049554e-01;
-2.042470836211931e-01 -9.835031091670418e-01;
1.028238691926705e+00 2.359613527882879e-01;
-2.760304556772425e-01 9.400803428663448e-01;

-1.244603826085689e-01 2.104195262283335e-01;
-1.110815618103660e-01 6.079022951141876e-03;
6.449663765744560e-01 2.219100640807492e-01;
5.636407700787314e-01 -3.385018983315135e-01;
1.028238691926705e+00 2.359613527882879e-01;
-2.760304556772425e-01 9.400803428663448e-01;

1.504402328807302e-01 1.879544399009757e-01;
1.209641489636274e-01 5.737327530876554e-02;
5.415067379599231e-01 1.938073108397960e-01;
2.898739515308829e-01 -5.749800164417621e-01;
1.028238691926705e+00 2.359613527882879e-01;
-2.760304556772425e-01 9.400803428663448e-01;

1.018031137959063e+00 5.608729742457582e-01;
7.406286156951010e-01 5.846816215349286e-01;
2.736159195578800e-01 -5.712664998241186e-02;
-1.590046790614988e-01 -1.729372056887034e+00;
1.028238691926705e+00 2.359613527882879e-01;
-2.760304556772425e-01 9.400803428663448e-01;

-2.955303863448372e-02 -5.148011120759901e-01;
-7.782959824791699e-01 -4.225046225216624e-02;
3.217870637639016e-01 5.866179382780615e-01;
6.526626997434162e-01 1.256134447853469e-01;
1.028238691926705e+00 2.359613527882879e-01;
-2.760304556772425e-01 9.400803428663448e-01;

2.062715951571544e-01 -4.301251055435452e-01;
-1.433570940393415e-01 -4.688298940043997e-01;
3.417838121650247e-01 4.070846607296729e-01;
1.228421470209344e-03 1.051620337690383e-01;
1.028238691926705e+00 2.359613527882879e-01;
-2.760304556772425e-01 9.400803428663448e-01;

6.783930755514678e-02 -4.531021124970688e-02;
5.522591765034481e-01 5.678908930483333e-01;
6.347866786800155e-01 4.398969084174891e-01;
3.524240186058568e-02 -9.580460005903925e-01;
1.028238691926705e+00 2.359613527882879e-01;
-2.760304556772425e-01 9.400803428663448e-01;

