0
-2.576843850295868e-01 -9.395309750120310e-01
-6.729209150489548e-02 1.567179950236696e-01
-5.750925362472958e-01 -6.204576370484736e-01
6.375422207245264e-01 7.116354079509167e-01
-6.447334320658550e-01 -7.139180842647062e-01
6.036647239192825e-02 -6.587759714049332e-02

1
2.801410476421059e-01 -5.025031792547309e-02
-4.647138290678606e-01 -3.000000583579515e-01
2.711303935426793e-01 1.855278841411377e-01
6.659017882580470e-01 4.132033660103617e-01
-5.828095293252994e-01 -7.110306877069749e-01
-5.472467310933488e-03 6.642616768637165e-04

2
7.387060538798125e-02 5.079658522530346e-01
-1.344402361107383e-01 -1.264097527053355e+00
3.834389809688907e-01 -1.359001409558193e+00
4.238773198321782e-02 -2.155597958436654e+00
-5.847104375785588e-01 -7.135222050383692e-01
-7.560361950063121e-04 1.050714770243994e-03

3
-1.116746001697781e-01 -6.849160908055456e-04
-1.283111366249960e-01 -1.025476114946485e-01
-5.808416442335119e-01 -1.416589997955738e-01
6.038767971404257e-01 1.813252073570544e-01
-5.860004227326616e-01 -7.133842545713733e-01
3.932949116275856e-04 -5.357339646153419e-04

4
-8.751143630690854e-02 -3.599420358086755e-01
2.522888604843671e-01 -5.335247832161805e-01
-7.031320095140152e-01 -3.248815071412061e-01
1.380067704857984e-01 -2.370005659649580e-01
-5.850905395297289e-01 -7.131495347181677e-01
-7.898123033766683e-04 2.476099610868750e-04

5
-2.033852063841415e-01 7.912454462956776e-02
-3.958517206250998e-01 -3.887380492282921e-01
-3.602802839385646e-01 1.495490998247339e-01
5.369590743708379e-01 4.330851310750552e-01
-5.855195141878795e-01 -7.138238564907808e-01
4.002415965862586e-04 4.481093047130185e-04

6
1.342198257579925e-01 7.218705734117187e-03
-2.330357131708757e-01 1.288609711148238e-01
-4.700495953648752e-01 -2.143759284346965e-01
6.335379016836894e-01 2.431335455752980e-01
-5.851702628736695e-01 -7.137105647194438e-01
-7.990428617228496e-05 7.253397819500633e-04

7
3.728179872810186e-01 -1.152890751656419e-01
3.760392675992619e-01 -1.151741203681750e-01
-3.815645641378713e-01 1.015475780627605e-01
6.343226751337252e-01 -1.820766926612198e-01
-5.834247268563379e-01 -7.720933744669212e-01
6.364419763902439e-02 6.170367903732360e-02

8
4.572366567255215e-01 -3.236650534529664e-01
1.766802276486354e-01 -3.362625962172496e-01
-3.346494545009841e-01 -5.586823289113792e-02
1.906537732065964e-01 -1.011972029245411e-01
-5.770043156562394e-01 -7.189800078976044e-01
-2.424225987660329e-03 1.521216643911981e-02

9
1.249887693584269e+00 -8.405023916529707e-01
1.078842672132223e+00 -8.251805312206548e-01
1.265386472755343e+00 1.191038992421615e+00
9.900617176271189e-01 -2.995554566901606e-01
-5.861073534851161e-01 -7.127946583516074e-01
-1.599638153746145e-04 -1.251714090046813e-03

10
3.697494928932743e-01 5.215972363275753e-01
-5.596791030076268e-01 -2.405212779399404e-02
-5.378106132707465e-02 -2.533324557838307e-02
6.473249362728470e-01 2.783030223142305e-02
-6.292017789320984e-01 -6.853117592503023e-01
1.257715497575185e-02 -7.737426152381169e-02

11
7.376202685184217e-01 -3.726517913048757e-01
3.485001611376930e-01 -3.742268946131328e-01
2.609609601917079e-01 -2.672612047264752e-02
4.971584013528821e-01 -4.248607911315372e-01
-5.986810593909635e-01 -7.370291208612032e-01
3.973513486065593e-02 9.143311960105049e-03

12
3.786496123712521e-01 -7.603787666605427e-01
5.874774461170348e-01 -3.001225326086442e-01
1.065902236387954e+00 -8.082484448517933e-01
1.399766207498251e+00 -9.964937400012175e-01
-5.808343696907950e-01 -7.131467699775123e-01
-5.095560796272608e-03 5.019011879122964e-03

13
3.147240339348208e-01 -5.312996428231875e-02
-5.160877260813047e-01 -2.184291819223618e-01
5.020875599715798e-01 -1.091455353848010e-01
8.150633496420823e-01 2.030629663705231e-01
-5.851531474514662e-01 -7.148972985740492e-01
1.233967015352929e-03 1.944231355167941e-03

14
1.259602802369195e+00 -4.788139471857359e-01
-3.955579548311467e-01 1.781586138448650e-01
2.287781718937582e-01 -1.085909840841041e-01
9.085259680621484e-02 4.541230275753055e-01
-5.995124218964862e-01 -7.152787788522887e-01
1.617795587237624e-02 -1.377709328205201e-02

15
4.039707732345020e-01 2.601240098897161e-01
5.243490081016462e-02 -3.353086282004811e-02
-4.739789357319551e-01 1.199949390723686e-01
5.446373101430552e-01 -1.292094285576513e-01
-6.079735397831392e-01 -7.133499317084110e-01
2.256785822096716e-02 -2.521794105397459e-02

16
-1.100516161716767e-01 -1.530558112228841e-01
7.263520791643444e-01 -2.963891260144872e-01
-4.551549845346447e-01 1.553853337010046e-01
1.007144117070287e+00 -3.773458232694642e-01
-5.883009725667138e-01 -7.144666620548518e-01
3.933116249826597e-03 -2.022060973971459e-03

17
9.612176756341023e-01 -9.170169568648979e-01
4.544719740950101e-01 2.271318658357727e-01
-1.436606883905912e-01 -3.919494646113819e-01
3.557955285822190e-01 -1.559677926349435e-02
-5.825003081616943e-01 -6.967190977497448e-01
-2.183854759274534e-02 -1.345675387069562e-02

18
-1.317391078199396e+00 1.627661542954946e-01
-1.058931309594020e+00 -6.620081848195600e-01
9.282961602365732e-02 -2.237320239443156e-01
1.200380223600470e+00 7.535161396877929e-01
-5.095820151289140e-01 -6.801119744187345e-01
-1.141815187994176e-01 5.154809833669079e-02

19
3.752056514051808e-01 8.451118027798034e-01
-3.765085871731853e-01 -1.046493756934220e+00
-4.240897025596194e-01 -1.125419497382301e+00
-6.703159227667221e-01 -1.820147333761535e+00
-5.736513635409608e-01 -7.845981950661632e-01
6.779091663419878e-02 8.530795145055650e-02

20
6.900304539962793e-01 -2.958695902220334e-01
-3.097805405435242e-01 -1.604826431414218e-01
3.448234264431142e-01 2.877496809508152e-01
5.413835358308350e-01 5.046076477101561e-01
-5.867047106540700e-01 -7.125359302750653e-01
1.536981067020210e-04 -2.183330193552910e-03

21
-4.453703943329521e-01 -8.929282703216502e-01
-4.449511630446642e-01 -9.432785736805799e-01
4.180434669436830e-01 9.035339799117884e-01
7.234762058074752e-01 1.549085665569471e+00
-5.100198550614423e-01 -8.383848342989836e-01
6.379767105407161e-02 2.110581688910855e-01

22
4.611852909277128e-01 3.075302608232144e-02
-2.337602405472875e-01 -2.538086052493091e-01
-2.414371555339320e-01 1.086290509819607e-01
2.579972071211122e-01 1.426796506190841e-01
-5.880457907539416e-01 -7.237836477789841e-01
1.412612268740994e-02 7.682906819788341e-03

23
-9.311443866064979e-02 1.304851394813180e-01
-4.693245844067626e-01 -1.775845884046287e-01
-2.616595155889772e-01 -1.415942539677644e-01
6.371445534108306e-01 2.764874888232235e-01
-5.857775932134096e-01 -7.164174144787749e-01
3.570364006135915e-03 2.780498624215149e-03

24
-1.833824664954585e+00 1.397765299675950e+00
1.405338280530164e-01 5.827867052874816e-02
-1.681256575988537e+00 1.415908669394605e-01
1.926409931883579e+00 -2.159002214347861e-01
-5.252537079099919e-01 -7.215818905989019e-01
-5.182138772459627e-02 7.589174025654841e-02

25
1.554223006607743e+00 -6.952686120486162e-01
-1.872591733489993e-01 -8.129119732261551e-02
-5.903513238074481e-01 1.600900060622488e+00
-6.793624587652731e-01 1.819920927964018e+00
-6.170182349940238e-01 -7.438731700892555e-01
6.594960483452589e-02 -4.506931945637530e-03

26
1.341503777827758e-01 4.660842522980077e-01
7.479494168291908e-01 -2.612304201787251e-03
-6.943495260340339e-01 4.595694767059805e-01
1.130298786385858e+00 -5.360062536146282e-01
-5.859569417264601e-01 -7.125719522655493e-01
-5.618301644520665e-04 -1.308133451470495e-03

27
-2.917471063096569e-02 4.069639242925800e-01
-4.089865716708345e-01 -5.594079127029975e-02
-4.178808140942129e-01 -8.165509351834396e-02
6.920089452852235e-01 1.127908910473586e-01
-6.053509162406780e-01 -6.422875590036645e-01
-5.979492172833915e-02 -9.411448713765026e-02

28
5.465797748550644e-01 -3.105659613733777e-01
-3.898048313223698e-01 -1.941443065289128e-01
1.186100072180408e-01 -2.728676290082709e-01
2.773435571573288e-01 1.952892170255324e-01
-5.991194597248026e-01 -7.051474905142119e-01
4.416314685895983e-03 -2.357822498594254e-02

29
2.323293175784775e-01 1.936679439009613e-01
5.307054189858063e-01 -4.374766984611655e-01
-3.124470515486398e-01 2.745582341479063e-01
7.192092521275827e-01 -5.972438481191955e-01
-5.909347756827261e-01 -7.168801256193574e-01
9.302891598495565e-03 -2.536610969163113e-03

30
-2.944656300188354e-01 2.875248028232070e-01
-9.755459095202409e-01 -2.972408753588859e-01
1.934030906919431e+00 1.665003260323842e-01
2.369052118500069e+00 4.049647956839482e-01
-5.872174985835852e-01 -7.143732964016586e-01
2.733081346457531e-03 -9.011003951997822e-04

31
5.786211083404604e-01 8.446840892552583e-02
-1.098864147767191e+00 1.364063651752169e-01
-1.056743233148172e-01 -8.111630391929692e-01
-1.002748526935686e-02 2.919047530213448e-01
-5.853343120537783e-01 -7.140290187677283e-01
4.431500448360927e-04 8.632554146606070e-04

32
1.884264853319999e-01 -2.586052994205817e-02
-3.036022044083311e-01 -3.300667304036886e-01
-2.302400781086471e-01 3.567220999195144e-02
3.599389616330591e-01 2.316057747843866e-01
-5.860916773933069e-01 -7.133853968136075e-01
4.868273407889534e-04 -6.369406984312445e-04

33
3.261324071915500e-01 -6.257473395589136e-01
3.984384440946325e-01 -1.351483945162381e+00
8.831410478852729e-01 1.693056127766522e-01
4.446121287482669e-01 -6.331142957699718e-01
-5.853705569560710e-01 -7.138095375192449e-01
2.335959881031019e-04 6.007210866473802e-04

34
-6.763119241422473e-02 1.485842742198657e+00
-3.279516327617681e+00 3.150390409812928e-01
-9.524884735458102e-01 -4.566691296107261e+00
-1.565875203463196e+00 -1.531758280520561e+00
-5.852153833875017e-01 -7.135767808886899e-01
-1.843579864205902e-04 5.394828080914453e-04

35
6.330859361029827e-02 3.761466655439824e-01
-2.887711040613240e-02 -1.025825312258938e+00
1.552027388464027e-01 -9.083544696330068e-01
1.996658371177687e-01 -1.584506658453227e+00
-5.865478538506143e-01 -7.131758657062324e-01
7.129516880929037e-04 -1.360458500789843e-03

36
-1.175934422048710e+00 6.255231849514746e-01
9.976010477994274e-01 -3.334164581790904e-01
-1.108614565366023e+00 4.326763375021808e-01
1.773277957079745e+00 -6.420371396365679e-01
-6.024001923917938e-01 -8.120086235987499e-01
1.276002899863256e-01 8.076979533523033e-02

37
1.109861823929253e-01 -5.156019667157880e-03
-2.266983536784118e-01 -8.064982439083465e-02
-3.857804061792322e-01 -1.370348949504719e-01
5.426752007442017e-01 1.876868526884798e-01
-5.833314113059400e-01 -7.132842387874241e-01
-2.417051049394192e-03 2.357020265918943e-03

38
-7.433829476790571e-03 -1.336448360140255e-01
3.395470140580414e-01 1.090906299445700e-02
-6.042755925372734e-01 -2.905965027725188e-03
8.462927948709735e-01 6.742877497298009e-03
-5.841269828699504e-01 -7.139093542816836e-01
-9.115922758976945e-04 2.096559843946216e-03

39
-2.101335915267095e-01 2.658958043468181e-01
-7.773322584342299e-01 -4.247295572844604e-01
7.114282624093656e-01 2.270754631939669e-01
1.268460103282601e+00 4.525811290310117e-01
-5.852364207491078e-01 -7.115592395032004e-01
-2.426191311153516e-03 -1.523688007927523e-03

40
3.319799174874610e-01 -1.893506186060724e-01
-6.286922812627538e-02 -3.642064550787592e-02
-3.726360111924273e-01 -1.291723357695105e-01
4.426226623212051e-01 1.550540013491075e-01
-5.564789933767398e-01 -7.107075276678649e-01
-3.245302543680072e-02 2.987285128371342e-02

41
-1.489514948082032e-01 -1.046832820915869e-04
-9.940293476572290e-02 -2.879210026133261e-01
-5.970927955316316e-01 -3.408075566435272e-02
4.862020895646836e-01 1.572134598109823e-01
-5.857296761908541e-01 -7.134988150704654e-01
2.480957036305742e-04 -1.162228147046634e-04

42
4.883713189213105e-01 -6.994791893064568e-01
7.915447434981622e-01 -2.297870259706379e-01
1.324420962161511e-01 1.375353372886217e-01
9.201429117725531e-01 -2.465303596462953e-01
-5.554267106662060e-01 -7.030150968613276e-01
-4.214549115008070e-02 2.327677722722787e-02

43
-7.402439909993079e-02 5.501452255555275e-02
-2.712861469278254e-01 -1.299273065396050e-01
-4.269473080035734e-01 -1.492839684232219e-01
6.113851515527826e-01 2.035113215327364e-01
-5.850475324500385e-01 -7.124125504697183e-01
-1.659973107698852e-03 -4.491806036230316e-04

44
-1.060273368106508e-01 -2.981723058393737e-01
-6.033378222391509e-01 1.991038573831790e-02
-2.525052977773508e-01 -7.889199177329930e-01
5.077936384620988e-01 3.387285429197244e-01
-5.854817583001737e-01 -7.136123910931821e-01
1.248701368472295e-04 2.766859360662476e-04

45
5.538270930219429e-01 -8.836921403911951e-02
3.507664121951563e-01 -4.106936114442712e-01
-9.257306199065488e-02 8.005108985277905e-02
4.314664518617051e-01 -4.734189844557576e-01
-6.115425072551470e-01 -7.149772014839820e-01
2.800112690861304e-02 -2.757625517590200e-02

46
6.836494123774461e-02 -7.005943256639594e-01
5.626712247561468e-01 1.381290365736093e-01
-5.184043339429972e-01 -1.175715230256662e-01
9.050301731350688e-01 2.162741268910670e-01
-5.955774435757087e-01 -6.194816498486297e-01
-9.525678312943821e-02 -1.062064152917347e-01

47
6.834610575396414e-01 9.792759124325543e-03
1.461820163811544e-01 -2.059688078859920e-01
-1.587490762899441e-01 1.715521072504403e-01
3.946853037475105e-01 -2.009532897020458e-01
-5.922460206909387e-01 -7.167850338216677e-01
1.052178980137118e-02 -4.103580451489354e-03

48
4.522804635384315e-02 -1.946353981678228e-01
3.829558328194104e-01 2.524868638225476e-01
-6.815134359610849e-01 -3.636093046209614e-02
9.629631431452860e-01 1.223531758921861e-01
-5.850154037735034e-01 -7.131928697040703e-01
-8.171591683127559e-04 3.756988459827367e-04

49
-2.414104187205676e-01 2.027873626063634e-01
-7.853866833480501e-01 -4.885911261440076e-01
2.937706709703063e-01 3.169486479394612e-01
8.823049921018455e-01 6.523796732213816e-01
-5.870371352496377e-01 -7.130520883892166e-01
1.068733540408810e-03 -2.034420291568660e-03

50
2.390650221548453e-01 -7.075905186913917e-01
7.801345870943603e-01 -5.778632915857032e-01
7.620711375049632e-01 -6.429544819567582e-01
1.158689070852988e+00 -1.131044946081129e+00
-5.850894694587038e-01 -7.142389641947782e-01
4.311320747105674e-04 1.350136328453096e-03

51
4.401626262629293e-02 8.434727711860651e-02
6.089479402737739e-02 -6.695756795230489e-01
-4.517068825883871e-01 2.672552778276924e-02
2.066389665962203e-01 -3.094427984747425e-01
-5.856683764787298e-01 -7.134074329486867e-01
8.362217409423754e-05 -1.398422063810864e-04

52
2.277683646622704e-01 5.200086756575312e-01
-3.758932050347786e-01 -5.564386831970443e-01
-7.757048408627928e-01 5.719643142407833e-01
-1.103663742840327e-01 2.605702666360250e-01
-5.858825828164238e-01 -7.129150657684068e-01
-2.521265354798242e-04 -8.778638633481691e-04

53
-1.288116481182800e-01 4.101682550308593e-02
-1.284638104855283e-01 -3.222661286557933e-01
-4.553999483266142e-01 -2.465568355695135e-02
5.531571455727570e-01 1.026868519393379e-01
-5.853403294249265e-01 -7.133139877466184e-01
-3.528257623308045e-04 1.336664911464176e-04

54
8.388756028006371e-02 2.229748934549039e-01
3.505755758659514e-01 -1.238459544709900e-01
-5.757149133880963e-01 1.846444435694355e-01
8.139796940359765e-01 -2.587917748813979e-01
-5.818482645857748e-01 -7.142119310136456e-01
-2.875790227334203e-03 4.958506396434520e-03

55
2.857304921811468e+00 -4.613585418418227e-01
-3.190299710619714e-01 -4.230024701483707e-01
4.422464243094928e-01 3.851490981093835e-01
-1.518283007242275e+00 -5.552796490001873e-02
-5.794965617167920e-01 -7.298229907124780e-01
1.225793953197421e-02 2.337797236684660e-02

56
2.525806116065951e-01 1.656653582314909e-01
-8.739559282980960e-01 -1.097979226986187e+00
6.968013429197014e-01 -6.884477639555920e-01
-5.112896930512840e-02 -6.321318770806308e-01
-5.856412355922123e-01 -7.135222720605299e-01
1.850013205032169e-04 6.695208075020513e-06

57
5.618876455853812e-01 5.354395473646209e-02
5.773486057281060e-02 -6.175479783009128e-01
-2.067252097425672e-02 -5.638193448047839e-01
3.557189219896560e-02 -9.871280175925325e-01
-5.512505703870505e-01 -6.304486590245545e-01
-1.277658801833348e-01 -4.539766000229689e-02

58
2.076347250581225e-01 -2.776120323694085e-01
1.173382465571691e-01 -5.848199030094107e-01
-4.241751862650572e-01 -6.916456579514814e-02
7.424005061837421e-02 -1.393288181665975e-01
-5.843820998670461e-01 -7.134807751218691e-01
-1.134431792297178e-03 1.377132794949361e-03

59
3.760753572828075e-01 4.201693432146220e-02
-3.928304100048746e-01 3.505117292589641e-01
-5.929783078890322e-01 -5.447891689499679e-01
3.854500675462562e-01 1.636948367388867e-01
-5.860945898298799e-01 -7.134910582411839e-01
6.082932741148929e-04 -5.333923622586378e-04

60
1.868222414173708e-01 -1.386359780149403e-03
-1.336939464843552e-01 -5.792739315637697e-01
-8.139081156629934e-01 2.401458468083962e-01
-2.189429053936909e-01 2.102342504892715e-01
-5.856534650109847e-01 -7.134737127288933e-01
1.428946988565737e-04 -5.611227786312368e-05

61
3.504373549141662e-01 6.740101251278817e-02
-5.620530269716261e-01 -5.946491318211092e-01
-3.681082821973160e-01 6.110305597494743e-01
-1.351358372836234e-01 7.147328412144059e-01
-5.855214220820564e-01 -7.136342581023307e-01
1.894955344803732e-04 2.543003924117503e-04

62
1.251542038230790e-01 3.458186491796972e-02
-1.070541499473498e-01 1.291221113946946e-02
-5.445646938114079e-01 -1.329351436655043e-01
5.632724486095182e-01 1.244773554029353e-01
-5.860283393315343e-01 -7.131593727811255e-01
1.692637537405042e-04 -7.943858503378250e-04

63
7.242331241211054e-01 -2.841051960697829e-01
2.731212763413952e-01 -1.461254971307043e-01
-3.185142823465362e-01 7.178994826174127e-02
2.449128372974262e-01 -9.715636932335925e-02
-5.767927833361443e-01 -7.191558791621644e-01
-2.440791331811732e-03 1.562723656458165e-02

64
6.973657631476350e-01 5.201895222892366e-01
2.521567869096042e-02 -7.728567383096419e-01
-1.947981850464759e-02 1.450909726917914e-01
4.180977968175713e-02 -8.884322725621098e-01
-5.515262721787586e-01 -7.155479221131289e-01
-3.203030178220677e-02 4.032162975659689e-02

65
5.029910893338079e-01 -1.141260565816593e-01
-2.347434037813284e+00 -2.881940717056682e-01
2.306642302025552e-01 -3.004500656451769e+00
-1.263589609583801e+00 -4.738413898294149e-01
-5.853832024731727e-01 -7.132858171659480e-01
-3.410838188605490e-04 5.709707412113896e-05

66
8.181575429199950e-02 3.392948074566603e-01
6.472736725016223e-02 -1.106380659514406e+00
3.120033855456996e-02 -7.312421426763213e-01
8.175963565124686e-02 -1.515844967758570e+00
-5.852152330299086e-01 -7.111346340417063e-01
-2.923895448566884e-03 -1.929163645489796e-03

67
2.819457154928806e-01 -5.321043158220183e-02
-5.234430587856014e-01 -3.058304777327075e-01
2.002323750763945e-01 -1.470558824207524e-01
4.964414025767382e-01 2.043949774168012e-01
-5.863446260829041e-01 -7.128718287180495e-01
1.664627285194858e-04 -1.439852546503564e-03

68
4.484668583748328e-01 -1.760137064433559e-01
-3.519214662830553e-01 -2.836599595132054e-01
1.239417033122580e-01 1.584325141205542e-01
4.326335780629082e-01 3.833893018775307e-01
-5.756618727573618e-01 -7.130168276085964e-01
-1.047029935716220e-02 1.068970250042441e-02

69
8.140515874966693e-01 4.138271085689976e-01
1.452194346021596e-01 -2.234712010181495e-01
-1.989544494268201e-01 1.956214617531997e-01
3.543295905250732e-01 -5.658040982234109e-01
-5.806099574225445e-01 -7.028623637688624e-01
-1.685856566818627e-02 -5.125974195746032e-03

70
-7.134204074915816e-02 3.377712988978529e-03
-3.381193320924005e-01 5.317199439638026e-02
-4.660767890038447e-01 -2.677976275184305e-01
6.726121487061647e-01 3.186147548365639e-01
-5.853463929642112e-01 -7.137085389507080e-01
9.587681733686338e-05 5.257246528948727e-04

71
1.587637021007966e-01 -5.427913483994846e-01
5.090278033558151e-01 -5.439799940164016e-01
5.247775337491624e-01 -5.884309205914705e-01
9.735422297253060e-01 -8.794979161038253e-01
-5.860915326171630e-01 -7.128206432564593e-01
-1.468098673394042e-04 -1.207698972127246e-03

72
8.813919970265810e-01 -6.108587422040632e-01
2.469741761381770e-01 -1.684605209565004e-02
8.584448972663402e-01 -2.353991982868786e-01
1.041606214395045e+00 -2.734333056963659e-01
-5.617674299064779e-01 -7.287891532409820e-01
-6.824462463956064e-03 4.221982556289841e-02

73
7.469154851747412e-01 -9.933693072562901e-01
5.112534028018269e-01 5.151026523683844e-02
-1.678429183442030e-01 -4.565262896923340e-01
3.490347818184711e-01 -8.545653589563235e-02
-5.806086833860936e-01 -6.960236950964431e-01
-2.453087043915913e-02 -1.203789208673077e-02

74
1.582948566092197e-02 -2.893712405584071e-01
6.872247978368319e-01 3.844012358733330e-01
-8.687302074552151e-01 2.409544529955756e-01
1.152318747284901e+00 2.684813734080547e-01
-5.856858330117609e-01 -7.135301327518865e-01
2.389031762029677e-04 -3.538372313353922e-05

75
-3.543358900215481e-01 2.660637797385121e-01
-6.698315343691099e-01 -1.169370483128112e+00
9.856070465107800e-01 -8.197673720835549e-01
7.563055513716068e-01 -9.441833706124679e-01
-5.856476290727717e-01 -7.132782673749303e-01
-8.223836982717058e-05 -2.471456547506601e-04

76
-7.125390160739843e-02 -2.004815260121377e-01
2.252100214094900e-01 -5.022000020006381e-01
-6.536917057304860e-01 -2.297626265752567e-01
2.466600627690207e-01 -2.670962773480848e-01
-5.853894425977860e-01 -7.133493643012382e-01
-2.634939668073166e-04 1.143385219147683e-04

77
-5.961857563843145e-02 -9.842898626145168e-02
2.555017207444049e-01 -6.141179133727283e-01
-4.396935991589400e-01 -2.802619885218919e-02
3.988591465289585e-01 -3.240498966828745e-01
-5.857327188758291e-01 -7.133626972220390e-01
9.848658860463009e-05 -2.572400875002571e-04

78
6.452479621950350e-01 7.632367137545927e-02
-4.293025254086604e-01 -8.103523930745644e-02
5.633371277110226e-01 7.865864804489808e-02
8.363675159475569e-01 1.326738618185971e-01
-6.565802590876042e-01 -7.710345180319287e-01
1.364108569235880e-01 -2.142617964620323e-02

79
-1.159204587495548e+00 -1.172703896402824e+00
-3.714323096651291e-01 -3.909186546829104e-01
-4.595849488622574e-01 -7.561772830594206e-01
7.306657497588643e-01 1.025343980751348e+00
-5.412513007408740e-01 -7.963026643650337e-01
4.816608872171095e-02 1.334837734105956e-01

80
8.011676606438594e-01 -1.767242684784866e-01
-8.761702731991718e-02 -1.801850511412313e-01
5.220920457624968e-01 -4.375937653589614e-01
5.770912220710187e-01 -4.939960208703461e-01
-6.198784294478462e-01 -6.760562956827235e-01
-7.229970260533444e-03 -7.627268168880434e-02

81
1.345348797193998e-01 -4.393816326207113e-01
6.511801978824967e-01 -7.231797187746242e-01
3.557811414391177e-01 -3.060051794419559e-01
8.511082951231840e-01 -9.205874325495510e-01
-5.810907207882050e-01 -7.132531356151740e-01
-4.717098728845033e-03 4.838986924228177e-03

82
2.463140422982090e-01 7.824411350028680e-02
-2.813150033033738e-01 -8.435900384068656e-02
-3.074486056783449e-01 -9.174939145850987e-02
4.926246830220876e-01 1.475072107440897e-01
-5.783111132985280e-01 -7.652750524707532e-01
5.082654966650149e-02 6.054690267850574e-02

83
-8.853871525227848e-01 -1.830628219822197e+00
1.851074257588449e+00 -7.676644902953706e-01
1.856343081999946e+00 -7.033499535196222e-01
3.102305358848228e+00 -1.234711891137282e+00
-6.203167820348084e-01 -6.575702140563178e-01
-2.752289074524540e-02 -9.545233684909279e-02

84
1.866324800672610e-01 5.229502694416968e-01
8.439956749303645e-01 -1.253563550177988e-01
-6.005746812375643e-01 7.585992112255999e-01
1.179862194778533e+00 -5.270762295490881e-01
-5.850611694633283e-01 -7.136739645930016e-01
-2.312437991006934e-04 8.107113710389649e-04

85
-6.760253327231630e-03 1.419836200631104e-01
7.947719313893649e-02 -6.361234473725379e-01
-7.847377299824565e-01 -1.220816132473581e-01
-1.323745681114311e-03 -3.974430088663011e-01
-5.855616632512813e-01 -7.133932806468269e-01
-4.013116976082235e-05 -3.444754202312322e-05

86
1.566242503282803e-01 -5.515722894868200e-02
-3.344828114531379e-01 -2.021387955531946e-01
-2.227915513344397e-01 -9.516627846531871e-02
4.610961990652140e-01 2.535525144718520e-01
-5.884511440037189e-01 -7.130310774638773e-01
2.474615074796391e-03 -3.641771266313876e-03

87
-4.342687872605892e-02 2.154889382196349e-01
-3.021575861193139e-01 -8.258216579389592e-01
-5.987179210700362e-01 2.204731350644893e-01
-1.062882819139531e-01 5.387740069266148e-02
-5.853836168001240e-01 -7.134901932702885e-01
-1.114138354711118e-04 2.632402117543396e-04

88
3.652100261884163e+00 2.967317751139980e-01
-9.870752204002841e-01 1.543918404116036e+00
1.878819476973626e+00 1.582115450990953e+00
9.653196726034563e-01 1.455829841756389e+00
-6.020745037866889e-01 -7.178782614428890e-01
2.168388657557533e-02 -1.402314236100860e-02

89
4.028748597284073e-01 4.928334794572635e-01
3.775533348982531e-01 -3.779529150942397e-01
-3.534972293171272e-01 3.729861386682068e-01
6.191703086662520e-01 -6.360566867336790e-01
-5.817366192601955e-01 -6.750790888020468e-01
-4.688443404258461e-02 -3.447643288456220e-02

90
1.348167313811187e-01 4.947962476837142e-01
-4.150171326318833e-02 -1.013168735989839e+00
-6.329436394605745e-02 -1.524840317287748e+00
-1.354102676935017e-01 -2.157503887657809e+00
-5.824338915895694e-01 -7.131694803608392e-01
-3.453097594782365e-03 3.247767326615537e-03

91
-2.441857313507460e-01 1.670338009645321e-01
-7.402317050886075e-01 -5.322476806502723e-01
1.357974171597440e-01 3.302672299180718e-01
7.284090256677598e-01 6.622288349010563e-01
-5.864639457127344e-01 -7.130687852756485e-01
5.080138669832839e-04 -1.374587484109608e-03

92
6.649306938984173e-01 -4.404776711563932e-01
-1.560049673741757e-01 -2.903381423651482e-01
5.249600273548447e-01 1.344274177224627e-01
6.000918982919963e-01 2.543690205633160e-01
-5.829849096737998e-01 -7.189338713467693e-01
3.569924244429936e-03 8.457021905542955e-03

93
1.447966775984057e-01 6.944222105997530e-02
-9.041435564226090e-02 -3.334013551212642e-01
-5.332814638956972e-01 7.708194717547304e-02
2.930235582194441e-01 5.845935665580456e-02
-5.854712141214473e-01 -7.132641294397127e-01
-2.764384657456581e-04 -6.355120567198518e-05

94
2.980041993480887e-01 -2.263413715105208e-02
-2.184804232514320e-01 -5.084131308244273e-01
-3.583179075141100e-01 1.473474711852551e-01
6.141856965227824e-02 1.405065533448451e-01
-5.860395235661068e-01 -7.132336085063279e-01
2.638412252124930e-04 -7.318849606870957e-04

95
3.344069038408888e-01 -8.067807122665603e-03
-5.510820990221396e-01 -2.165701213067541e-01
9.422661235626169e-01 3.495382516962023e-01
1.259122802862730e+00 4.828859735479576e-01
-5.913842067540608e-01 -7.165559042391425e-01
9.393547443013180e-03 -3.368505082627911e-03

96
2.768635271356685e-01 -5.857486012447225e-02
-3.615129597746166e-01 -3.391168694773746e-01
-6.679028421819132e-02 3.018497485438389e-01
4.275491763578663e-01 4.716049840382022e-01
-5.852402881286902e-01 -7.127284980243422e-01
-1.110710366993781e-03 -3.459992598528894e-04

97
7.874962332742089e-02 -5.716841228358513e-01
-2.810380699462955e-01 -4.902524521757120e-01
-3.341939192778142e-02 1.793854577457036e-02
3.176600281205482e-01 5.675254714991337e-01
-6.437139179881941e-01 -7.483066614382218e-01
9.790990543412183e-02 -2.996989521807225e-02

98
7.958921007651465e-01 -2.381676562174532e-01
-2.335492081574606e-01 -2.170876552764061e-01
3.985425219439233e-01 4.571871485144537e-01
5.360140956891937e-01 4.520216171467942e-01
-5.848200048531758e-01 -7.135579613219278e-01
-6.051641919020466e-04 9.639585842477032e-04

99
4.632476983605613e-01 -3.320760046876615e-01
-3.205497909627214e-01 -3.413246700130176e-01
2.805789712426643e-01 3.460452578490733e-01
5.079592437861524e-01 5.759391992402880e-01
-5.956356771868178e-01 -6.760134755741576e-01
-3.178548541448976e-02 -4.912258288569164e-02

100
3.643652400226806e-01 1.046573057228009e+00
-9.373895798805023e-01 1.610282601192305e-01
8.620442649521534e-01 -1.755664813856049e-01
1.507748094482968e+00 -2.845305746795254e-01
-5.501621203177499e-01 -6.112786821227004e-01
-1.503694095704416e-01 -6.355604569499863e-02

101
1.208515533536438e+00 -3.276706880092073e-01
7.922827257547497e-01 3.767400444254104e-01
-4.941929796580846e-01 6.643434482720655e-01
5.694752667587782e-01 1.264831116288939e-01
-5.736771526048373e-01 -7.172018554408589e-01
-7.782296664805322e-03 1.714671531562974e-02

102
-2.393448666699434e-01 2.927664710880113e-01
-9.509838326359975e-01 -2.921318219155470e-01
1.280655552659006e+00 4.460102108930097e-01
1.854354518575364e+00 7.360956166920479e-01
-5.857587010419498e-01 -7.158535630983434e-01
2.918786663437522e-03 2.231681557604088e-03

103
8.209508578809044e-01 -1.006154245328570e-01
-2.432316527289642e-01 3.875048128252019e-01
-3.986715991055928e-01 -3.359412786264342e-01
2.846687623759178e-01 1.695032415551098e-01
-5.836139955729828e-01 -6.995399944638692e-01
-1.754846496576551e-02 -1.185428949136165e-02

104
1.990045975549914e-01 -2.482198529519907e-01
-2.412037846014974e-01 -1.976522309899878e-01
-2.394202712882199e-01 -1.418400181935073e-01
3.996855435647363e-01 2.860559429024099e-01
-5.561324510773153e-01 -6.479451621560917e-01
-1.032046515166612e-01 -3.318615913653546e-02

105
1.316307354942324e+00 1.896721323176250e-01
-4.145405053400559e-03 -1.221854277283097e-01
-7.625787398693737e-01 -1.126080473152584e+00
-8.787009248397365e-01 -1.308987063348787e+00
-5.248369041995455e-01 -7.081571801810459e-01
-6.730140191968709e-02 6.278796561602394e-02

106
1.911132094181270e-01 -2.784560974426618e-01
-6.403772705785905e-01 -2.682077834155245e-01
7.347861656464311e-02 -4.322429409328561e-01
3.147115638298138e-01 3.432690367408548e-01
-5.858424109623903e-01 -7.129634307281891e-01
-2.384855099718793e-04 -7.839095064231932e-04

107
-2.475740281448524e+00 -4.184185002622563e+00
4.160646120163048e+00 3.751520802037236e-01
2.196661980974990e-01 -3.941194330288524e-01
4.812017365661083e+00 2.963497972165685e-01
-6.288272677281409e-01 -7.232616861664443e-01
5.476744312738729e-02 -3.858982736269595e-02

