52

0
-1.439391460970390e-01 -1.120700816248160e-01
7.469086914424817e-01 -3.423634627805028e-01
-8.530348099140981e-01 3.666404647791898e-01
1.000000000000000e+00 0.000000000000000e+00
1.520069916052668e-02 1.026395139342535e-01

7
1.021401947134831e+00 1.786504835198593e-02
-9.916734388653690e-01 -2.100146594550639e-02
1.682777130073343e+00 2.875276590167669e-02
1.000000000000000e+00 0.000000000000000e+00
-9.554265840106217e-02 -1.223773379994691e-02

8
5.671532718722850e-01 -3.310596161954829e-01
-4.782264361303166e-01 -4.509090251817317e-01
3.913176054313902e-01 1.277576846794871e-01
1.000000000000000e+00 0.000000000000000e+00
-1.471690324633716e-02 -1.211394372450702e-02

9
1.609342730660064e+00 5.982988975437376e-01
-7.608549764119180e-01 2.177079715794652e+00
4.303818403782937e-01 2.398444481117309e-01
1.000000000000000e+00 0.000000000000000e+00
6.355439384392763e-04 -2.507243139574096e-04

10
-5.312192975268520e-01 6.937045572323910e-01
-5.565441878952972e-02 6.795035693127653e-02
6.104061417318495e-01 -8.062793014274855e-01
1.000000000000000e+00 0.000000000000000e+00
5.191177427645950e-02 6.200153403068098e-02

11
4.938133258827401e-01 -2.480759351240118e-01
3.016555455632626e-01 1.684703347811381e-01
6.547047724947719e-01 -1.761033997755475e-01
1.000000000000000e+00 0.000000000000000e+00
-3.060166657938898e-02 3.680039196491069e-02

14
-3.232538589493444e-01 2.840415339192519e-02
1.819676563138368e-01 -1.336877369646255e-02
-7.001652361446031e-02 3.429638970692149e-01
1.000000000000000e+00 0.000000000000000e+00
9.094462664645496e-04 2.301128373464585e-02

15
7.931388735718956e-03 -1.592133209134227e-01
-6.799690540390338e-01 7.324519917402134e-01
7.843186289408850e-01 -8.399659448670945e-01
1.000000000000000e+00 0.000000000000000e+00
3.826939974801036e-03 4.300949489959567e-02

17
1.315968717789393e-01 3.352268363333205e-01
1.265685842133271e-01 -3.263894240690426e-01
1.841290277486239e-01 1.761908030861364e-01
1.000000000000000e+00 0.000000000000000e+00
2.575188539670067e-02 -1.107419215136248e-02

18
7.362789088899487e-01 5.950823528540059e-01
-1.036419922989470e-01 1.541833081510603e-01
-8.339275380188057e-01 -6.761962431617584e-01
1.000000000000000e+00 0.000000000000000e+00
1.022778981903449e-02 -1.232451486852187e-01

19
-1.165671210670036e+00 -3.447038268913993e-02
-1.254255474404661e+00 -2.826918900579456e-03
-2.025450785122247e+00 -3.084784896531323e-02
1.000000000000000e+00 0.000000000000000e+00
-1.354838231598938e-01 -9.290006091833593e-03

20
-4.457593308822494e-01 -5.157832005730095e-01
3.365862524363926e-01 4.387588804526922e-01
5.622618147683788e-01 9.072379014055194e-01
1.000000000000000e+00 0.000000000000000e+00
2.774896531957287e-03 2.867879954087655e-03

21
1.021470813248441e+00 1.829050017002681e-02
-9.891290075829081e-01 -1.976036667696607e-02
-1.684143268783868e+00 -3.070460476805237e-02
1.000000000000000e+00 0.000000000000000e+00
-1.501867675402973e-01 -4.681435304058643e-02

22
-5.370831610567663e-01 -5.059980079535560e-01
-5.147548845911760e-01 2.689466618910880e-01
5.994121127156764e-01 2.579015290915299e-01
1.000000000000000e+00 0.000000000000000e+00
-1.782706003692951e-02 9.320085985801762e-03

24
-4.506892942841010e-02 -3.860153965943339e-02
6.525089053838197e-01 3.863847954877865e-01
-7.634607448537156e-01 -4.247271559759320e-01
1.000000000000000e+00 0.000000000000000e+00
-2.493592694199612e-02 -1.004957313373538e-01

25
-8.443331003128245e-02 -6.981737085346412e-02
-7.051048046514024e-01 7.023137476822937e-01
-8.097997146256036e-01 7.983625204055549e-01
1.000000000000000e+00 0.000000000000000e+00
-4.202272962784945e-02 4.624025367318212e-02

27
-5.940734725300979e-02 1.023488266080953e+00
-1.278532375545629e-01 1.025206295032439e+00
1.510178196020225e-01 -1.714155407655413e+00
1.000000000000000e+00 0.000000000000000e+00
1.257480326391146e-01 2.048163712239946e-02

28
-4.024811678998544e-01 -5.791879174521303e-01
3.853933209451309e-01 -2.595971686776783e-01
2.917529365226956e-01 4.768474165675833e-01
1.000000000000000e+00 0.000000000000000e+00
1.744916400755754e-02 1.740273729463598e-02

36
-7.008525992914734e-01 -4.213595921090693e-02
8.395517412860701e-01 2.429382513824307e-02
-1.298564911498966e+00 -5.866452651368609e-02
1.000000000000000e+00 0.000000000000000e+00
-1.674336084009677e-01 4.621137625897657e-02

40
-1.015327022751221e-01 -1.607762161529148e-01
-7.027428196918907e-01 -7.640824529534774e-01
8.316476796678924e-01 9.113954844721639e-01
1.000000000000000e+00 0.000000000000000e+00
3.935042894964363e-03 -4.706558513833634e-02

42
7.380992199127864e-01 6.056129906302903e-01
-8.810980462679732e-02 2.205046942858733e-01
8.315942489723269e-01 7.076608249514720e-01
1.000000000000000e+00 0.000000000000000e+00
1.607165891357600e-02 -5.975985676358719e-02

45
7.249740220422519e-01 -5.482333317558865e-01
-3.905384423928721e-02 2.255776820068506e-02
8.589778844152433e-01 -6.185098457578777e-01
1.000000000000000e+00 0.000000000000000e+00
2.993854820049869e-03 5.504135163365084e-02

46
-1.313227800625175e-01 8.607631429215958e-01
1.158062075196542e-01 -7.991885706209816e-01
-2.097664047382287e-01 1.389902015992712e+00
1.000000000000000e+00 0.000000000000000e+00
1.489121692982978e-01 -6.836609577497571e-03

47
1.899825822754515e-01 -3.273100235590921e-01
-1.386396104060262e-01 2.379656416646706e-01
4.842422387107009e-01 -2.777874655274715e-01
1.000000000000000e+00 0.000000000000000e+00
-3.853552939420178e-03 1.417871344219301e-02

52
-6.893685946982610e-01 1.271747885291299e+00
1.781632201671736e+00 1.010053157968847e+00
3.509963513864918e-01 3.492663130264191e-01
1.000000000000000e+00 0.000000000000000e+00
-1.701582617990526e-04 8.744342565318009e-04

55
-9.693325732495915e-02 -1.557016955628195e-01
1.291207538849833e-01 1.547811625937627e-01
-5.168493433933793e-01 -9.998859447849175e-02
1.000000000000000e+00 0.000000000000000e+00
-2.689765044963548e-02 -6.943722469104033e-03

57
-4.339312148011962e-03 -1.083191118821196e+00
-1.250072439519296e-01 -9.928455484026619e-01
-9.956152047542717e-02 -1.737690470157214e+00
1.000000000000000e+00 0.000000000000000e+00
9.824541169310218e-02 -7.190303528817552e-02

63
3.972808284540174e-01 2.624553393383244e-03
-3.886291698452784e-01 -2.769420253925658e-02
3.109484408616822e-01 2.388753849112288e-02
1.000000000000000e+00 0.000000000000000e+00
-1.346843261109881e-02 -1.286105231243096e-02

64
-5.140416445418505e-01 -7.308373680842176e-01
2.361226967928510e-02 1.374696239045986e-01
-5.664245793202661e-01 -8.452060932322131e-01
1.000000000000000e+00 0.000000000000000e+00
-1.365548673851761e-02 -5.751388100425991e-02

68
-5.501343930689393e-01 -7.977136865466741e-01
2.077517199185244e-01 2.971999445577442e-01
6.713664910089011e-01 9.708670119548063e-01
1.000000000000000e+00 0.000000000000000e+00
3.778569449612675e-03 -1.233170017024613e-02

69
-1.585103774713487e-02 -2.589622990139160e-01
-5.536382693386997e-02 2.175558407373601e-01
1.776048437247585e-02 -6.780160647358701e-01
1.000000000000000e+00 0.000000000000000e+00
1.738654543332305e-02 -1.079635653325388e-02

72
1.727548410195803e-01 4.469633432494253e-02
6.976339982579501e-01 2.540656431984756e-01
8.436080199193081e-01 2.968142478438557e-01
1.000000000000000e+00 0.000000000000000e+00
-6.346065129465117e-02 -2.321996142712340e-02

73
1.919692325601946e-01 3.856002970337860e-01
2.109752913423837e-01 -2.975173233582903e-01
1.911318326420195e-01 1.913319064258455e-01
1.000000000000000e+00 0.000000000000000e+00
2.854694535634593e-02 -1.271287490063737e-02

78
-6.967614478401226e-01 -4.832209757047727e-02
8.442885481391565e-01 2.186664304395168e-02
1.295246044420009e+00 5.766839216356587e-02
1.000000000000000e+00 0.000000000000000e+00
-6.380660725537890e-02 1.028060560249319e-01

79
3.169479185206835e-01 -2.524043370431872e-02
5.191106075770104e-01 1.081656585115016e-01
-7.429950838499804e-01 -8.858586609676811e-02
1.000000000000000e+00 0.000000000000000e+00
-1.288637895855691e-01 -4.252809545968633e-02

80
-7.026193702635472e-02 -1.726173231407765e-01
7.432592130146369e-01 -3.618387653481545e-01
8.429526380494849e-01 -4.031364660269723e-01
1.000000000000000e+00 0.000000000000000e+00
7.862066552008347e-02 4.436226308216189e-02

82
-1.159097144405742e+00 -4.597898986547894e-02
-1.255270774820478e+00 6.937851188486721e-03
2.018897883022144e+00 2.997366747096641e-02
1.000000000000000e+00 0.000000000000000e+00
-8.740860804638412e-02 2.197370852533994e-02

83
-7.106835335694722e-02 1.025558357485427e+00
-1.068105943365525e-01 1.013160723969242e+00
-1.463444611575486e-01 1.706644906187415e+00
1.000000000000000e+00 0.000000000000000e+00
7.503942403121554e-02 5.820595070433365e-02

88
-2.377766620043637e-01 4.548969315934481e-01
5.466222316326627e-01 3.932901800701213e-01
2.601656516099187e-01 3.820617942199754e-01
1.000000000000000e+00 0.000000000000000e+00
1.845816414508889e-03 2.557270221854984e-02

89
-8.297537507078734e-02 -8.459017120626040e-01
6.105799382416194e-02 7.844586200607422e-01
-1.216290837265955e-01 -1.375499376651862e+00
1.000000000000000e+00 0.000000000000000e+00
1.031676635971465e-01 -1.808165708242598e-02

92
-1.592839250312514e-01 -3.951888088725528e-01
5.996340564101293e-01 6.004384555684126e-01
7.156261715652461e-01 8.046322577124294e-01
1.000000000000000e+00 0.000000000000000e+00
-6.638891321350836e-03 -1.441127824905643e-02

94
3.393297142111393e-01 -2.181805350312369e+00
-1.625706884445117e+00 -2.985313741585615e-01
4.561766106052017e-01 2.461946596301445e-01
1.000000000000000e+00 0.000000000000000e+00
6.749776212498310e-04 1.943999481614363e-05

97
7.694945427718365e-01 -5.446016772855949e-01
-3.389766003790894e-02 -6.919980608994819e-02
-8.915879773519495e-01 6.226577682141616e-01
1.000000000000000e+00 0.000000000000000e+00
-5.243250599571026e-02 8.034202525772263e-02

98
-4.121963104734031e-01 -5.448453918055099e-01
2.799502090179001e-01 5.453886450503365e-01
6.831973828587959e-01 7.978257769362848e-01
1.000000000000000e+00 0.000000000000000e+00
-2.157250867225653e-03 -1.613609141324467e-03

99
-8.526242884817342e-02 -8.443160197396482e-01
5.845724705029043e-02 7.896026905751193e-01
1.218690739873753e-01 1.375181878123306e+00
1.000000000000000e+00 0.000000000000000e+00
4.160106061427261e-02 5.004607960973876e-02

100
-1.315543920566637e-01 8.592881550121865e-01
1.175085231784945e-01 -7.992418718012733e-01
2.072210400847478e-01 -1.390650653997097e+00
1.000000000000000e+00 0.000000000000000e+00
1.787891381878445e-01 -9.094932421628821e-02

101
5.138666478288840e-01 4.455011385013859e-01
-5.483409923925325e-01 4.155566311621093e-01
3.919201635180940e-01 1.494488286894050e-01
1.000000000000000e+00 0.000000000000000e+00
-7.319487022847184e-03 -1.820991211780728e-02

103
-3.503931495585372e-01 4.430910834777458e-01
-4.263078119230200e-01 -4.586191845930992e-01
2.862890837454757e-01 2.476133404084449e-01
1.000000000000000e+00 0.000000000000000e+00
2.299561575430385e-02 -7.923480957295800e-03

104
-2.387427126219299e-02 -1.097642125917800e+00
-1.181885549752276e-01 -9.823185401726229e-01
1.086161867541225e-01 1.739867263093478e+00
1.000000000000000e+00 0.000000000000000e+00
8.533744995785061e-02 -1.335391770485261e-02

105
-2.070492912377500e-02 -9.609706101356737e-02
-6.916876108348907e-01 -7.512377282781787e-01
-7.955229123096430e-01 -8.728708869420996e-01
1.000000000000000e+00 0.000000000000000e+00
-1.131154092166520e-02 -8.782866910433160e-02

106
-1.955182716614800e+00 -1.380119499611601e+00
9.623584387084136e-01 -1.370525656112356e+00
3.731803623737264e-01 3.469677164367093e-01
1.000000000000000e+00 0.000000000000000e+00
-3.910472300814254e-05 5.843049471752565e-04

107
-5.188411590689060e-01 6.721023098375344e-01
4.347014922702208e-02 8.211410844915008e-02
-5.750192111268335e-01 7.933978715804409e-01
1.000000000000000e+00 0.000000000000000e+00
-2.143319599818332e-03 6.837319421217053e-02

