108

6.406071298146812e-02 -3.087893754836001e-01;
8.442133248277249e-01 4.653104162974473e-01;
-1.245572512093735e+00 1.706594373195841e-01;
9.367715203931781e-01 1.880990058488833e-01;
-1.924408825044407e+00 -9.400841242630018e-01;
1.607709096273604e+00 -1.272669086692825e+00;

9.876029870528069e-02 -1.183357731804405e-01;
-2.026696005397151e-02 -4.416496300789174e-01;
-1.334695621640122e-01 -1.989760121610920e-01;
4.898300699799545e-01 -2.071981861648202e-01;
-1.924408825044407e+00 -9.400841242630018e-01;
1.607709096273604e+00 -1.272669086692825e+00;

1.181440356313166e-01 -5.942044140865819e-03;
-5.245120098629741e-01 -9.807670653609808e-01;
5.237519623660829e-01 -4.105556433741032e-01;
2.287232383994580e-01 -4.425616990444026e-01;
-1.924408825044407e+00 -9.400841242630018e-01;
1.607709096273604e+00 -1.272669086692825e+00;

-1.190285008708640e+00 -2.177160020330781e-01;
4.306486878508195e-01 -9.282203887423108e-01;
-1.035724355853153e+00 2.513194832298531e-01;
6.950370295597417e-01 1.309705475323201e-01;
-1.924408825044407e+00 -9.400841242630018e-01;
1.607709096273604e+00 -1.272669086692825e+00;

5.218980540802260e-01 -3.336650185206557e-01;
-9.509688433046451e-02 1.285496306605278e-01;
-2.368548040045655e-01 -6.287863277908025e-01;
3.833513583572793e-01 -1.027092049908748e-01;
-1.924408825044407e+00 -9.400841242630018e-01;
1.607709096273604e+00 -1.272669086692825e+00;

-1.957011758322014e-01 3.507647946807886e-01;
-2.522376325231858e-01 -5.351607142073914e-01;
-2.663275988301126e-01 5.742303517708967e-02;
6.081685280415298e-01 -1.141397733528868e-01;
-1.924408825044407e+00 -9.400841242630018e-01;
1.607709096273604e+00 -1.272669086692825e+00;

2.453303421621151e+00 2.671468109465141e+00;
-1.928444009759338e+00 3.900963831989539e+00;
-1.405442972898197e+00 -4.931750165237608e-01;
1.210441758168711e+00 8.911339304981374e-01;
-1.924408825044407e+00 -9.400841242630018e-01;
1.607709096273604e+00 -1.272669086692825e+00;

3.124316096065110e-02 -4.347440814731816e-01;
3.420471343917609e-01 -2.923001393961655e-01;
-4.346237245392571e-01 -2.063395402748288e-01;
5.399423896809036e-01 -1.187480311336460e-01;
-1.924408825044407e+00 -9.400841242630018e-01;
1.607709096273604e+00 -1.272669086692825e+00;

-3.539763495637852e-01 1.597842466901150e-01;
-5.042564785111801e-01 -4.311900772017092e-01;
-4.430533829388419e-01 -3.882097531602715e-01;
4.078134118159485e-01 5.466849457251072e-02;
-1.924408825044407e+00 -9.400841242630018e-01;
1.607709096273604e+00 -1.272669086692825e+00;

9.092470321429728e-01 -6.494230961590134e-01;
2.052720622013541e+00 -1.103488797035103e+00;
-6.433689078149141e-01 2.114471449390138e+00;
2.039275773145987e-01 -2.575318453392024e-01;
-1.924408825044407e+00 -9.400841242630018e-01;
1.607709096273604e+00 -1.272669086692825e+00;

1.230330577141433e-01 -1.012710274309503e-01;
-4.348442158296523e-02 -4.217542119194614e-01;
-1.491341086872751e-01 -2.283769178181345e-01;
4.607775526854802e-01 -2.174853033286067e-01;
-1.924408825044407e+00 -9.400841242630018e-01;
1.607709096273604e+00 -1.272669086692825e+00;

-6.358880711946260e-02 -2.221984497002488e-01;
-3.735182137407787e-01 -8.124503948750103e-01;
3.975306614227656e-01 -3.273382298152165e-01;
4.746643538420371e-01 -1.587915557426595e-01;
-1.924408825044407e+00 -9.400841242630018e-01;
1.607709096273604e+00 -1.272669086692825e+00;

1.096441436094441e-01 1.476390497013228e+00;
-1.517559863133874e+00 -1.416549513727876e+00;
2.770014329966127e-01 1.317372053977841e+00;
-1.234031315477475e-01 4.833133477156065e-01;
-1.924408825044407e+00 -9.400841242630018e-01;
1.607709096273604e+00 -1.272669086692825e+00;

-4.570768459451756e-01 -2.877884852446923e-01;
6.920115736650061e-01 -5.914315693204327e-01;
-1.133346234249235e+00 -4.011717300688269e-01;
2.844927800329493e-01 -6.102215280936609e-01;
-1.924408825044407e+00 -9.400841242630018e-01;
1.607709096273604e+00 -1.272669086692825e+00;

1.141973133821974e-01 3.379906755757789e-01;
-3.837563366839526e-01 -5.141892957823027e-01;
-2.199515779150917e-01 4.513991997283645e-02;
3.229125840826647e-01 -7.790306737784787e-02;
-1.924408825044407e+00 -9.400841242630018e-01;
1.607709096273604e+00 -1.272669086692825e+00;

4.344877332335222e+00 1.771150446831349e+00;
-1.680751824107135e-01 5.145474945368559e+00;
-1.643059935484639e+00 9.541666566929753e-02;
1.378613320785115e+00 6.732061403748861e-01;
-1.924408825044407e+00 -9.400841242630018e-01;
1.607709096273604e+00 -1.272669086692825e+00;

-1.077108351829111e-01 -1.414992689040898e-01;
2.275162874738153e-01 -5.253736578617529e-01;
-5.329916181795357e-01 -2.419404577890860e-01;
3.728285024680958e-01 -3.576468106735242e-01;
-1.924408825044407e+00 -9.400841242630018e-01;
1.607709096273604e+00 -1.272669086692825e+00;

-3.125658502222906e-01 5.569172478288310e-01;
-6.251799103111885e-01 -4.820461052794734e-01;
-6.033213833589289e-01 -4.013720319706017e-01;
2.372681204604618e-01 -1.890794897187847e-01;
-1.924408825044407e+00 -9.400841242630018e-01;
1.607709096273604e+00 -1.272669086692825e+00;

1.434406932717569e-01 -1.168004768935952e+00;
4.691343928866942e-02 -1.231932567242190e+00;
6.519942669806911e-01 5.057954637575478e-01;
2.440446890536116e-01 6.120652989758097e-01;
-1.924408825044407e+00 -9.400841242630018e-01;
1.607709096273604e+00 -1.272669086692825e+00;

1.102509173193667e-01 1.398788972048617e-01;
-2.810375487117134e-01 -4.958871693213462e-01;
-1.407144499016252e-02 -4.634761796636302e-01;
4.061599394788331e-01 -4.623064748819870e-01;
-1.924408825044407e+00 -9.400841242630018e-01;
1.607709096273604e+00 -1.272669086692825e+00;

-1.277208365627230e-01 -2.631430104971861e-01;
-3.211489758319463e-01 -7.813515516770001e-01;
3.717917132493226e-01 -2.957807071667584e-01;
5.607386291421196e-01 -1.056663605088728e-01;
-1.924408825044407e+00 -9.400841242630018e-01;
1.607709096273604e+00 -1.272669086692825e+00;

-9.075356721637556e-02 7.694085385552178e-02;
-5.517782080651648e-01 -5.025436853189482e-01;
-1.345885873836365e-01 2.761993095361213e-01;
4.632297094778335e-01 5.455771965917964e-01;
-1.924408825044407e+00 -9.400841242630018e-01;
1.607709096273604e+00 -1.272669086692825e+00;

2.964983096644965e-01 1.545549461939557e-01;
-2.464355349992458e-01 -4.368464123615592e-01;
-3.529031142045141e-01 -1.347334236604010e-01;
1.112540051226574e-01 -1.830088118264432e-01;
-1.924408825044407e+00 -9.400841242630018e-01;
1.607709096273604e+00 -1.272669086692825e+00;

1.272671059122486e-01 1.573727975075792e-01;
-3.802823289192168e-01 -4.365087016959672e-01;
-2.240122436864832e-01 1.742520697684238e-02;
3.250820977576184e-01 8.997010712914287e-02;
-1.924408825044407e+00 -9.400841242630018e-01;
1.607709096273604e+00 -1.272669086692825e+00;

-1.648433855279125e+00 -9.993335721798244e-02;
-1.505975725430682e+00 -1.175755963417134e+00;
7.791295346573941e-02 -7.153312337594141e-01;
5.650433351819654e-01 8.101156981936096e-01;
-1.924408825044407e+00 -9.400841242630018e-01;
1.607709096273604e+00 -1.272669086692825e+00;

3.888765327210486e-01 2.215816309609568e-01;
-2.472268999729291e-01 -3.950474239603475e-01;
-6.342835273994615e-01 -7.144415694378296e-02;
-1.314719398331364e-01 -1.314821168366875e-01;
-1.924408825044407e+00 -9.400841242630018e-01;
1.607709096273604e+00 -1.272669086692825e+00;

-9.178668167995221e-02 4.210975274330723e-01;
-6.209658003439223e-01 -3.969886193862814e-01;
-5.659928264790798e-01 -3.038799399672773e-01;
1.425384512014464e-01 -2.078366036278264e-02;
-1.924408825044407e+00 -9.400841242630018e-01;
1.607709096273604e+00 -1.272669086692825e+00;

1.438491508851451e+00 -4.116889244818954e-01;
3.306077457350407e+00 -1.240783063013050e+00;
-1.270066731990570e+00 3.248471980249240e+00;
8.520413572186900e-02 -7.905633341908421e-01;
-1.924408825044407e+00 -9.400841242630018e-01;
1.607709096273604e+00 -1.272669086692825e+00;

6.616685981768352e-01 9.743122797724037e-02;
-3.789779676902443e-01 6.554636248094874e-02;
-5.879915075371226e-01 -7.005096282756882e-01;
-1.336181062835358e-01 -2.657120759704126e-01;
-1.924408825044407e+00 -9.400841242630018e-01;
1.607709096273604e+00 -1.272669086692825e+00;

5.033235026154725e-01 -9.910463551843081e-02;
-8.302698670840685e-01 -8.962642157490454e-01;
4.980825696158090e-01 -6.210931075612633e-01;
-2.813751963342842e-01 -3.109281829840774e-01;
-1.924408825044407e+00 -9.400841242630018e-01;
1.607709096273604e+00 -1.272669086692825e+00;

4.980510644017915e-01 8.335362183263550e-02;
-9.893770665589666e-01 -1.630519450124991e-01;
3.201506206075113e-01 1.729154111150288e-01;
4.003312666950525e-01 7.831049618215331e-01;
-1.924408825044407e+00 -9.400841242630018e-01;
1.607709096273604e+00 -1.272669086692825e+00;

6.294775943342867e-01 6.049757615256427e-02;
-4.595330059544147e-01 -1.263215937818792e-01;
-6.282032185641863e-02 -2.846908732779282e-01;
1.858313138508871e-01 -1.639160764079763e-02;
-1.924408825044407e+00 -9.400841242630018e-01;
1.607709096273604e+00 -1.272669086692825e+00;

5.890332043737699e-01 1.221526609950113e-02;
-5.699346416344258e-01 -3.514738267891470e-01;
-1.591232311868343e-01 -1.992526527760726e-02;
-9.001985330583399e-02 2.604690642362871e-01;
-1.924408825044407e+00 -9.400841242630018e-01;
1.607709096273604e+00 -1.272669086692825e+00;

6.176895820867018e-01 3.641776509642818e-01;
-7.816759568535588e-01 1.091838341896670e+00;
-5.229256946786682e-01 -3.544703089996907e-01;
8.581981026947230e-01 7.298288093541534e-01;
-1.924408825044407e+00 -9.400841242630018e-01;
1.607709096273604e+00 -1.272669086692825e+00;

6.698853973746289e-01 4.585213566772864e-02;
-2.770550064855746e-01 -1.314901287890382e-01;
-5.692724456440506e-01 1.334790316328703e-02;
-1.192762294458033e-01 1.660419969225035e-01;
-1.924408825044407e+00 -9.400841242630018e-01;
1.607709096273604e+00 -1.272669086692825e+00;

5.865977645387567e-01 6.190276076935589e-02;
-6.247607792290222e-01 -1.448246284875523e-01;
-4.743044823984073e-01 -8.643834799524146e-03;
-1.695526701747295e-01 4.584623948673386e-01;
-1.924408825044407e+00 -9.400841242630018e-01;
1.607709096273604e+00 -1.272669086692825e+00;

3.406039454021555e-02 -9.357441948610629e-02;
2.417401676052449e-01 -8.055062883668574e-01;
6.986192996504827e-02 1.678104275612303e-01;
5.993999156466950e-01 -3.904613742611169e-01;
-6.865955389713673e-01 -4.211541575510943e-01;
-2.257111005280391e-01 -4.087957367682414e-01;

1.533272463632432e-01 -1.521158099849303e-01;
-1.954119197101702e-01 -6.501334809664933e-02;
-3.822573907177461e-01 -4.973720428376837e-01;
4.219927587764826e-01 -2.139199818786667e-02;
-6.865955389713673e-01 -4.211541575510943e-01;
-2.257111005280391e-01 -4.087957367682414e-01;

8.529005050492802e-02 -1.224350553486439e-01;
6.716741849191658e-02 -4.673406229693262e-01;
-1.466070528242581e-01 -1.147577191523983e-01;
5.302748143259473e-01 -2.229320007421249e-01;
-6.865955389713673e-01 -4.211541575510943e-01;
-2.257111005280391e-01 -4.087957367682414e-01;

3.731612340957796e-01 8.580546026383339e-01;
-7.509568631827955e-01 -3.735977532458666e-01;
2.612058727334282e-01 3.742882739617698e-02;
5.854636233912399e-01 -2.856630229430471e-01;
-6.865955389713673e-01 -4.211541575510943e-01;
-2.257111005280391e-01 -4.087957367682414e-01;

4.732172325241798e-01 -1.537065057660236e-01;
-1.850311337374707e-01 3.715484048557493e-02;
-1.747305850960685e-01 -5.155911346674807e-01;
4.183819561496594e-01 -1.264525797649869e-01;
-6.865955389713673e-01 -4.211541575510943e-01;
-2.257111005280391e-01 -4.087957367682414e-01;

-8.001022263334179e-02 -2.656193775974561e-01;
7.352753018959003e-02 -2.524268518430717e-01;
-5.045901787745847e-01 -3.057724390642975e-01;
4.969643081980443e-01 -2.525356455321280e-02;
-6.865955389713673e-01 -4.211541575510943e-01;
-2.257111005280391e-01 -4.087957367682414e-01;

5.399405633820714e-01 -1.796915182537772e+00;
2.099706466799446e+00 -3.888142261598775e-01;
-3.371691571680099e-01 1.544255949874045e-01;
7.279360168585145e-01 -5.248314985579468e-01;
-6.865955389713673e-01 -4.211541575510943e-01;
-2.257111005280391e-01 -4.087957367682414e-01;

-4.470694804453901e-02 9.260268919345137e-02;
-2.797207530581012e-01 -1.207404262584492e-01;
-4.976358759272353e-01 -3.279071584713094e-01;
5.042885974036995e-01 4.129475647093601e-02;
-6.865955389713673e-01 -4.211541575510943e-01;
-2.257111005280391e-01 -4.087957367682414e-01;

-5.483959143100418e-02 -2.351108046319923e-01;
7.885984253960360e-02 -2.909449777608029e-01;
-4.464965234017838e-01 -2.609363684676653e-01;
5.088527058489013e-01 -5.950436801542342e-02;
-6.865955389713673e-01 -4.211541575510943e-01;
-2.257111005280391e-01 -4.087957367682414e-01;

2.520042673742094e-01 -2.104985470021548e-01;
3.132645795407899e-01 -5.760820571344406e-01;
-1.971864874756804e-01 1.911068729181901e-01;
4.150225399390118e-01 -2.202714025547999e-01;
-6.865955389713673e-01 -4.211541575510943e-01;
-2.257111005280391e-01 -4.087957367682414e-01;

1.496602709067369e-01 3.379280294896150e-02;
-7.501820536432353e-02 -1.067210408586718e-01;
-4.286196328112672e-01 -4.287934653212951e-01;
4.808906591154516e-01 -2.489429334707710e-01;
-6.865955389713673e-01 -4.211541575510943e-01;
-2.257111005280391e-01 -4.087957367682414e-01;

1.294315128861550e-01 -1.185736761918637e-01;
-1.785471626474931e-02 -4.555655821771820e-01;
-1.311936462927507e-01 -1.859250102609420e-01;
4.562788663210218e-01 -2.152950793908332e-01;
-6.865955389713673e-01 -4.211541575510943e-01;
-2.257111005280391e-01 -4.087957367682414e-01;

7.184074502692921e-02 5.222043908314771e-01;
-5.344024057266327e-01 -7.017905529738218e-01;
-1.859748462029361e-01 2.693644196733588e-01;
2.301076661763005e-01 -3.323017629167892e-03;
-6.865955389713673e-01 -4.211541575510943e-01;
-2.257111005280391e-01 -4.087957367682414e-01;

2.668352126847095e-01 -2.695722909837362e-01;
1.028905594396416e-01 1.174747645422856e-01;
-3.175733141721044e-01 -7.000907879133641e-01;
6.353957749828951e-01 -3.188310793389974e-01;
-6.865955389713673e-01 -4.211541575510943e-01;
-2.257111005280391e-01 -4.087957367682414e-01;

1.790456041235223e-02 1.852710450311937e-01;
-1.552292831372318e-01 -4.899530536273328e-01;
-3.947440717982198e-01 -8.279930253274394e-02;
3.348637327919722e-01 -1.909917605637634e-01;
-6.865955389713673e-01 -4.211541575510943e-01;
-2.257111005280391e-01 -4.087957367682414e-01;

-8.351800627547999e-02 -1.744725767894748e+00;
2.012333211613973e+00 -1.118806709802387e+00;
-2.899222735617302e-01 5.517798265545385e-02;
5.614969256049295e-01 -7.952390955449723e-01;
-6.865955389713673e-01 -4.211541575510943e-01;
-2.257111005280391e-01 -4.087957367682414e-01;

-3.465682640158869e-02 1.899982011092532e-01;
-1.113315393806468e-01 -3.162283659758910e-01;
-5.975347933552374e-01 -2.913254569274948e-01;
3.552565289538947e-01 -2.583041190314478e-01;
-6.865955389713673e-01 -4.211541575510943e-01;
-2.257111005280391e-01 -4.087957367682414e-01;

-2.961475339306990e-01 1.296168468222845e-01;
-1.456239489013142e-01 -6.291696138767164e-01;
-5.403617825569956e-01 -3.206432969101984e-01;
2.902914531708183e-01 -3.045769103830417e-01;
-6.865955389713673e-01 -4.211541575510943e-01;
-2.257111005280391e-01 -4.087957367682414e-01;

4.949938063581049e-01 1.350455801885025e-01;
-6.106406619230501e-02 -4.077154135108488e-01;
-2.915008444709657e-01 -2.569160168247900e-01;
8.860567697089644e-02 -4.979674107981092e-01;
-6.865955389713673e-01 -4.211541575510943e-01;
-2.257111005280391e-01 -4.087957367682414e-01;

5.115773985071254e-01 1.851718446739780e-01;
-6.347739709858215e-02 -3.752859928142868e-01;
-3.300223085834450e-01 -2.846414841734085e-01;
8.010460082262282e-02 -5.409838881271722e-01;
-6.865955389713673e-01 -4.211541575510943e-01;
-2.257111005280391e-01 -4.087957367682414e-01;

2.008693879067066e-01 -3.849403030214248e-02;
-1.873438896026186e-01 -5.759262658473188e-01;
1.411878533232182e-02 -2.858502521428219e-01;
3.131041395538403e-01 -3.246514920322445e-01;
-6.865955389713673e-01 -4.211541575510943e-01;
-2.257111005280391e-01 -4.087957367682414e-01;

4.648943138548741e-01 1.252458846393816e-01;
-1.129532282316169e-01 -4.581407107838881e-01;
-5.053185058452632e-01 -2.663564243968195e-01;
-1.448185843908243e-01 -4.218715749437980e-01;
-6.865955389713673e-01 -4.211541575510943e-01;
-2.257111005280391e-01 -4.087957367682414e-01;

3.837966122869182e-01 1.882746385624508e-01;
-1.777832718710500e-01 -4.092082291321024e-01;
-3.873296980028802e-01 -2.394798255549943e-01;
5.841075050165914e-02 -3.673112189642580e-01;
-6.865955389713673e-01 -4.211541575510943e-01;
-2.257111005280391e-01 -4.087957367682414e-01;

2.396085952549698e-01 1.898710734894508e-01;
-2.918141518808751e-01 -4.095565723208240e-01;
-2.782456376915857e-01 -1.092374854170266e-01;
2.392819758680622e-01 -1.337337597024337e-01;
-6.865955389713673e-01 -4.211541575510943e-01;
-2.257111005280391e-01 -4.087957367682414e-01;

4.387342182658663e-01 1.537220628640631e-01;
-1.953126704729088e-01 -4.260613696172416e-01;
-6.242843918859755e-01 -3.354262092242868e-02;
-1.786799450202808e-01 -1.238753136294184e-01;
-6.865955389713673e-01 -4.211541575510943e-01;
-2.257111005280391e-01 -4.087957367682414e-01;

1.012725093960118e-01 1.574255901670348e-01;
-4.196907603090951e-01 -5.176804520161863e-01;
-5.269460589712758e-01 -1.568525528844448e-01;
-4.062140235555942e-02 9.038038833896788e-03;
-6.865955389713673e-01 -4.211541575510943e-01;
-2.257111005280391e-01 -4.087957367682414e-01;

8.920338991208819e-02 3.637795819239386e-01;
-4.852014594105767e-01 -3.844714656224638e-01;
-5.981572277108066e-01 -2.215654604055770e-01;
4.645501919304583e-02 -6.967398579083224e-02;
-6.865955389713673e-01 -4.211541575510943e-01;
-2.257111005280391e-01 -4.087957367682414e-01;

7.365471088497051e-01 2.473261662847524e-02;
-1.845203850075113e-04 -1.569793045081236e-01;
-5.792381130857106e-01 -2.502959336409883e-01;
-1.206402161947114e-01 -3.282756893987515e-01;
-6.865955389713673e-01 -4.211541575510943e-01;
-2.257111005280391e-01 -4.087957367682414e-01;

6.672343068584436e-01 -2.407157502659820e-02;
-2.348991898978526e-01 -4.257648460726431e-01;
-2.212206903382944e-01 -3.251559366997629e-01;
-1.725317527736469e-01 -3.292019729903476e-01;
-6.865955389713673e-01 -4.211541575510943e-01;
-2.257111005280391e-01 -4.087957367682414e-01;

5.284517773510321e-01 -6.895493115588513e-03;
-8.195807025483175e-01 -4.940978268126358e-01;
1.333018921251768e-01 -8.133887631114347e-01;
-2.369676313694820e-01 -2.728273616763828e-01;
-6.865955389713673e-01 -4.211541575510943e-01;
-2.257111005280391e-01 -4.087957367682414e-01;

7.477034009926700e-01 7.438466489215346e-05;
5.503374376393078e-02 -2.473887223182033e-01;
-5.616543824183167e-01 -6.070148333667108e-01;
-2.534819462603443e-01 -7.133689919520716e-01;
-6.865955389713673e-01 -4.211541575510943e-01;
-2.257111005280391e-01 -4.087957367682414e-01;

6.317738335613081e-01 4.989292572913120e-02;
-4.405623965770599e-01 -1.651332116221879e-01;
-1.090214490603206e-01 -2.698192610275794e-01;
1.190133308775966e-01 -2.467253266072972e-02;
-6.865955389713673e-01 -4.211541575510943e-01;
-2.257111005280391e-01 -4.087957367682414e-01;

6.232362528167972e-01 4.828493965539752e-02;
-4.720378788563105e-01 -1.794756375528836e-01;
-9.611687946545125e-02 -2.331629635589966e-01;
1.138338935998307e-01 2.898708996141992e-02;
-6.865955389713673e-01 -4.211541575510943e-01;
-2.257111005280391e-01 -4.087957367682414e-01;

7.252676602239466e-01 4.228681623324194e-02;
-5.245810900671590e-02 -9.422489368792923e-02;
-6.327251985920724e-01 1.980849004547788e-02;
-6.258114793485733e-02 -1.962978756375029e-02;
-6.865955389713673e-01 -4.211541575510943e-01;
-2.257111005280391e-01 -4.087957367682414e-01;

3.907771231825384e-01 -3.671298931326488e-02;
-1.315444069973576e+00 -7.209766068796055e-01;
-2.451968294591187e-01 9.624834960593528e-02;
-7.340539620491017e-01 9.776667578630654e-01;
-6.865955389713673e-01 -4.211541575510943e-01;
-2.257111005280391e-01 -4.087957367682414e-01;

6.377068315861095e-01 1.286656897546361e-01;
-4.826491690015682e-01 1.694639272036631e-01;
-5.358539826188202e-01 -8.313592825922235e-02;
1.120576597711166e-01 3.735913376506978e-01;
-6.865955389713673e-01 -4.211541575510943e-01;
-2.257111005280391e-01 -4.087957367682414e-01;

-4.028759820313491e+00 -6.083031321900541e+00;
6.349099465718189e+00 -5.585768711627204e+00;
-1.022589011339318e+00 1.416048926744680e+00;
5.075903459220877e-01 -1.142265432459053e+00;
-6.775769734823852e-01 -3.291142303345270e-01;
-3.380704411231151e-01 -4.917245075050704e-01;

-8.921887092067214e-01 6.609665736141503e-01;
-4.874902198272941e-01 -3.740028416974265e-01;
-1.017124800314442e+00 8.650012618875845e-02;
6.991638604846403e-01 3.141843995738860e-01;
-6.775769734823852e-01 -3.291142303345270e-01;
-3.380704411231151e-01 -4.917245075050704e-01;

-4.725883174724093e-01 -8.870147354213063e-02;
4.627975630428296e-01 -8.601541861186006e-02;
-1.142018257510601e+00 1.758670369373954e-01;
8.226228023909133e-01 1.977845304326665e-01;
-6.775769734823852e-01 -3.291142303345270e-01;
-3.380704411231151e-01 -4.917245075050704e-01;

-2.487847206796554e-01 3.049901862829262e-01;
-2.049940601452745e-01 -1.078852305211310e+00;
1.746419664851058e-01 2.074122113930319e-01;
5.540133556027742e-01 -3.668844548392200e-01;
-6.775769734823852e-01 -3.291142303345270e-01;
-3.380704411231151e-01 -4.917245075050704e-01;

4.878714860678636e-01 -2.522744326582412e-01;
-1.530825889734730e-01 3.879542451387944e-02;
-1.705155602124833e-01 -5.803501776810399e-01;
3.858633572931912e-01 -1.303145395698855e-01;
-6.775769734823852e-01 -3.291142303345270e-01;
-3.380704411231151e-01 -4.917245075050704e-01;

7.606446047654175e-02 -1.653505733488245e-01;
4.224550960055308e-02 -4.321072845416594e-01;
-1.809595748692217e-01 -1.886021960094958e-01;
5.010713952259602e-01 -1.952512578811828e-01;
-6.775769734823852e-01 -3.291142303345270e-01;
-3.380704411231151e-01 -4.917245075050704e-01;

2.945138619377877e-02 3.249389631985329e-01;
-2.060407923350858e-01 -7.799277770722298e-01;
1.629287346183042e-01 1.445602884959181e-01;
5.789596542812145e-01 -3.517236210235063e-01;
-6.775769734823852e-01 -3.291142303345270e-01;
-3.380704411231151e-01 -4.917245075050704e-01;

-4.740570971895599e-01 3.269600974327706e-01;
-3.678577259124843e-01 -2.507017061328620e-01;
-7.636977377829304e-01 -1.527388411025476e-01;
5.854142567026072e-01 1.800631024289914e-01;
-6.775769734823852e-01 -3.291142303345270e-01;
-3.380704411231151e-01 -4.917245075050704e-01;

5.903096740524578e-01 5.652623209567409e-01;
2.288547469188892e-01 -1.290452356971642e+00;
1.050079213031136e+00 9.215595430418752e-01;
8.279764992900684e-01 -9.461622379598321e-01;
-6.775769734823852e-01 -3.291142303345270e-01;
-3.380704411231151e-01 -4.917245075050704e-01;

1.318025301299198e+00 2.699490039400803e+00;
-2.863640239130027e+00 9.391062312169208e-01;
2.045360970484503e-02 4.320857291595351e-01;
2.823019560959745e-01 9.430266173522305e-01;
-6.775769734823852e-01 -3.291142303345270e-01;
-3.380704411231151e-01 -4.917245075050704e-01;

7.099953699832539e-01 1.682217856065327e+00;
-1.575591711424541e+00 -4.167496029720832e-01;
4.678082577345168e-02 1.066867839751900e+00;
8.621993980464658e-02 5.686380390592706e-01;
-6.775769734823852e-01 -3.291142303345270e-01;
-3.380704411231151e-01 -4.917245075050704e-01;

1.184045079482419e+00 1.108689945919871e+00;
-5.027229647037180e-01 6.032446399697927e-02;
-3.232374645530667e-01 1.215857926421897e+00;
2.665055380226716e-01 3.739449322444838e-01;
-6.775769734823852e-01 -3.291142303345270e-01;
-3.380704411231151e-01 -4.917245075050704e-01;

5.264710870267927e-02 1.751141757396367e-01;
-1.439820776670259e-01 -7.604461448372892e-01;
-2.014439268064882e-01 2.363902479127697e-01;
2.823980740884245e-01 -1.237956811632102e-01;
-6.775769734823852e-01 -3.291142303345270e-01;
-3.380704411231151e-01 -4.917245075050704e-01;

-1.168074846085830e-01 -6.277398311946800e-01;
5.457318768663497e-01 -1.386415558619053e-02;
-6.568932477995554e-01 -1.029766852955709e+00;
6.238166391418764e-01 -5.922628016548056e-01;
-6.775769734823852e-01 -3.291142303345270e-01;
-3.380704411231151e-01 -4.917245075050704e-01;

1.018892865644640e-01 -7.283649936777142e-02;
-3.903364791908037e-02 -4.654205026700691e-01;
-1.770994382623438e-01 -1.774415772366194e-01;
4.358543354210312e-01 -2.151456353232492e-01;
-6.775769734823852e-01 -3.291142303345270e-01;
-3.380704411231151e-01 -4.917245075050704e-01;

2.802136046366311e-01 3.384119736394645e-01;
-3.043992697144317e-01 -4.857454428478075e-01;
-1.729310990275164e-01 2.433383839013689e-01;
3.316028381782269e-01 -3.011143857944492e-02;
-6.775769734823852e-01 -3.291142303345270e-01;
-3.380704411231151e-01 -4.917245075050704e-01;

6.634093357431506e-02 5.724399272923953e-01;
-4.465366509985339e-01 -4.101607439181556e-01;
-5.133775558112310e-01 5.515384636046498e-02;
2.529124987120184e-01 -7.922956291267390e-02;
-6.775769734823852e-01 -3.291142303345270e-01;
-3.380704411231151e-01 -4.917245075050704e-01;

3.188430707885661e-01 6.330595507645385e-01;
-3.360421391111263e-01 -3.382028778440408e-01;
-5.134240051174733e-01 3.737726917129134e-01;
2.488717020391499e-01 -3.357546809105061e-03;
-6.775769734823852e-01 -3.291142303345270e-01;
-3.380704411231151e-01 -4.917245075050704e-01;

4.609083924697628e-01 2.601417034107608e-01;
-2.570055602417273e-01 -1.853683800257762e-01;
-2.874556880362076e-01 6.197213221823612e-01;
4.465022604385830e-01 4.418142371334643e-01;
-6.775769734823852e-01 -3.291142303345270e-01;
-3.380704411231151e-01 -4.917245075050704e-01;

-1.989099349136703e-01 6.487866544581619e-01;
-8.271584385235831e-01 -1.677193227285824e-01;
-4.958558848067490e-01 1.703627082610687e-01;
5.639575523533796e-01 5.151304297174265e-01;
-6.775769734823852e-01 -3.291142303345270e-01;
-3.380704411231151e-01 -4.917245075050704e-01;

7.541563336434810e-01 5.479056788969658e-01;
-1.684714865069465e-01 1.075944279223872e-01;
-4.912692709435879e-01 7.902719614625952e-01;
4.681357429367839e-01 3.707469772822700e-01;
-6.775769734823852e-01 -3.291142303345270e-01;
-3.380704411231151e-01 -4.917245075050704e-01;

4.345290883346042e-01 1.725854769938007e-01;
-2.229411724718023e-01 -3.915919268685630e-01;
-6.175849492188428e-01 9.695726891467160e-02;
-1.188541695326610e-01 1.356544224966684e-02;
-6.775769734823852e-01 -3.291142303345270e-01;
-3.380704411231151e-01 -4.917245075050704e-01;

2.944493589026475e-01 1.948428891875169e-01;
-2.589710944577030e-01 -4.290232433049129e-01;
-4.258944900217136e-01 -2.058924531637640e-01;
4.919874859230095e-02 -2.449838789728603e-01;
-6.775769734823852e-01 -3.291142303345270e-01;
-3.380704411231151e-01 -4.917245075050704e-01;

2.391876958226185e-01 1.027445128043850e-01;
-2.428711978736895e-01 -4.649204576949211e-01;
-1.589387640071601e-01 -1.569193118390970e-01;
2.783500732959684e-01 -2.000819439037481e-01;
-6.775769734823852e-01 -3.291142303345270e-01;
-3.380704411231151e-01 -4.917245075050704e-01;

4.571846680716960e-01 2.348496058572566e-01;
-2.391706563704866e-01 -2.410149091461417e-01;
-3.574333983177272e-01 4.616691434072409e-01;
3.076105278610577e-01 3.003057856156705e-01;
-6.775769734823852e-01 -3.291142303345270e-01;
-3.380704411231151e-01 -4.917245075050704e-01;

7.877518541299167e-02 3.430808192245239e-01;
-4.929464524467162e-01 -3.593544070182804e-01;
-4.736657343553972e-01 -6.434450695550469e-02;
2.062381973969038e-01 7.712888230437027e-02;
-6.775769734823852e-01 -3.291142303345270e-01;
-3.380704411231151e-01 -4.917245075050704e-01;

2.444549177110804e-01 6.342525198290783e-01;
-5.397353834702829e-01 -1.256531714008321e-01;
-8.853004730030820e-01 1.376632227703277e-01;
4.206840323580439e-02 2.058897872599749e-01;
-6.775769734823852e-01 -3.291142303345270e-01;
-3.380704411231151e-01 -4.917245075050704e-01;

7.316412993224319e-01 9.105903833899383e-02;
-5.120055637046660e-02 9.830228651019775e-02;
-3.183689006147481e-01 5.876916652660712e-01;
5.113132729756246e-01 4.480694796444018e-01;
-6.775769734823852e-01 -3.291142303345270e-01;
-3.380704411231151e-01 -4.917245075050704e-01;

5.095716048221055e-01 1.864658926433325e-01;
-1.044328715984738e+00 2.657839511269011e-01;
9.718691848257358e-02 -8.113083794303445e-02;
5.546005443484101e-01 8.104824240505271e-01;
-6.775769734823852e-01 -3.291142303345270e-01;
-3.380704411231151e-01 -4.917245075050704e-01;

7.465008892773911e-01 1.247335115194157e-01;
-2.421593726326837e-02 2.492858613448249e-01;
-4.208365034764636e-01 5.254080347910148e-01;
5.664368742485175e-01 4.409374195254775e-01;
-6.775769734823852e-01 -3.291142303345270e-01;
-3.380704411231151e-01 -4.917245075050704e-01;

6.992577742519435e-01 4.186287911616875e-02;
-1.532894213061184e-01 -1.084045431199830e-01;
-9.540807092750178e-01 1.405210679687454e-01;
-3.515202733898094e-01 2.445997083535897e-01;
-6.775769734823852e-01 -3.291142303345270e-01;
-3.380704411231151e-01 -4.917245075050704e-01;

6.319067378960757e-01 5.984621200550005e-02;
-4.488686936974771e-01 -1.257086228062625e-01;
-9.383964251345879e-02 -2.698528452011703e-01;
1.671295579370564e-01 -7.284503324439106e-03;
-6.775769734823852e-01 -3.291142303345270e-01;
-3.380704411231151e-01 -4.917245075050704e-01;

6.345169463075082e-01 5.260782727475088e-02;
-4.286894597250212e-01 -1.514166066675254e-01;
-1.107977462743209e-01 -1.660243906493174e-01;
1.573100909466517e-01 5.559605194496507e-02;
-6.775769734823852e-01 -3.291142303345270e-01;
-3.380704411231151e-01 -4.917245075050704e-01;

7.056309326220485e-01 9.491959160450111e-02;
-1.540982176119849e-01 1.007655386936728e-01;
-6.189885896952786e-01 7.610039332423620e-01;
2.666582118644582e-01 7.591776996562094e-01;
-6.775769734823852e-01 -3.291142303345270e-01;
-3.380704411231151e-01 -4.917245075050704e-01;

5.654329363227402e-01 1.168238048501464e-02;
-6.686475185879081e-01 -3.748926500448883e-01;
-1.684226775394031e-01 -1.692933413395462e-01;
-1.849362105249100e-01 2.252219557055004e-01;
-6.775769734823852e-01 -3.291142303345270e-01;
-3.380704411231151e-01 -4.917245075050704e-01;

-6.120338013494506e-02 -3.165983799952218e-02;
-3.263482095184202e+00 -1.119408354912046e+00;
-2.309312123734702e-01 -4.150994291228854e+00;
-2.664235424983404e+00 -8.289957679522599e-01;
-6.775769734823852e-01 -3.291142303345270e-01;
-3.380704411231151e-01 -4.917245075050704e-01;

