-9.872472213424698939e-01,-1.114880529825552358e-01
-9.872472213424698939e-01,1.114880529825552358e-01
-9.833785309266217523e-01,-1.267813656342328399e-01
-9.833785309266217523e-01,1.267813656342328399e-01
-9.742342770122469631e-01,-1.563812110838016245e-01
-9.742342770122469631e-01,1.563812110838016245e-01
-9.785726157587228968e-01,-1.432443948825074809e-01
-9.785726157587228968e-01,1.432443948825074809e-01
5.841620306643827698e-01,7.352467699091922437e-01
5.974367886791215332e-01,7.550988395530322528e-01
6.055224968845397404e-01,7.672527977419544287e-01
6.137968693346577131e-01,7.797387244817580720e-01
7.486394502683635377e-01,9.899718487272811673e-01
7.588290344540622456e-01,1.006365529552959215e+00
7.705568156255954149e-01,1.025320403792761681e+00
7.800341358778829504e-01,1.040705318841895544e+00
7.891757716954804769e-01,1.055602105663687063e+00
6.997207327547211309e-01,9.122492777491642002e-01
7.094821541865677927e-01,9.276278132616668781e-01
7.271046361135107272e-01,9.555562089167596307e-01
-2.640032121371887475e-01,2.264890292955515638e-01
-2.517983006657750766e-01,2.178021386806791304e-01
-2.876244897757208596e-01,2.427618015688861319e-01
1.134934326942215854e+00,1.658299584252646897e+00
1.146163467131965596e+00,1.679105408621066386e+00
1.154881644252909734e+00,1.695310256912320179e+00
1.163582490128404423e+00,1.711527597382494159e+00
1.210037627008349048e+00,1.798865568358053890e+00
1.217413680325856395e+00,1.812848614489514620e+00
1.224712424773985564e+00,1.826716131360338169e+00
1.230968353822494699e+00,1.838626829093203296e+00
-5.806238973858667274e-01,-3.760077066224259412e-01
-5.539031538840654134e-01,-3.699545852709447136e-01
-5.351870106239461355e-01,-3.648754908936966967e-01
-4.493152755811185561e-01,-3.334284845838356159e-01
-4.658231439336070201e-01,-3.404580411311255994e-01
-5.669829396161392143e-01,-3.730976340020359383e-01
-2.759408766035159055e-01,2.348026827745761380e-01
2.136461699212022225e-01,2.353646070387188927e-01
2.238282605047958174e-01,2.476139786301987389e-01
2.347816774770851711e-01,2.608911153876158351e-01
2.525674809344087279e-01,2.826688804842927283e-01
2.646790634922778773e-01,2.976526502561681609e-01
2.752641824113755131e-01,3.108492224540824189e-01
2.882107878063707718e-01,3.271174397026009317e-01
1.210069632807299955e+00,-1.798926174700650860e+00
1.224712424773985564e+00,-1.826716131360338169e+00
1.235993505719414687e+00,-1.848210604470588159e+00
1.247872581489511079e+00,-1.870923747216216793e+00
1.261112636079810612e+00,-1.896334628925939958e+00
1.274572065907957796e+00,-1.922269373813775495e+00
1.217015317870755675e+00,-1.812092618819015843e+00
1.254746530016576767e+00,-1.884103979821843522e+00
1.267606497530648690e+00,-1.908834619710531921e+00
1.130514518276853453e+00,-1.650130885343826348e+00
1.118096063159379039e+00,-1.627241249584649108e+00
1.108717087502285814e+00,-1.610014915853719142e+00
1.095310489846559099e+00,-1.585482455326961748e+00
1.081115459087542252e+00,-1.559624917431042368e+00
1.088777635508003661e+00,-1.573567205412352843e+00
1.102473168441675533e+00,-1.598575893837844264e+00
-9.698716533683943153e-01,-1.683456566433305102e-01
-9.698716533683943153e-01,1.683456566433305102e-01
-9.609839643279484145e-01,1.898181387375489637e-01
-9.609649565777552693e-01,-1.898606152922487356e-01
-9.504256886933866166e-01,-2.116150303330391058e-01
-9.500055184933651198e-01,2.124159687035512278e-01
-9.387939181454324489e-01,-2.322563286867486421e-01
-9.381123616457579528e-01,2.333763342425053955e-01
-5.102095575355407586e-01,3.570703119239337919e-01
-7.980444757543402323e-01,3.586368937122575984e-01
-7.821412624724155549e-01,3.650670944743565349e-01
-7.572427697998639351e-01,3.730965405634429355e-01
-7.367300806642990141e-01,3.780149906242395996e-01
-7.703442713305901357e-01,3.691675326024525527e-01
8.878949735965031564e-01,-1.219973824186893152e+00
8.778645197116240473e-01,-1.202983373348522012e+00
8.647781837361697699e-01,-1.180914118093890908e+00
1.177094666621301577e+00,1.736800953500611033e+00
1.186278567825211239e+00,1.754039757180543946e+00
1.195442070532026557e+00,1.771289412547330189e+00
1.202362382411537922e+00,1.784348871410147419e+00
1.169965774999651709e+00,1.723453616136217947e+00
8.439030099975470822e-01,-1.145939191095898924e+00
8.516434283464409116e-01,-1.158874691936067736e+00
3.045946054662774238e-01,3.479044603169959560e-01
3.199773807120338542e-01,3.676228719941483369e-01
3.491657875820564638e-01,4.055686184599871513e-01
4.170373466956306396e-01,4.964386626991472151e-01
4.606884528343772045e-01,5.567832027238071024e-01
4.860564515068901414e-01,5.925218439503546763e-01
4.292985205965382800e-01,5.132404344853617184e-01
4.954224533318550838e-01,6.058395680763064561e-01
3.582302617078566009e-01,4.174927821460305277e-01
1.070860067532873439e+00,-1.541019381226840457e+00
9.358378270101987972e-01,-1.302072244918271560e+00
9.268297509317605654e-01,-1.286535095102029347e+00
9.166232756601344622e-01,-1.268993098008603493e+00
9.038334664887913705e-01,-1.247104643886730146e+00
1.045506981052919393e+00,-1.495296855578191808e+00
9.473507699939095472e-01,-1.322004415676849121e+00
1.056808948206548360e+00,-1.515630926205621121e+00
8.953677978020346817e-01,-1.232673954177550435e+00
1.063476419988717447e+00,-1.527663211006055066e+00
8.320773006436622543e-01,1.126251990117554946e+00
8.511095899236112983e-01,1.157981308622668237e+00
8.414227311263501319e-01,1.141802501957824179e+00
8.117915593351878734e-01,1.092694224077274123e+00
7.961823903186607820e-01,1.067057407252207213e+00
8.033161247550085760e-01,1.078753996204664389e+00
8.189672308786618560e-01,1.104533678140054986e+00
-8.980319355620085264e-02,8.567604985788061789e-02
-1.058207517533053255e-01,1.000652156844449997e-01
-1.339334097577870031e-01,1.246420456757567075e-01
-1.481972287834677215e-01,1.367759081211545047e-01
-1.633204704357484049e-01,1.493895413758387913e-01
-1.881489416474026732e-01,1.695274229952717371e-01
-2.102175242418253820e-01,1.868196970913266752e-01
-2.256187582062166297e-01,1.985421025460035183e-01
-1.200964944511292154e-01,1.126543211165837860e-01
-2.386811308535106702e-01,2.082578515415241249e-01
-1.761832688407631020e-01,1.599115995550152158e-01
8.644319449108932574e-01,1.180331712068125150e+00
8.745959885866184669e-01,1.197460848185424753e+00
8.846772240155470479e-01,1.214516271445701623e+00
8.946736810482256441e-01,1.231492788253465864e+00
9.046043854524036254e-01,1.248421038524375692e+00
9.146000563146475804e-01,1.265523626198743701e+00
9.245681283691963293e-01,1.282642314130138850e+00
9.355981281845834330e-01,1.301658147142436439e+00
1.024316537067348154e+00,1.457381981313887076e+00
9.426517929052440348e-01,1.313859057967764254e+00
1.030852200783574535e+00,1.469046562915488741e+00
5.457574610601372278e-01,-6.785320364053021303e-01
5.337457893042127921e-01,-6.610147547477410734e-01
5.215220491272665182e-01,-6.432974051341285859e-01
5.066136245491061896e-01,-6.218387912596490263e-01
4.868265428991003785e-01,-5.936143646190028544e-01
4.734986796107522045e-01,-5.747694119104475030e-01
4.609993268632451846e-01,-5.572182078879898137e-01
4.964542423388093040e-01,-6.073107199018651370e-01
4.279110776832550922e-01,-5.113333405119863118e-01
3.618239050741738350e-01,-4.222384058840663590e-01
4.092243543696880148e-01,-4.857933240087083382e-01
-9.250113787705167567e-01,2.533055814901513658e-01
-9.122094140905838699e-01,2.702828711201799572e-01
-8.937859719501660694e-01,2.912892610017507877e-01
-8.727823232507238016e-01,3.113003950888557081e-01
-8.492153515373566108e-01,3.297588048042044417e-01
-8.332309708884835242e-01,3.402695637922903416e-01
-8.142551284714397708e-01,3.509287249005941800e-01
-8.612813165868031806e-01,3.207838574224138872e-01
-6.141695075219796296e-01,-3.814929567709399727e-01
-5.981353658715184984e-01,-3.791747208073190656e-01
-6.340664476747350786e-01,-3.835622772693353943e-01
-7.821412624724155549e-01,-3.650670944743565349e-01
-8.277323045017241920e-01,-3.435514825768660740e-01
-7.692494716799659349e-01,-3.695205185361765676e-01
-3.149601972532872218e-01,-2.606835200763484295e-01
-2.981591609614882565e-01,-2.497856445517987189e-01
-2.818735644562755382e-01,-2.388662571351043984e-01
-2.660242598971196970e-01,-2.279093257949248719e-01
-2.460930239116662643e-01,-2.136771998268019446e-01
-2.284824051425968228e-01,-2.006899751452850544e-01
-1.911143973324043177e-01,-1.718845961110917753e-01
1.365959523996574942e-01,-1.456266580518789377e-01
1.526403373558724852e-01,-1.638763280283132839e-01
1.685706922061891155e-01,-1.822256739726325625e-01
1.843898999105708369e-01,-2.006709359088444389e-01
2.001007478313538979e-01,-2.192085881381645729e-01
-2.102097167610754158e-01,-1.868136819827503348e-01
-1.567618642854493038e-01,-1.439512827996976274e-01
-1.756605080095208493e-01,-1.594876972385072256e-01
-5.540030224335896758e-01,3.699798669531723094e-01
-5.743655395484081883e-01,3.747199078711203613e-01
-5.941284865530426229e-01,3.785076499474327449e-01
-7.180880953886377149e-01,3.812715805827173732e-01
-6.230644008757851848e-01,3.825308946271588351e-01
-6.839025832054259624e-01,3.845074133719145748e-01
-6.492558473995123647e-01,3.845130548858259889e-01
-7.010721630119012282e-01,3.833062520619812119e-01
-6.665954675644116811e-01,3.849001728749896212e-01
-6.082057201502563126e-01,3.806970801317098307e-01
-6.358544077800940553e-01,3.837030177939094733e-01
6.688270505264197752e-01,-8.640114444989043241e-01
6.769855676752664086e-01,-8.766860030847716256e-01
6.848972707639188195e-01,-8.890212645423073434e-01
7.864619146596281141e-01,-1.051173919725396200e+00
7.981238798729100026e-01,-1.070237365241894167e+00
7.188566871333670338e-01,9.424583165565392218e-01
8.120693712236844997e-01,-1.093151966518478346e+00
7.348496571145386458e-01,9.678976115486802589e-01
8.251392627233806731e-01,-1.114744290393137938e+00
8.350766157636295706e-01,-1.131236535467876614e+00
8.050983650061114272e-01,-1.081681447863683809e+00
9.767752816673841432e-01,1.373324954764789663e+00
9.840426523691184757e-01,1.386083600036093655e+00
9.670996165191718674e-01,1.356389402418913148e+00
9.943068095853159205e-01,1.404159361705397346e+00
9.585392184397540927e-01,1.341454735313330815e+00
1.003920538958341879e+00,1.421148914630603333e+00
9.497504949736330637e-01,1.326169538652053559e+00
1.014029439624830164e+00,1.439075140559319177e+00
1.041528080491599673e-01,-1.094423913708302692e-01
8.774760889133420561e-02,-9.151649095637426345e-02
7.121544377023381056e-02,-7.370765553279037818e-02
5.455272094399368082e-02,-5.602096237248507804e-02
-3.993745447995718234e-02,-3.913182872862553535e-02
3.775564881187378624e-02,-3.846178986896400115e-02
2.082037719166348472e-02,-2.103600466549088860e-02
-1.786109276175360666e-02,-1.770086475904110446e-02
3.742762300710727325e-03,-3.749759894063461798e-03
-1.248490164763568083e-02,1.240672047556241019e-02
1.360294557323364281e-02,1.369515312298681155e-02
-2.970483231866667684e-02,2.926031784481283177e-02
-5.720587338508929809e-02,-5.554552228129849833e-02
-4.337465527255948694e-02,4.242354708578077033e-02
-2.657496415541696008e-02,-2.621947209510225307e-02
6.216565809543372900e-01,7.916441010144144030e-01
6.294131100428348446e-01,8.034361854005034331e-01
6.415094645029356668e-01,8.219109447834749282e-01
6.536945948837193932e-01,8.406254756952005192e-01
6.619543456892001965e-01,8.533704147278761143e-01
6.696441668921139234e-01,8.652787783493605112e-01
6.793265900469922514e-01,8.803314071722373457e-01
6.889689548151783915e-01,8.953863849130833108e-01
-5.159925748158010750e-01,-3.589793478450066244e-01
-4.814834949653025165e-01,-3.467070692221945749e-01
-8.595380461411639139e-01,-3.221398539597484789e-01
-8.760367661975931863e-01,-3.084386416850949386e-01
-8.938858331415868719e-01,-2.911848253688524291e-01
-4.993281797568012714e-01,-3.533154674949877116e-01
-8.150957350321393902e-01,-3.504952083162231058e-01
-8.388432755216432835e-01,-3.367480141327462428e-01
-7.991197425024906265e-01,-3.581628097481740491e-01
-9.115681288561733320e-01,-2.710775424599787820e-01
-9.238435694796649500e-01,-2.549480710111332593e-01
7.393337486729919528e-01,-9.750614644158343003e-01
7.277892686324282101e-01,-9.566455016118928789e-01
7.499651009978598459e-01,-9.921006820826915318e-01
7.186817974615715698e-01,-9.421810911206932593e-01
7.098598160074476304e-01,-9.282241108618332071e-01
7.601015962131131287e-01,-1.008417823136092739e+00
7.698270800072414266e-01,-1.024138286262281872e+00
6.954401976557229581e-01,-9.055262155439989247e-01
7.786046376834584448e-01,-1.038380912704699233e+00
1.313478773187011006e+00,-1.997817523707389187e+00
1.304549082639900659e+00,-1.980402221604613100e+00
1.294899780457063221e+00,-1.961634176754303738e+00
1.283736854058693089e+00,-1.939987981864842226e+00
1.180765837710606281e+00,-1.743686066204159557e+00
1.166661636446320038e+00,-1.717277437381832694e+00
1.156353649204329370e+00,-1.698050763168386768e+00
1.146163467131965596e+00,-1.679105408621066386e+00
1.138022470020744192e+00,-1.664013976802026562e+00
1.173752716483796643e+00,-1.730540148045833782e+00
3.090418206808596621e-02,3.137808278337064771e-02
6.365212632332480081e-02,6.564667323431876145e-02
9.706784137074624119e-02,1.016698339055103345e-01
1.131676927339293481e-01,1.193995687679168666e-01
1.382037110048069950e-01,1.474448823843143852e-01
1.681764863703022750e-01,1.817688689671941860e-01
1.844126707009287325e-01,2.006976465409622823e-01
2.002083350228876790e-01,2.193362798684131976e-01
4.725486203775038779e-02,4.835848562654014582e-02
8.375926567402189327e-02,8.719654415312429185e-02
1.539135603156861487e-01,1.653345139096048522e-01
1.247062074605673199e-01,1.322536350968275265e-01
1.037412434530948335e+00,1.480781313869470539e+00
1.050155129148499400e+00,1.503650212231625538e+00
1.062735925129927761e+00,1.526325563790174256e+00
1.072030826931810177e+00,1.543140182355028145e+00
1.081426231215253608e+00,1.560189717735937398e+00
1.090520487623735546e+00,1.576743477542394078e+00
1.100092842761313694e+00,1.594221223784298314e+00
1.112694938564853020e+00,1.617314605161346952e+00
1.123833219486165769e+00,1.637804537640355163e+00
1.106397202051866646e+00,1.605762100623040256e+00
1.274572065907957796e+00,1.922269373813775495e+00
1.285458065895409341e+00,1.943320993227584781e+00
1.264899447333817761e+00,1.903620906211183961e+00
1.294852551519067196e+00,1.961542445441857074e+00
1.253772409772512919e+00,1.882234535474782922e+00
1.304549082639900659e+00,1.980402221604613100e+00
1.246013896131662690e+00,1.867364530019583357e+00
1.313478773187011006e+00,1.997817523707389187e+00
1.238258581832055949e+00,1.852535229763051960e+00
4.503125019034937560e-01,-5.423064872791198976e-01
4.389911345551822386e-01,-5.266047945560164978e-01
4.180994096864849019e-01,-4.978894139743684777e-01
4.003338749535140240e-01,-4.737379077266056226e-01
3.858630058971910248e-01,-4.542482826935608786e-01
3.711509087381021366e-01,-4.346034365904920538e-01
3.517903151713965837e-01,-4.090143492618338872e-01
3.370315917132302164e-01,-3.897099066480596008e-01
3.221871094384736733e-01,-3.704713431286281722e-01
3.072549708693175785e-01,-3.513007433285768588e-01
2.922332132809857819e-01,-3.322003020664681672e-01
2.771197924230198173e-01,-3.131723150883726214e-01
1.204344842029884954e-01,-1.274805975212602860e-01
2.157059201758925737e-01,-2.378353090893402522e-01
2.312079870323687503e-01,-2.565479476489211930e-01
2.466094220568511852e-01,-2.753435249262590756e-01
2.619125977292863783e-01,-2.942192106722469336e-01
-3.821097083572477238e-01,3.003611495839682011e-01
-3.568107664506771637e-01,2.861589498687397426e-01
-3.372426685634899446e-01,2.745489502283202099e-01
-3.205678374787924167e-01,2.642366156069688721e-01
-2.993981354216463386e-01,2.506021171723422647e-01
-3.684941857042514091e-01,2.928325278113286245e-01
-3.949707075985838811e-01,3.072225494408913904e-01
-6.987351688988875376e-01,-3.835189440211083101e-01
-7.158552838432125087e-01,-3.815882797498343360e-01
-6.801632155396423185e-01,-3.846602823636577351e-01
-7.348126309697688985e-01,-3.784016576748681637e-01
-6.602933218751764199e-01,-3.848477458769215542e-01
-7.577151741812269137e-01,-3.729658707078404856e-01
-6.475327571012405858e-01,-3.844334099703898278e-01
-3.926737917109268117e-01,-3.060151497947402599e-01
-3.769382153192645246e-01,-2.975334015460341930e-01
-3.636093689078769842e-01,-2.900660851557173570e-01
-4.129650404173464961e-01,-3.164064082091773700e-01
-3.505406945249173734e-01,-2.824973737115695771e-01
-4.300859039942639961e-01,-3.246832677375922072e-01
-3.370598037337821928e-01,-2.744379331038044323e-01
9.930175292491718597e-01,-1.401885275408567999e+00
1.001110856758364198e+00,-1.416177679944706336e+00
9.846764333354219856e-01,-1.387197828467785055e+00
1.010742947336086495e+00,-1.433240252087452538e+00
9.709274039151006841e-01,-1.363082283036924691e+00
1.024683331672567199e+00,-1.458035927043195512e+00
1.035372884253715098e+00,-1.477130205848909528e+00
9.573721224258985307e-01,-1.339422149759634584e+00
9.777273808848356840e-01,-1.374994594136559112e+00
1.017588717503913776e+00,-1.445401840579781716e+00
9.642064412640758420e-01,-1.351336769187457820e+00
3.348777756252139248e-01,3.869074368992872492e-01
3.666768096193137039e-01,4.286633528924115866e-01
3.800429368421648357e-01,4.464563093802070837e-01
3.940881007828525573e-01,4.653057635502555467e-01
4.055126427586384086e-01,4.807527499270622950e-01
4.392507383065412663e-01,5.269637373952054116e-01
4.494613289092687647e-01,5.411225693554064797e-01
4.724375517903822708e-01,5.732748015874130632e-01
5.041561781909245088e-01,6.183175302141019625e-01
-5.328609239607720038e-01,3.641975099827743922e-01
-4.811968298025094959e-01,3.465964164267716918e-01
-4.593676968471550603e-01,3.377625134126679973e-01
-4.394318657510485338e-01,3.290074636351069115e-01
-4.242694093508598829e-01,3.219225300618988594e-01
-4.088540952809594509e-01,3.143516142354447762e-01
-4.953273341340044267e-01,3.518821090257856499e-01
-1.313914672548706364e-01,-1.224557572055958166e-01
-1.156104375962931363e-01,-1.087223545704988636e-01
-9.008601672769581126e-02,-8.593252123059316738e-02
-7.195201503774230345e-02,-6.931515153905953852e-02
-5.815313100412697334e-02,5.643691313098678913e-02
-7.361755075104924051e-02,7.085598238268890625e-02
-1.440375517561618690e-01,-1.332610058758025295e-01
-1.022141411637363939e-01,-9.684949580636911803e-02
6.583986822294937147e-01,-8.478781137320030581e-01
6.448836794566195074e-01,-8.270827857277720518e-01
6.325260074682104161e-01,-8.081806375326940906e-01
6.214526071019788045e-01,-7.913345797918208691e-01
6.106119069272192279e-01,-7.749268726920796047e-01
5.904623322692897913e-01,-7.446529109968131888e-01
5.730969095980502637e-01,-7.187962546020519872e-01
5.598456239359501652e-01,-6.992123609270680662e-01
6.007530702478326434e-01,-7.600780147547819832e-01
5.818249248132240092e-01,-7.317648243411658537e-01
5.195234238380752601e-01,6.404110738739517972e-01
5.314435489322648642e-01,6.576694007556930233e-01
5.399751094644198446e-01,6.700860732803093356e-01
5.489665668427188283e-01,6.832299846983501679e-01
5.606861863277500246e-01,7.004508226776609003e-01
5.715601004739921942e-01,7.165184883693204165e-01
1.188879409643337937e+00,-1.758930677481276295e+00
1.196515781349395846e+00,-1.773313805099502760e+00
1.203565839325693165e+00,-1.786622784914459361e+00
-1.000000000000000000e+00,-1.067240633012506290e-63
-9.994122861369639788e-01,-2.422856270741605492e-02
-9.994122861369639788e-01,2.422856270741605492e-02
-9.977119894453857496e-01,-4.772371054031615545e-02
-9.977119894453857496e-01,4.772371054031615545e-02
-9.959439877035709543e-01,-6.342851528568160813e-02
-9.959439877035709543e-01,6.342851528568160813e-02
-9.935666097623243598e-01,-7.969240544876919630e-02
-9.935666097623243598e-01,7.969240544876919630e-02
-9.907240928040560446e-01,-9.541813459269399278e-02
-9.907240928040560446e-01,9.541813459269399278e-02
-9.998570354416352890e-01,-1.195506936645740134e-02
-9.998490083589006705e-01,1.228601023890064231e-02
-9.986865305560499451e-01,3.619421647155489363e-02
-9.986865305560499451e-01,-3.619421647155489363e-02
