-5.448312150150066424e-01,-3.675769053702271361e-01
-5.208987207668225317e-01,-3.605512089483319804e-01
-4.823051229577387522e-01,-3.470234384334053845e-01
-4.540903642870271484e-01,-3.355078348410706068e-01
-4.287957305599919278e-01,-3.240754815003116240e-01
3.252550814191054740e-01,-3.744327514655901301e-01
-5.686889734196701740e-01,-3.734823546277103445e-01
-7.720949722023210393e-01,-3.685935043791361276e-01
-7.942454878030489329e-01,-3.602711121994509602e-01
-8.189565895237876925e-01,-3.484594467906961812e-01
2.953978463621539374e-01,-3.362086710908852027e-01
-8.442554753040028004e-01,-3.331810401838847246e-01
-9.258974577660580296e-01,-2.520457887013450304e-01
-9.556078709698501150e-01,2.013412243759263309e-01
-9.384616208143615745e-01,2.328035203468586944e-01
1.548452186704084299e-01,1.664024399375623742e-01
1.705409602869517594e-01,1.845108934349846963e-01
1.851066029320704021e-01,2.015118637039410299e-01
2.149747527662995705e-01,2.369578413514096815e-01
2.209454398976298806e-01,-2.441367569112376512e-01
2.295411123637738082e-01,2.545259161645886392e-01
2.386763118239802473e-01,-2.656367966567504402e-01
2.444675742418004338e-01,2.727175305917554082e-01
2.578975087624756912e-01,-2.892476075528683244e-01
2.581965523215001834e-01,2.896174225876033681e-01
2.736017252702748204e-01,3.087703932937514995e-01
2.798247786928969028e-01,-3.165639279889984059e-01
7.950339035924419706e-01,-1.065177482561925792e+00
7.780768708916577792e-01,-1.037523093223126747e+00
7.624503134566491536e-01,-1.012208519802987983e+00
7.497387690446944974e-01,-9.917371365928453475e-01
7.347420420093431215e-01,-9.677258516430223834e-01
7.222239916947174043e-01,-9.478000531354773273e-01
7.073852725530542784e-01,-9.243187848430700626e-01
6.877908885167769437e-01,-8.935435767625445891e-01
6.711387887503776906e-01,-8.675981147399517424e-01
6.532097874664603010e-01,-8.398788933290851633e-01
6.000102189132173747e-01,7.589619881222839926e-01
6.255902739892873488e-01,7.976190799753309912e-01
6.509591383249924146e-01,8.364151495360643285e-01
6.761233383059125357e-01,8.753443113378152063e-01
7.010890861854179867e-01,9.144010911962834331e-01
7.258622632791340568e-01,9.535803319123936639e-01
7.504484670140525449e-01,9.928772040620849060e-01
7.748529989780227334e-01,1.032287129531898717e+00
7.990809813326336108e-01,1.071805917663608110e+00
8.231372203415769917e-01,1.111429497068664674e+00
8.826458559178360641e-01,1.211074340996886267e+00
8.943206408741314339e-01,1.230892144606286598e+00
9.177340599342496130e-01,1.270899008297239563e+00
8.707527434301669533e-01,1.190976101359610295e+00
8.470263405119167199e-01,1.151154089183968443e+00
1.313662709585353916e+00,-1.998176722448592457e+00
9.675570451561559260e-01,-1.357188733882109366e+00
9.330863166825026367e-01,-1.297320987806337866e+00
9.170156044891800695e-01,-1.269666175605397074e+00
9.035658144048133167e-01,-1.246647699188336400e+00
8.882841373723746603e-01,-1.220634327006375974e+00
8.706917836587213522e-01,-1.190873320160214632e+00
8.541038916877234932e-01,-1.162994694338933765e+00
8.395124557828521628e-01,-1.138619220240991714e+00
8.216997784350524858e-01,-1.109051140118179068e+00
8.070935081062010630e-01,-1.084961098924111411e+00
9.495495168597842817e-01,-1.325820568606482563e+00
1.298727275448385399e+00,-1.969072405419278748e+00
-1.538529622414328280e-01,-1.415235720563960686e-01
-1.222518612803013827e-01,-1.145355850543890441e-01
-8.794732774535540809e-02,-8.399097217607535970e-02
-6.989615410730580514e-02,-6.740917318956773929e-02
-2.457309541893586483e-02,2.426929899679477337e-02
5.504455008652002490e-02,-5.653920864168673899e-02
7.223722131275782388e-02,-7.480083941619378174e-02
9.305917304505251231e-02,9.729287244161589909e-02
1.115768738045267716e-01,-1.176369999756440854e-01
1.318996868930510380e-01,-1.403290982639948947e-01
1.641834701677700736e-01,-1.771495873118668352e-01
2.019209610422139367e-01,-2.213703028334967349e-01
1.241695762301141814e-01,1.316531069730356995e-01
1.332188262228037670e-02,1.341032531930308122e-02
-1.505758369409682385e-01,1.387770307771960254e-01
1.086012104767106745e-01,1.143463589382097967e-01
-1.020489494738157782e-01,9.670186939466982046e-02
7.688670379487996809e-02,7.978775585583178231e-02
1.813522408819548126e-01,-1.971118032467804038e-01
-3.622285242575452174e-02,-3.556075382965179915e-02
-1.962410301540431015e-02,-1.943059625286444603e-02
-3.121724085281540710e-03,-3.116847695989031011e-03
2.943984701482968078e-02,2.987005595675475134e-02
6.149100671617251102e-02,6.335337601380512662e-02
2.404697340085381121e-02,-2.433438428951348667e-02
1.481208886352221310e-01,-1.587121292607967527e-01
9.002492753042327933e-02,-9.398985840842519202e-02
-9.162756552643664953e-01,2.651258210541873606e-01
-8.976292867587482016e-01,2.872002928060851668e-01
-8.727084980142264525e-01,3.113643674803027728e-01
-8.458518298764050591e-01,3.320958740677487642e-01
-7.537944172119903641e-01,3.740260621130160335e-01
-7.185748482079061805e-01,3.812005041368167202e-01
-6.890587174796849457e-01,3.842336746643137402e-01
-6.356732830836248072e-01,3.836891062450997758e-01
-4.022939434959658667e-01,-3.110192878459797083e-01
-3.757371936144680569e-01,-2.968710971487676376e-01
-3.535620912222970369e-01,-2.842687385365251784e-01
-3.290538453368830885e-01,-2.695322920354357721e-01
-2.846250886517893153e-01,-2.407354408639853782e-01
-8.727084980142264525e-01,-3.113643674803027728e-01
-8.976292867587482016e-01,-2.872002928060851668e-01
-9.119160742636713834e-01,-2.706469904005431859e-01
-3.074114066101880094e-01,-2.558336373024241994e-01
4.778363033244513725e-01,-5.808878695437434958e-01
5.007276381329182069e-01,-6.134123333949126344e-01
5.228106427755484509e-01,-6.451599083747874275e-01
5.383398058817383536e-01,-6.677019314951381235e-01
5.635438909667944696e-01,-7.046651357701824159e-01
5.913598002346656113e-01,-7.459951260318750110e-01
6.063867080867512138e-01,-7.685545960206023874e-01
6.208744050135853731e-01,-7.904573444896784151e-01
6.350516394364462691e-01,-8.120350557496096577e-01
5.351455964949252131e-01,6.630507058623874572e-01
4.477082306656929855e-01,-5.386858902713045349e-01
6.390092372528705100e-01,8.180838830774359582e-01
-1.000000000000000000e+00,-1.962009851719548974e-63
-9.961503194917169512e-01,-6.180693715652403608e-02
-9.961503194917169512e-01,6.180693715652403608e-02
-9.842061317972556900e-01,-1.236887843690337718e-01
-9.842061317972556900e-01,1.236887843690337718e-01
-9.717386269581796965e-01,-1.633601393706113347e-01
-9.717386269581796965e-01,1.633601393706113347e-01
-9.556078709698501150e-01,-2.013412243759263309e-01
-9.384616208143615745e-01,-2.328035203468586944e-01
-2.380791731134923039e-01,-2.078147303459533246e-01
-2.181053598356922640e-01,-1.928592423648355925e-01
-2.017572849639473476e-01,1.802588959899023846e-01
-1.934860834122922035e-01,-1.737623439985581109e-01
-1.790018108821822829e-01,1.621916620233961326e-01
-1.729864432364746907e-01,-1.573143657437246490e-01
-9.990331179747652390e-01,3.106466171445340999e-02
-9.990331179747652390e-01,-3.106466171445340999e-02
-9.910357325914945781e-01,9.383108002986927099e-02
-9.910357325914945781e-01,-9.383108002986927099e-02
-2.578575153416907129e-01,-2.221382982599277023e-01
-3.136439921310116286e-01,2.598434015132222163e-01
-2.902102566218123791e-01,2.444992982253590130e-01
-3.417944687375828461e-01,2.772973977566332016e-01
-2.606123139324414417e-01,2.240944181233302801e-01
-3.767403962501240655e-01,2.974244586875122165e-01
-2.283526833956752988e-01,2.005928942148234861e-01
-4.092787940221531140e-01,3.145650902693527540e-01
-4.474881889182605321e-01,3.326230642752818212e-01
-4.838053797296247294e-01,3.475981291137698603e-01
-1.262721940680669730e-01,1.180309235312936300e-01
-5.102847721583549934e-01,3.570955290714481478e-01
-8.048412694805499867e-02,7.717734828809806602e-02
-5.638360069327816859e-01,3.723725954340078581e-01
-6.077865081097325040e-02,5.890267701959405605e-02
-5.998592641423566851e-01,3.794510453992780974e-01
1.099910921249732887e+00,1.593888548489460266e+00
1.122089977555183582e+00,1.634592795437219248e+00
1.077606976326820787e+00,1.553252608994782236e+00
1.144146830476875598e+00,1.675363397796888476e+00
1.055175354119809450e+00,1.512687020115416558e+00
1.166084069816936131e+00,1.716198494194788982e+00
1.032613155710718766e+00,1.472193920036439563e+00
1.187904190090954826e+00,1.757096299959062691e+00
1.009917368838785467e+00,1.431775553788927402e+00
1.209609598337825220e+00,1.798055108268813207e+00
9.870848606498260347e-01,1.391434278825621096e+00
1.231202617685475342e+00,1.839073284355866589e+00
9.641126908889418035e-01,1.351173131407566563e+00
1.241897772893957530e+00,1.859489588487982736e+00
1.252685490214884956e+00,1.880149259131015604e+00
9.409968152211591885e-01,1.310993580114540036e+00
1.274060384699496451e+00,1.921281532901051081e+00
1.295329395283377316e+00,1.962468662481932302e+00
1.313265518858411918e+00,1.997401095569982354e+00
1.123317260025851416e+00,-1.636853747365480283e+00
1.112209092242762765e+00,-1.616422529538544817e+00
1.141281486539059919e+00,-1.670050690754703915e+00
1.094145936613612813e+00,-1.583356552103232673e+00
1.154068551288500055e+00,-1.693797028538399863e+00
1.077103353427433241e+00,-1.552338509923731902e+00
1.167160794970501847e+00,-1.718210065604177217e+00
1.055094832426324958e+00,-1.512541953620117674e+00
1.188251937615944387e+00,-1.757750345586130747e+00
1.032549977854287260e+00,-1.472080969322230981e+00
1.206970734467595063e+00,-1.793060844917887309e+00
1.018843509451074603e+00,-1.447634121441566668e+00
1.221663747648505716e+00,-1.820919936188814647e+00
1.005551508438723207e+00,-1.424036864084178289e+00
1.234553495701917081e+00,-1.845462784441353143e+00
9.851801500993319083e-01,-1.388083573653871694e+00
1.247902127001190520e+00,-1.870980340269770004e+00
1.260079787115245820e+00,-1.894348728199964471e+00
1.279536370144440660e+00,-1.931861101211693299e+00
-8.214461452852602763e-01,3.471072710606796785e-01
-7.896091435944750936e-01,3.621809466190702431e-01
-6.636444225724980051e-01,3.848883497767088269e-01
-5.332383920014951428e-01,3.643082227763881908e-01
3.023928127415694833e-01,3.450980140998959889e-01
3.308554096508374842e-01,3.816837558273751263e-01
3.590030961591536007e-01,4.185124838884097809e-01
3.725647946026005020e-01,4.364839126043784656e-01
3.868485482261932451e-01,4.555703903346939310e-01
4.144035815112979693e-01,4.928447945345246217e-01
4.279367480675124735e-01,5.113686119203820768e-01
4.416793642773548245e-01,5.303242056383656866e-01
4.686862677321240733e-01,5.679979211474027734e-01
4.954340658661339769e-01,6.058561210902697614e-01
5.219319192144101782e-01,6.438896883617407640e-01
5.481885283307267320e-01,6.820902876219393507e-01
5.742120676091244658e-01,7.204501465078433364e-01
4.617892164605131300e-01,-5.583238294789214518e-01
4.297507079184653134e-01,-5.138623052845394668e-01
4.140754656172501713e-01,-4.923974470025597738e-01
3.966793451484728061e-01,-4.688003669164875209e-01
3.783789124752523492e-01,-4.442334272253357086e-01
3.628708918188456867e-01,-4.236229596137835451e-01
3.451641367699825880e-01,-4.003255466961118114e-01
-6.494516066473856597e-01,-3.845216400704328796e-01
-6.945937772938921562e-01,-3.838573219701229000e-01
-6.099713925978154094e-01,-3.809409832679579444e-01
-7.315244878719272537e-01,-3.790366530480451246e-01
-6.721439929642238909e-01,-3.848609914228068307e-01
