0
6.458577624348533e-01 -6.172738070477209e-02
-4.387544239032133e-01 4.506215820626389e-02
2.654637105973736e-01 -2.224550080761917e-01
-4.755629708663352e-01 5.751378860462488e-02
-4.033175616343642e-01 9.093171617805538e-01
5.012700227861881e-03 -8.619165431620118e-02

1
1.142349298885485e-01 -3.017330817672473e-01
7.170215339655542e-01 3.439200806033307e-01
3.437333848098551e-02 1.292091139072293e+00
-4.915136157283439e-01 -8.845485995881461e-01
-3.455345590174012e-01 9.825405229564106e-01
5.122085870009192e-03 -2.664973285042658e-03

2
-1.579716102687431e-01 1.366358130848514e-01
-5.558133884121784e-01 2.363225553898594e-01
1.630002675927775e-01 3.383112538065304e-01
-2.397614701015678e-01 5.066677050270638e-01
-3.450081972917576e-01 9.833776887603671e-01
5.028850201285423e-03 -1.784370882522662e-03

3
-7.420299467802838e-02 4.391959142477568e-01
-3.280817359486720e-02 5.406276270457335e-01
5.301651777287235e-01 8.304096902621186e-01
-4.857583648034665e-02 -3.279456944237643e-01
-3.173674073724185e-01 1.003763268721701e+00
1.318955682788892e-02 2.786827585486786e-02

4
6.284941758508206e-02 2.203467232373438e-01
-6.974891169582177e-01 1.821762926539469e-01
2.829069357758542e-01 -1.713719538767328e-01
-4.266581487873584e-01 6.462231213823646e-01
-3.474467422372645e-01 9.848247414340529e-01
2.511498901851414e-03 -2.116585457453050e-03

5
1.017494930373434e+00 7.388142516898384e-01
-1.770437299945744e-02 -6.535203452890846e-01
6.009164828218084e-01 -6.786549957727134e-01
-7.166337847578284e-01 8.523047558594496e-01
-3.254173375709705e-01 1.079661014826745e+00
-3.450770776012949e-02 7.681817592247416e-02

6
3.539323344399575e-01 6.589927528588653e-01
-2.837339279541580e-01 4.322750955681697e-01
8.552371511090986e-01 5.641601198713363e-01
2.420345745877335e-01 -4.834397404894342e-01
-3.702388225530107e-01 1.031999570250679e+00
-3.965263926559788e-02 1.845716963031570e-02

7
4.426747758381993e-01 5.211405497496463e-02
-1.144808280036615e-01 2.111132244184982e-01
1.260920341457105e-01 4.938569163354514e-01
-4.731231384234197e-02 -1.739777286685697e-01
-2.139935502173073e-01 1.100541648425607e+00
3.233556065892612e-02 1.532187470511276e-01

8
1.150390383236135e-01 -4.109096406995635e-01
-2.603169621044659e-01 2.673272811943325e-01
-8.869580259293094e-01 3.215856983702204e-01
-1.562303125833105e-01 7.372954971643666e-01
-3.651166426095648e-01 9.684079727225201e-01
-8.308089608539850e-04 -2.345450178932658e-02

9
2.801521727183981e-02 5.720713696972187e-02
-3.581613439308335e-01 -3.322784834191111e-01
1.703448405271710e-01 8.252466225210577e-01
-2.358534518605364e-02 4.824298089696745e-01
-3.434870580223768e-01 9.876672650244552e-01
3.723656094451570e-03 2.076550530300079e-03

10
1.757687777502411e-01 -2.228684845909585e-01
-4.713222810946904e-01 -1.913072907528090e-01
5.343493473693258e-01 5.593004250724660e-01
-4.261071044133318e-01 -1.569639136811579e-01
-3.325523375401260e-01 9.955657908734438e-01
7.043985693383485e-03 1.369033263523621e-02

11
1.881096467267165e-02 -1.099540426824799e-01
-4.490498307566113e-01 -4.929734715531981e-01
9.225376580993044e-02 8.141415834817878e-01
-9.307805622732855e-02 5.993183610787607e-01
-3.447483088043767e-01 9.879914870728230e-01
2.656578279778525e-03 1.606211484663218e-03

12
-1.394103668719634e-02 1.564554765294939e-01
-1.775311744660945e-01 1.834532714518710e-01
1.032823090625667e-01 7.354982526393761e-01
-5.065918138227107e-02 2.015435144614531e-01
-3.499903514598450e-01 9.022636056337048e-01
4.644449107458737e-02 -6.162217424195259e-02

13
-1.558804140756266e-01 3.265424360241605e-01
-2.160937847346938e-01 -9.122788485442358e-01
7.830807509903414e-01 8.010293275719127e-01
-5.929502677928514e-01 7.568947841547728e-01
-3.477991494951388e-01 9.874956846411429e-01
7.843301360106813e-04 -4.322517925119222e-04

14
9.353238087322036e-01 -3.240776339699563e-01
-5.991454757331949e-01 2.077834432065506e-01
-5.562877611325082e-01 2.528065239566392e-01
6.244153344577420e-01 3.857685713439059e-02
-4.241063336196831e-01 8.684595660378125e-01
1.301118071626074e-02 -1.264554322662103e-01

15
2.477216569673819e-01 3.968614347810078e-01
4.113789828766309e-01 3.254469024583886e-01
-1.932898561909684e-01 8.733692097976150e-01
1.535781999441298e-01 1.157812757353451e-01
-2.482818722273218e-01 1.044325754594137e+00
3.934015280734528e-02 9.467144810806628e-02

16
1.850881051802276e+00 7.558907894313545e-01
5.032473592217058e-01 -1.205468595939952e-01
-1.250005838525432e+00 -1.917711373146342e-01
1.097022176530869e+00 1.088830514123355e+00
-3.945183715221975e-01 9.173416343483027e-01
6.760541911659032e-03 -7.567191602820079e-02

17
-8.408033712767135e-02 3.252336812449487e-01
-3.248988017320755e-01 5.145478048882186e-01
5.955070291211930e-01 3.458036609425099e-01
-3.843277330796686e-01 -1.163210191903408e-01
-3.696674494980361e-01 9.977184352845281e-01
-2.026546019608559e-02 -5.349474571888498e-03

18
2.107883482928225e-01 8.140317384532316e-01
9.512423795458692e-01 4.109395192386494e-02
4.527482254752101e-01 1.524900484989596e+00
1.646150825708006e-01 -3.616153047542022e-01
-3.181975169753812e-01 1.004186975795962e+00
1.237077056532098e-02 2.770671155560146e-02

19
1.326580458938927e-01 1.719081351579062e-01
-2.788761449022838e-01 -4.194958461559419e-01
8.877216711340701e-01 8.954535967184353e-01
-2.565523584556474e-01 -1.617075110142813e-01
-3.718265143934960e-01 9.298591179244221e-01
1.579616785459607e-02 -5.429667092903909e-02

20
9.892121322620959e-02 -8.079560093850364e-02
7.859475481174993e-02 -3.197075152962739e-01
3.325636076003864e-02 7.599686729634307e-01
-4.452682403312793e-01 3.496547723083513e-01
-3.511607678177648e-01 9.865837185218497e-01
-1.076133018186199e-03 -2.935673306392428e-03

21
4.541069922369542e-01 1.429575000734562e-01
-4.260013590479086e-02 -2.029247778492886e-01
1.180411968791588e-01 4.479257688656276e-01
-1.811694902195548e-01 2.703176412435149e-01
-2.379779435912540e-01 1.060838423057069e+00
3.744603687216221e-02 1.119975249695165e-01

22
8.361467901313968e-02 2.513347061003750e-02
-6.291313477727078e-02 2.842870059732536e-01
-4.932084720731442e-02 4.750960224390390e-01
-3.118472805908637e-01 1.799146496758932e-01
-3.481252573339835e-01 9.906034048075916e-01
-1.166222049938803e-03 1.573999466213556e-03

23
1.729881640404755e-01 5.751338852724982e-01
1.164303382031368e-01 3.554958590553588e-01
4.874885596826350e-01 6.100634835607963e-02
-6.242738699085958e-01 1.619426083699202e-01
-3.448028728882309e-01 1.031121913273501e+00
-2.126772520827541e-02 3.192616940271143e-02

24
2.078485955346213e-01 -6.761604560920148e-01
-9.022309366984894e-01 3.205052300102573e-01
4.265200386128503e-01 1.577938794966050e+00
7.816482678083606e-01 -1.327009449487634e+00
-3.585878510643435e-01 9.846542052354755e-01
-5.233873210238696e-03 -8.406606769581271e-03

25
-5.934273664227852e-01 2.650516425690843e-01
6.178479186513594e-01 4.513057153755330e-01
-1.782021700553122e-01 1.217204111776020e+00
-4.684920918158378e-01 2.999547659011543e-01
-3.519496939109165e-01 1.003181679794196e+00
-1.082334519685248e-02 8.307128363760857e-03

26
3.765727970131895e-01 5.379277953568012e-01
5.988806307869980e-01 4.036160456232590e-01
6.652005461990879e-01 6.316750730154265e-01
-4.586328621916929e-01 -6.687443355219639e-01
-3.601734107336838e-01 9.746849628280654e-01
-8.285750190454233e-04 -1.629989283337102e-02

27
1.276728498532051e-01 -1.412207277616903e-02
-4.855139359397312e-01 4.534505390471805e-02
1.269147422929889e-01 2.056474241955256e-01
-3.434731911482075e-01 4.156967712740172e-01
-3.459531071629622e-01 9.841193927884485e-01
3.953172106831640e-03 -1.785743051173604e-03

28
1.058561188895847e-01 2.147085532609378e-01
2.776371826587909e-01 2.183161201246659e-01
2.282692793049330e-01 1.018143830494551e+00
-1.014739482326213e-01 -2.647997294330710e-01
-4.864984164509359e-01 9.854208042898652e-01
-9.566699459303897e-02 -7.870485794017451e-02

29
4.987615475265062e-01 -5.189130965422206e-01
-3.363135801110047e-01 3.143483246236453e-01
-3.232145531531480e-01 2.958588391027139e-01
-1.703081309179962e-01 -1.874898882113204e-01
-4.388542003198397e-01 8.798796598069214e-01
-3.691173428915102e-03 -1.265867624681858e-01

30
6.307404183105847e-04 1.994010605479887e-01
-2.446499621413447e-01 2.221177993258937e-01
1.972157153056340e-01 9.569799204839021e-01
2.230852883125266e-01 3.340728631743976e-03
-4.046857426845810e-01 8.758501123696997e-01
2.258420095939147e-02 -1.104995773682858e-01

31
3.822328572250748e-01 8.292232373482481e-01
-1.041368199183729e-01 1.533425297688759e+00
-1.172332701910884e+00 -1.147691855776613e+00
-1.634178132523532e-03 1.424609827292320e+00
-3.649452185328072e-01 9.703227601798790e-01
-1.770602258536320e-03 -2.201216139979529e-02

32
6.164335275027380e-02 -1.452990492448082e-01
-2.401790496066585e-02 4.352925769530258e-01
1.491326888552365e-01 6.477142114316323e-01
-3.990293073399521e-01 -3.642567561703648e-01
-3.403370790807300e-01 9.816158179910897e-01
9.291575099139747e-03 -4.372752109295815e-04

33
-2.023013106400451e+00 -1.335659919646779e+00
-6.267755155807609e-01 1.197053174749324e+00
-1.700771811819469e+00 1.114696586460987e+00
-8.682479549779567e-01 1.268852496349796e+00
-2.955359304157062e-01 1.005001176544704e+00
2.786644896037415e-02 4.082978380822253e-02

34
2.886064424162195e-01 4.322380844471094e-01
2.476242233118543e-01 6.441887711699541e-01
4.459654273992064e-01 3.504527437239858e-01
-3.854539419159055e-01 -4.497333252724852e-01
-3.590594481559793e-01 9.631685332454821e-01
6.333175063873490e-03 -2.378689642467215e-02

35
-5.597939007584449e-01 8.405749049796690e-01
2.263806569090957e-01 2.965120338580096e-01
3.273883886180185e-01 7.449036922067466e-01
-4.001823596623024e-01 7.599675944448151e-01
-3.247540212659631e-01 9.579225576278737e-01
3.337859823340440e-02 -8.479837495332468e-03

36
3.964099548014298e-01 4.049059984055873e-01
5.943852319384278e-01 2.742444563802244e-01
-1.954604207066188e-02 1.063482800752130e+00
1.921423954089147e-01 -2.614816032101633e-01
-2.452557280949175e-01 1.013592859628454e+00
5.848967600547306e-02 7.472111041320983e-02

37
1.848114567622521e-01 -4.711803989282529e-01
6.211736410117736e-03 2.826855570763808e-01
-1.163873041657476e+00 1.742126340664217e-01
-3.700292398585143e-01 8.871392651067260e-01
-3.628435706046834e-01 9.759418270896687e-01
-3.403582388572036e-03 -1.689420972135181e-02

38
3.429726125758375e-01 1.283992112884294e-01
-1.279175245963010e-01 1.439151081911624e-01
2.124102122028472e-02 3.933441822277823e-01
-1.144164902017449e-01 1.808567337477378e-01
-2.175462462625929e-01 1.120759476237394e+00
1.863882335622283e-02 1.654781960424736e-01

39
1.254576274342932e-01 2.660407512203425e-02
-2.938327389841088e-01 1.921437896313326e-01
-5.139819400579312e-02 5.330422103124943e-01
-4.131413938405725e-02 2.634564693938435e-01
-3.446888821093600e-01 9.861786643554639e-01
3.702348762515013e-03 3.634686590934938e-04

40
-2.492044733247417e-01 5.851799285175248e-01
-3.258455398572846e-01 4.740164258459389e-01
3.776202962557453e-01 1.040469400638169e+00
4.423081346906444e-01 9.737165809639052e-02
-3.573296882077056e-01 1.056624724912788e+00
-4.420626160305312e-02 4.293465010418564e-02

41
6.436016095540906e-02 1.781665049911061e-01
-1.662710919163604e-01 2.655591408123004e-01
4.064731950563306e-01 7.266462664915504e-01
-1.267282697864102e-01 -1.979811574502753e-01
-4.652364367062274e-01 9.345775051389720e-01
-5.254794070185548e-02 -1.027074351777843e-01

42
-1.202220779702187e+00 4.059396105813472e-01
2.254109252780761e-01 8.058209916243493e-01
-9.500531905138954e-02 1.155416047383978e+00
-5.147477036994357e-01 6.350258798968826e-01
-3.206371834989313e-01 9.997005857878298e-01
1.313860877689878e-02 2.319860922307493e-02

43
-8.718072849041851e-02 -3.596100169363254e-02
-1.486703024433494e-01 6.081407733106468e-02
-3.311761437894927e-02 6.991172290830615e-01
-2.807071048228294e-01 3.500518486503135e-01
-3.522314942675128e-01 9.847403478879989e-01
-8.087151958928888e-04 -4.825798287104461e-03

44
1.166824254546190e+00 6.280490973469941e-01
4.594190472199428e-01 -3.549959094977708e-01
1.131846798440692e+00 -4.635134101732228e-01
-1.102057905105357e+00 -3.603352358062284e-01
-3.479351796144224e-01 9.266000536139206e-01
3.441300037572469e-02 -4.335884623338505e-02

45
5.499767519262369e-01 -2.402643221347409e-01
-2.984712642836419e-01 2.186377515911440e-01
-5.384632017631451e-01 1.364914201109740e+00
1.148970699918480e+00 -2.893876674913365e-01
-3.536227749933548e-01 9.853845196473844e-01
-2.144483165714683e-03 -5.143005371179839e-03

46
1.921204638239875e-01 1.263132454449676e-01
-1.516763516557892e-01 -3.200558374523467e-01
-3.427013245253399e-02 8.964812875489656e-01
1.599592826557127e-01 4.994307041524276e-01
-3.556503077811374e-01 9.908842621879117e-01
-6.617017661578472e-03 -2.395787158265242e-03

47
3.707078660048364e-01 -2.451529666730968e-01
-7.352591084592517e-01 -4.977185692868552e-01
7.096688650540096e-01 1.058203703155542e+00
2.432707952446601e-01 -4.139256236462829e-01
-3.434969005215628e-01 1.000587063616868e+00
-3.438337528679561e-03 1.116255075879946e-02

48
6.755024301051994e-01 8.033487641284336e-01
-6.217644310061924e-01 -4.892283244832469e-01
6.205396597258140e-01 1.184586315830775e-01
3.731606829256896e-01 7.474823787274122e-01
-3.548126097250081e-01 9.280151470705862e-01
2.878977736873001e-02 -4.617183316171122e-02

49
-7.336540795922539e-02 2.548590120469834e-01
-2.933275899575477e-01 2.529261632963021e-01
3.515563909298022e-01 5.397002745813162e-01
-2.170364078348896e-01 1.678490658756196e-01
-3.631928363306710e-01 1.015278701929950e+00
-2.543436944450392e-02 1.059308045182141e-02

50
2.146200589704179e-02 2.354963886168368e-01
1.965949396476885e-01 2.828113940228342e-01
-1.673408174403912e-01 1.105226743048987e+00
2.264709304447273e-01 1.086164657607965e-01
-4.742705139678958e-01 9.178616333858171e-01
-4.964771582290777e-02 -1.194732510083721e-01

51
1.535674633152463e-01 1.137407561917673e-01
-1.961077106944540e-02 2.183987512233440e-01
-3.068310041428436e-01 6.344591104479396e-01
4.448429703419516e-02 4.022356517350701e-01
-3.610708801559647e-01 9.909003082221811e-01
-1.044027222801879e-02 -5.386443696357735e-03

52
-2.867737666197415e-01 6.135636367138826e-01
-1.101982372635408e-01 2.812845292423449e-01
4.888570271903737e-01 8.746172406004316e-01
-2.391978229894490e-02 2.456126855025609e-01
-3.634585460774276e-01 1.012664482791765e+00
-2.417357366484293e-02 8.606345411286014e-03

53
2.346721302062929e-02 1.899340984854085e-01
1.952378687584468e-01 2.141644436407948e-01
-7.102628138456181e-02 8.511291020555813e-01
-1.147021639121306e-01 1.750280183753381e-01
-4.279872161073749e-01 9.018175909707525e-01
-8.193621762196492e-03 -1.051311931293147e-01

54
1.026748628983730e-01 4.037387688989929e-01
-5.498628579132477e-01 -1.123547482790554e+00
1.777475501004706e+00 1.732311893117263e+00
2.660498426526299e-01 -5.335471257967977e-01
-3.505130441715395e-01 9.630866072170700e-01
1.239251100041903e-02 -1.911149289703219e-02

55
1.731595932946256e-01 -3.394128707267626e-01
-6.392986216457286e-01 -6.335942982322795e-01
8.540651350754083e-01 1.666284952513288e-01
-1.027995669365206e+00 9.396155249244807e-02
-3.457388884774403e-01 9.906338270929452e-01
4.961786466984447e-04 2.916993563456066e-03

56
-1.675632772910012e-01 -1.091948147598966e-02
1.562733362192686e-01 1.906045028638764e-01
-2.018492344156320e-01 7.894587844429067e-01
-3.874425563805580e-01 3.470479666699912e-01
-3.521234743277589e-01 9.849059881030577e-01
-8.244359473284706e-04 -4.649417837614885e-03

57
7.100461875806694e-01 -2.897728751869640e-01
1.136907990369121e-01 -8.059513420531750e-02
-3.469992249998067e-01 1.165084952065245e-01
-4.802864264679875e-01 1.808797130601995e-01
-4.265326237243525e-01 9.116844974776277e-01
-1.263440521144259e-02 -9.738244969195303e-02

58
1.494191318861795e-02 5.241231476146497e-01
1.743342113564809e-01 1.321891444206767e-01
5.150506278743787e-01 5.127935581084330e-01
-4.937555502152981e-01 1.602554289086781e-01
-3.721199625379023e-01 1.013939198778089e+00
-3.097441675660470e-02 4.706594028847060e-03

59
-2.478887706248167e-01 -2.159375685307128e-02
3.691653001821154e-01 2.731629622765653e-01
-2.974077348986696e-01 8.552170076991171e-01
-5.150420578575393e-01 3.256198326466662e-01
-3.522168931150235e-01 9.881931258760395e-01
-2.710611276778220e-03 -2.388048647691719e-03

60
2.702098161180040e+00 -1.990948260239305e-01
3.212183532484537e+00 5.585245719603114e-01
-2.332090185867295e+00 3.426676180678193e-01
-9.186771080036929e-02 -9.474647062055414e-01
-3.854814321479147e-01 9.539624876626790e-01
-7.161175850272950e-03 -4.489770500584610e-02

61
1.285392176067055e-02 2.169627344102236e-01
-1.679379205130083e-01 5.198604600220330e-01
1.511369614164028e-01 1.516835925015422e-01
-4.743252274298788e-01 1.938874226933974e-01
-3.504224708179485e-01 9.926617306732878e-01
-3.922647738377623e-03 1.750198117007187e-03

62
4.959755814160204e-02 2.327179903733925e-01
1.065712947014327e-01 -5.462253463622710e-01
3.900510218361674e-01 1.729186196565111e+00
3.957618945693115e-01 -1.235898863788755e-02
-3.913464468242117e-01 9.446732067842523e-01
-6.143827261931702e-03 -5.468250298420461e-02

63
3.447752205161806e-02 1.009041109097744e-01
1.100593909467007e-01 -1.023465741553152e+00
1.191109018333366e+00 1.682094094467352e+00
-3.192792823543164e-01 -4.152189864647752e-01
-3.683782757185479e-01 9.880315478805202e-01
-1.399362908881431e-02 -1.145202614860808e-02

64
4.764444060967746e-01 -2.940182147368284e-01
-3.027402975983486e-01 1.571214811374887e-01
-2.793271939561099e-01 1.230854658529963e-01
-2.711900405123218e-01 1.936930158980975e-01
-4.569358984015866e-01 8.736626080552214e-01
-1.297192550976808e-02 -1.409753609334713e-01

65
-2.693365809009376e-01 -5.867367133348822e-01
-7.928262177319091e-01 -9.924545007008527e-01
-7.431665246859844e-01 1.841391906949222e+00
8.796989502556970e-01 1.211236293328812e+00
-3.514121600376270e-01 9.754003319051725e-01
4.940397875199200e-03 -1.094446228173025e-02

66
2.265175774451496e-01 2.501783294016435e-01
3.118374235127480e-01 1.745002700869789e-01
-5.624179161557999e-03 6.470937711358272e-01
-2.426874086054560e-01 1.163745671941772e-01
-2.702996364359516e-01 1.047807845354498e+00
2.191820778572492e-02 8.492815892028105e-02

67
-3.139846421406842e-02 2.180947172910350e-01
-8.280727474865258e-03 2.913031784213269e-01
2.804238872255414e-01 6.573762928626371e-01
-3.050689973996297e-01 -8.499611056040690e-04
-3.123567440355535e-01 9.890667013557851e-01
2.485453230818798e-02 2.030147925266203e-02

68
1.330075453301561e+00 -1.276529480926425e-01
-1.044128363082899e+00 1.427179211920610e-01
5.589538321051414e-01 -5.675443040919506e-01
1.131536241373481e-01 -5.459755472210860e-01
-3.752060036959543e-01 9.372313560835791e-01
9.335283534248754e-03 -5.098053037876538e-02

69
9.163616168941419e-02 3.167564342834546e-02
1.389890116924556e-01 2.538987009019416e-01
-1.210168023513063e-01 6.317307747311630e-01
-3.017790166143357e-01 1.360895101819166e-01
-3.537629513986695e-01 9.902451951755487e-01
-4.934996403357729e-03 -1.800258055581889e-03

70
9.607481172043053e-01 -7.992489553996157e-02
1.116818231639671e+00 7.958075223610737e-02
-6.438730659928050e-01 1.077862876591421e-01
-8.083380081836559e-01 2.919310685941146e-02
-3.917971569060561e-01 9.431788536651609e-01
-5.633402203117530e-03 -5.598366099000136e-02

71
2.163542233438039e-01 2.531966959845322e-02
6.001119953741838e-01 5.773008120901316e-02
-2.736933599287364e-01 7.472237142138607e-01
-4.764476421080293e-01 1.659178755481095e-01
-3.459751373424209e-01 9.823109740145924e-01
4.939183786328046e-03 -3.070498235064733e-03

72
5.759216402378076e-02 5.332174237941536e-01
-2.662032602720587e-01 3.527049287564867e-01
5.483754012125016e-01 6.776402408973304e-01
1.348296832220930e-01 -6.097020994553783e-02
-3.745411672611068e-01 1.029547770165307e+00
-4.132230623768941e-02 1.434921179921034e-02

73
1.282186848982446e+00 2.429001921327272e-01
-2.533875468762573e-01 8.229871958864139e-01
3.783867946087279e-01 -6.340731735167362e-01
-1.214049713592168e-01 -8.162175420925445e-01
-3.202072530018480e-01 1.041364448279427e+00
-9.632571373177738e-03 5.275488645046536e-02

74
-1.361186902623283e-01 -9.805442404575195e-02
-3.602676544621238e-01 2.304308768088382e-01
-1.540818184914939e-01 6.366984252218634e-01
-1.306791686593811e-01 3.911271881648848e-01
-3.447997739247146e-01 9.905062010102991e-01
1.227698351647810e-03 3.347272859225456e-03

75
3.929919986347535e-01 -4.702260736810424e-02
-9.868350551125955e-02 6.163273801606903e-01
-5.447629332412562e-01 8.962618049285417e-01
6.639146706046963e-01 -1.611502081062121e-01
-3.441885907686725e-01 9.913114295845559e-01
1.211837180277082e-03 4.252376209386237e-03

76
-4.982169214297547e-02 -1.261707840028289e-01
-1.438867324149876e-01 5.942625955480075e-01
-3.336063648766633e-01 1.375996349016914e-01
-5.503594741914573e-01 3.540209585275772e-01
-3.475339089449135e-01 9.910282490344198e-01
-9.853813226782054e-04 2.200447947666503e-03

77
4.599453583880420e-01 1.368041598683202e-01
-1.553386446879489e-01 2.072610663343152e-01
4.706474901246724e-02 5.471409293082110e-01
1.598422630805937e-01 -5.783944055405771e-02
-2.222462127199207e-01 1.116979771358824e+00
1.742475868055754e-02 1.602156078318486e-01

78
3.407501121437359e-01 9.621556854527012e-01
-3.588869216317817e-02 1.319687256729225e+00
-6.952575747577665e-01 -9.123851100995379e-01
-8.120400781264654e-02 1.162704021150845e+00
-3.753547618215000e-01 9.554187117246316e-01
-8.416697418725134e-04 -3.826476873255324e-02

79
-1.655273018355030e-01 3.929488099720013e-01
-2.634319904117439e-01 5.148424976561088e-01
1.451198723044990e-01 3.923784822896379e-01
-1.699538519696037e-01 3.845780621998867e-01
-3.462574073743908e-01 9.575702000244352e-01
1.844215485617297e-02 -2.063649941188075e-02

80
7.607191646109726e-02 -3.463990936119426e-01
-9.879945049988065e-01 -1.045642446080084e+00
-2.783039776937091e-01 5.497581470353515e-01
4.558554939556472e-02 1.484756310670836e+00
-3.463224138002871e-01 9.878625026381826e-01
1.620338736347971e-03 6.436977682416553e-04

81
4.890261896990161e-02 1.660021846038681e-01
-4.768446250011286e-02 -3.467139812367969e-01
3.052775420362229e-01 1.029822913754654e+00
-7.959222113354594e-02 2.488687456790855e-01
-3.850380366201314e-01 9.383911261556005e-01
1.774354560372831e-03 -5.560946225420713e-02

82
5.841988314808884e-02 2.618859153489096e-01
4.012111397469248e-01 5.882101371840650e-02
2.370410832763386e-01 9.055749034377475e-01
-3.662602498462156e-01 -3.004263371797030e-02
-3.094860371769443e-01 9.770765973282675e-01
3.351479858021713e-02 1.345405498753432e-02

83
-1.599329366284525e-01 -3.669068130175218e-04
-1.632481636349901e-01 4.017816490748660e-01
-4.857155792660504e-03 5.059738022270364e-01
-4.044118575493604e-01 2.135296644787155e-01
-3.465741618004461e-01 9.917448435337569e-01
-7.068775922396554e-04 3.236217928502784e-03

84
1.604289784438115e-01 1.419158935904799e-01
2.182082333291949e-01 3.665212312874330e-02
-3.728204556321747e-01 7.797615686465834e-01
-1.572950034131309e-02 5.019250564335846e-01
-3.550328646723270e-01 9.934668071462819e-01
-7.612763059543159e-03 -2.365485204849986e-04

85
-1.369018229658838e+00 1.141726509893515e+00
1.072760871900588e+00 1.213537353343761e+00
-1.204211888478016e+00 2.172933832460235e+00
8.264999397263110e-01 1.280678677832976e+00
-3.289688296045957e-01 1.019345049548386e+00
-3.603464859225300e-03 3.240797800179702e-02

86
7.531531635309348e-01 1.187849744047536e-01
-1.122870702211119e-01 -3.207776596818860e-01
2.468331647716295e-01 7.500376783180283e-01
2.898897806150342e-01 -1.403809095351413e-01
-2.492341115798705e-01 1.048594298510984e+00
3.630613044616762e-02 9.714779640149783e-02

87
-3.991512966556932e-01 5.524694997235881e-01
-1.461373644235052e+00 -1.945748846279733e+00
9.267157773858841e-01 1.231125262666005e-01
-5.047938423356858e-01 2.604304516532306e+00
-3.460780363784534e-01 9.890250844997863e-01
1.148457815436462e-03 1.597125408499396e-03

88
-3.919022992604092e+00 5.291564448768142e-01
-2.377835575932000e+00 1.065732547831255e+00
-1.238713527174803e+00 1.592397878055372e+00
7.569803869671864e-01 4.165318873513730e+00
-3.377456761174690e-01 1.007802650973020e+00
-3.387333651688767e-03 1.942510671931898e-02

89
2.073869206593048e-01 -5.891787081179604e-02
-4.141322069039036e-01 2.328920316510508e-01
-1.102962105832919e-01 6.913262879928589e-01
2.564789721867226e-01 9.775359349101943e-02
-3.488205696765989e-01 9.814203979628430e-01
3.430106316963595e-03 -5.273000785303524e-03

90
4.627480917536055e-01 4.469899089389048e-01
-2.052562261547832e-01 2.022359637050642e-01
3.231590720209999e-01 -1.895306643186328e-01
-3.928250167625547e-01 3.413169618779728e-01
-3.142150318638899e-01 1.075504392948621e+00
-2.432286440981789e-02 8.009713805866028e-02

91
3.725070565376169e-02 -2.273307936344557e-01
-4.041317860700890e-01 5.465475725285976e-01
6.413456986488415e-03 -9.716539937773640e-02
-7.415476646608862e-01 1.204219264119859e-01
-3.482769578577521e-01 9.911333063868389e-01
-1.566434133887995e-03 1.862869818694800e-03

92
-6.114322510872089e-02 1.473296429671798e-01
9.959116105084662e-01 -5.657281305834065e-01
-8.248568686251352e-01 1.337156775077492e+00
-2.788115322370258e-01 1.133001835294279e+00
-3.478934357219948e-01 9.881297503543607e-01
3.668327864062790e-04 -3.828643456887330e-05

93
2.704480949726636e-01 5.843344944487023e-01
9.560956051956720e-02 -4.616221531789049e-01
7.202896422566644e-01 3.598759522541041e-01
-5.810686892923307e-01 4.451845440150475e-01
-3.663679488265462e-01 1.019350515800054e+00
-2.992364093293400e-02 1.169995157327622e-02

94
-1.241804976739758e-01 1.552862969750948e-01
1.424268886418916e-01 -6.068251067903975e-01
2.202208411501353e-01 1.231950870882895e+00
-2.321153782174487e-01 5.269889370685572e-01
-3.539251476145511e-01 9.817055128105124e-01
-3.198001705418908e-04 -7.899318244903220e-03

95
3.571095378160132e-01 8.826268563842782e-02
1.030184544941826e+00 1.063654866374247e-01
-6.197226569101119e-01 1.170981090206539e+00
-9.832433881493581e-02 5.001096012119058e-02
-3.440612899509894e-01 9.845614388666853e-01
5.039604989812710e-03 -4.269819036361930e-04

96
-1.100386087105357e-02 2.464839942748765e-01
2.811052341050873e-01 4.845290452753629e-01
1.952042591525492e-01 5.192085704176888e-01
-5.553993727708436e-01 -8.908162984507302e-02
-3.431907192226835e-01 9.881675056125477e-01
3.655148406078440e-03 2.592675989267062e-03

97
8.488198746389826e-02 3.405337110369158e-02
-1.539418565367781e-01 1.621794103132605e-01
5.039411086000044e-02 5.422813978853914e-01
-2.457343283806073e-01 1.893755873054897e-01
-3.536910103669256e-01 9.932889962724296e-01
-6.570049313894476e-03 3.814564253119281e-04

98
-1.625848095422121e-02 2.156348388824369e-01
-2.528737710161253e-01 1.864928801499544e-01
3.382745631468312e-01 5.535055963517128e-01
-2.346571687323579e-01 1.445104217482466e-01
-3.490787027033765e-01 1.028270779691721e+00
-2.269758062306342e-02 2.755189123651580e-02

99
1.921138780851076e-01 2.718363757173484e-02
1.106068631213581e+00 1.145092960173656e-01
-9.430711775983739e-01 5.256107133345145e-01
-7.812960681157081e-01 7.471390015254001e-01
-3.469130313525733e-01 9.883603637673218e-01
9.290121219579692e-04 6.669467043165146e-04

100
5.501202187360792e-02 5.339057983620932e-02
-5.493227647605712e-02 4.395614589225230e-01
-1.501241165590781e-01 3.148824617655414e-01
-3.758115283663679e-01 2.653318795949722e-01
-3.473283300222468e-01 9.905685628624892e-01
-5.861416346873371e-04 1.990825233586092e-03

101
1.036127752896833e+00 -9.375034771410948e-01
1.566198040263304e-01 -2.660813396623048e-01
-6.307493267380382e-01 5.244106726571869e-01
-2.725143628247265e-01 -3.977376674365870e-01
-4.101908326651462e-01 9.266492326983530e-01
-9.422520668526467e-03 -7.780182107680730e-02

102
2.591093365482164e-01 -1.793286856291327e-02
7.050525268004918e-01 -6.869010988159292e-01
5.585808597896889e-01 1.656738220312031e+00
-3.536167385070388e-01 -5.364732046514132e-01
-3.473413490526563e-01 1.001280340778839e+00
-6.527554468825646e-03 9.521318223696293e-03

103
6.446082506402527e-01 -6.493540624937270e-02
-1.529869956273859e-01 -2.296404693193669e-01
3.507088056126226e-01 5.648568788423277e-01
-1.103896963388698e-01 -2.750581100881305e-01
-2.435439170565635e-01 1.040442946165835e+00
4.482449870792116e-02 9.456308935872756e-02

104
9.481074645883300e-02 -8.775935302881416e-02
1.902596653746160e-01 5.866536354640022e-01
2.146580337418595e-02 4.606409983943282e-01
-5.845357251745825e-01 -3.155612660950681e-01
-3.462941161756807e-01 9.886104883151936e-01
1.226012029941898e-03 1.185714468379301e-03

105
-1.724307800715537e-01 6.000209053512409e-01
-2.939277402230379e-01 9.106792428669310e-01
1.984833069312086e-01 4.436540787951387e-01
1.390560963553047e-01 1.392407341987635e-01
-3.481671224770119e-01 9.668940256572697e-01
1.193472490956396e-02 -1.513308824731663e-02

106
1.714133337712519e-01 2.126747226551429e-01
6.896008230880375e-02 6.573916901154998e-01
3.900564098622386e-01 3.412581324163046e-01
-4.693052593379563e-01 -4.437208785971350e-01
-3.528279872479643e-01 9.828621076737236e-01
-1.882760355368908e-04 -6.477826873895401e-03

107
8.987120121486017e-01 1.252763981600820e+00
-8.644980105015578e-01 6.192886903845184e-01
8.798431222076895e-01 -3.803736747526869e-01
8.114253957272761e-01 4.443978292935409e-02
-3.319963789623405e-01 1.036093793599066e+00
-1.500946410726584e-02 4.251711907561237e-02

