108

3.479806680309964e-01 -2.034823055825398e-01;
-4.170756115582094e-01 1.055438681538760e-02;
1.159368175220643e-01 1.121197211849187e-01;
-4.633620273927307e-01 1.619979981504883e-01;
3.685068101938598e-02 5.813825549800847e-01;
4.963641930587206e-01 -7.318587045672544e-02;

9.721420115706291e-01 -2.592736833466357e-01;
2.739382188952367e-02 4.737427337989334e-01;
-2.968152051849545e-01 6.353955461644030e-01;
4.442445582328975e-01 -7.879439693194348e-01;
3.685068101938598e-02 5.813825549800847e-01;
4.963641930587206e-01 -7.318587045672544e-02;

5.726598022590175e-01 7.716956732198704e-02;
-4.974765386580850e-01 3.699554608423867e-01;
-2.651334261661595e-01 8.082828825426301e-02;
2.786451331055277e-01 2.944748840537598e-01;
3.685068101938598e-02 5.813825549800847e-01;
4.963641930587206e-01 -7.318587045672544e-02;

-2.359112239423816e-01 9.666788397113273e-01;
-5.539988949261224e-01 7.883275690787749e-01;
1.002112409088505e+00 5.523476670114800e-01;
2.466494991014333e-01 -1.476888118595672e-01;
3.685068101938598e-02 5.813825549800847e-01;
4.963641930587206e-01 -7.318587045672544e-02;

5.363251753789966e-01 1.432877858817849e-01;
-3.747585035959281e-01 3.532384544449649e-01;
3.822309186698190e-02 1.272577645078980e-01;
7.034075495889187e-02 4.849773967932576e-02;
3.685068101938598e-02 5.813825549800847e-01;
4.963641930587206e-01 -7.318587045672544e-02;

2.528093514341437e-01 -1.748971738330901e-01;
-5.323014397247988e-01 2.711439143169714e-01;
-1.541774841321156e-01 4.753297858935389e-01;
1.381528579258329e-01 1.214192930012869e-01;
3.685068101938598e-02 5.813825549800847e-01;
4.963641930587206e-01 -7.318587045672544e-02;

-9.840633408881978e-01 -7.099899739340952e-01;
-1.275266469315921e+00 -5.374892477428916e-02;
-2.655219415009120e-01 1.120678874319382e+00;
-5.071952766050272e-02 8.983809636726204e-01;
3.685068101938598e-02 5.813825549800847e-01;
4.963641930587206e-01 -7.318587045672544e-02;

9.036057481621816e-01 -1.792809125367178e-01;
-4.601245840530315e-02 4.608011174910813e-01;
-2.482317129194008e-01 5.388672318822803e-01;
3.955901556701238e-01 -6.327186610338279e-01;
3.685068101938598e-02 5.813825549800847e-01;
4.963641930587206e-01 -7.318587045672544e-02;

1.873314582863134e-01 -4.859716466336644e-01;
-5.037163801688421e-01 1.945191905762001e-01;
-2.851255310239620e-01 7.671984866607567e-01;
1.405874381095315e-01 -5.256374339311794e-02;
3.685068101938598e-02 5.813825549800847e-01;
4.963641930587206e-01 -7.318587045672544e-02;

3.993137017386397e-01 -6.870541109653595e-02;
-3.654873050700457e-01 -3.371333591797626e-01;
2.839608454580463e-01 4.241251602916306e-01;
-2.511964770723243e-01 2.025095248799906e-01;
3.685068101938598e-02 5.813825549800847e-01;
4.963641930587206e-01 -7.318587045672544e-02;

1.066769140234854e+00 -3.795844987212876e-01;
6.790984503250477e-01 5.504138650052612e-02;
-2.184558440861668e-01 1.430225107150247e+00;
4.444763428951973e-01 -1.259096862038199e+00;
3.685068101938598e-02 5.813825549800847e-01;
4.963641930587206e-01 -7.318587045672544e-02;

3.596471865338005e-01 2.724788204826639e-01;
-7.766783882414096e-01 -1.799703681382740e-02;
7.066854014185268e-03 -2.145617034111563e-02;
1.594235379703555e-01 8.362336354681816e-01;
3.685068101938598e-02 5.813825549800847e-01;
4.963641930587206e-01 -7.318587045672544e-02;

-7.478204744317371e-02 2.371718782916251e-01;
-1.902010686672842e-01 1.965482852893078e-01;
1.384984647742628e-01 6.125949849555489e-01;
-1.569730646452701e-01 3.385338056096754e-01;
3.685068101938598e-02 5.813825549800847e-01;
4.963641930587206e-01 -7.318587045672544e-02;

2.779015963559382e-01 6.780764166333121e-01;
-1.397249478050162e-01 -1.455688781779141e-01;
3.477663567684399e-01 3.197455755513104e-01;
-4.909260406899411e-02 6.710456893114256e-01;
3.685068101938598e-02 5.813825549800847e-01;
4.963641930587206e-01 -7.318587045672544e-02;

2.803775970604072e-01 -1.989565445506801e-01;
-5.339433002269131e-01 2.193370619088059e-01;
-1.906604148785350e-01 4.704043139920036e-01;
1.441178266278995e-01 1.635688640295231e-01;
3.685068101938598e-02 5.813825549800847e-01;
4.963641930587206e-01 -7.318587045672544e-02;

-4.572088795819956e-01 2.883794574091786e-01;
-2.371503853090271e-01 5.778161356024071e-01;
-6.391846138138859e-03 6.868543278577767e-01;
-1.382817277192308e-01 4.501391880500846e-01;
3.685068101938598e-02 5.813825549800847e-01;
4.963641930587206e-01 -7.318587045672544e-02;

8.824289854948290e-01 6.843733779178315e-01;
7.190225131787601e-03 2.116735223390453e-01;
-2.161735329669071e-01 4.101189636101687e-01;
7.985921119115788e-01 3.323918023315344e-01;
3.685068101938598e-02 5.813825549800847e-01;
4.963641930587206e-01 -7.318587045672544e-02;

1.965313784120709e-01 -4.257072432439439e-01;
-3.909598922913379e-01 3.143606702696209e-01;
-2.425102968287302e-01 7.334271642977994e-01;
7.307287430315834e-02 -1.691927332768563e-01;
3.685068101938598e-02 5.813825549800847e-01;
4.963641930587206e-01 -7.318587045672544e-02;

4.637821457103092e-01 -4.647191504499821e-01;
-9.747084459956833e-01 4.277613774373220e-01;
3.148081930343221e-01 -5.612603603030385e-01;
-7.053500512693376e-01 -1.909865933943941e-01;
3.685068101938598e-02 5.813825549800847e-01;
4.963641930587206e-01 -7.318587045672544e-02;

6.236302962575704e-01 -3.334120719267581e-01;
-1.516540038502918e+00 -4.577654827579341e-01;
1.283187801141425e+00 -3.445073819507732e-01;
-5.402736844351810e-01 -3.046055568178533e-01;
3.685068101938598e-02 5.813825549800847e-01;
4.963641930587206e-01 -7.318587045672544e-02;

2.769113660825223e-01 -3.007872758819927e-01;
1.809712686542171e-01 -4.201760152475085e-02;
-1.310605107110108e-01 5.447218026907459e-01;
-6.028200361100527e-01 2.691036485432502e-02;
3.685068101938598e-02 5.813825549800847e-01;
4.963641930587206e-01 -7.318587045672544e-02;

3.465502626397417e-01 2.570522310638412e-01;
1.738804169691397e-01 3.423733632290303e-01;
2.237078241896255e-02 1.378159127842157e-01;
-4.661287479051194e-01 1.604525664127601e-01;
3.685068101938598e-02 5.813825549800847e-01;
4.963641930587206e-01 -7.318587045672544e-02;

-1.213065809612496e-01 2.034578040258459e-01;
2.351875284553664e-01 2.913969139324606e-01;
3.216533057989576e-02 5.324887883828197e-01;
-5.912773645422728e-01 2.913848668182252e-01;
3.685068101938598e-02 5.813825549800847e-01;
4.963641930587206e-01 -7.318587045672544e-02;

5.100146442313452e-01 2.429162132641977e-01;
1.564813393867304e-01 3.640294871306258e-01;
-8.335551272942382e-03 3.734699415436337e-03;
-4.324743222352682e-01 1.070696553980016e-01;
3.685068101938598e-02 5.813825549800847e-01;
4.963641930587206e-01 -7.318587045672544e-02;

2.805401388482337e-01 4.909623709267988e-01;
5.563977314405775e-01 3.576166187569997e-01;
-1.006375066515576e-01 3.576053039416073e-01;
-4.004244927702313e-01 2.855525352254035e-01;
3.685068101938598e-02 5.813825549800847e-01;
4.963641930587206e-01 -7.318587045672544e-02;

-1.843699823144169e-01 1.961602871502652e-01;
2.897362275555563e-01 4.112910236659283e-01;
-7.259460541530480e-02 5.189769724611271e-01;
-6.216565378032791e-01 3.194453921206779e-01;
3.685068101938598e-02 5.813825549800847e-01;
4.963641930587206e-01 -7.318587045672544e-02;

4.887144394851797e-01 -3.761075189152904e-01;
3.343715401271912e-01 -2.296018651473774e-02;
-3.332718882004179e-01 4.851629087093129e-01;
-5.683217190709826e-01 -3.576293570856443e-02;
3.685068101938598e-02 5.813825549800847e-01;
4.963641930587206e-01 -7.318587045672544e-02;

3.047930036352978e-01 -1.731332962004333e-01;
-2.890895610448332e-01 -2.460365894824889e-03;
2.038870250931800e-02 1.998264958814299e-01;
-4.586239967741467e-01 2.409109068829240e-01;
3.685068101938598e-02 5.813825549800847e-01;
4.963641930587206e-01 -7.318587045672544e-02;

1.116826476828925e+00 -2.896336730663307e-03;
2.948790718301328e-01 1.939327639074923e+00;
-1.767754508475346e+00 1.928073322670290e-01;
1.281998292193928e+00 -4.425699177536113e-01;
3.685068101938598e-02 5.813825549800847e-01;
4.963641930587206e-01 -7.318587045672544e-02;

4.648100922604972e-01 -2.459195769729270e-01;
5.419461380626954e-02 2.558722166550893e-01;
-2.858369447826611e-01 4.229207854359808e-01;
-2.471248357501930e-01 -9.413317370934422e-02;
3.685068101938598e-02 5.813825549800847e-01;
4.963641930587206e-01 -7.318587045672544e-02;

4.550059037952114e-01 4.824389858924736e-01;
2.004932682090000e-01 5.734157534392661e-01;
2.372794892336081e-01 -5.665901613956736e-02;
-4.604253857316133e-01 -5.103583331639754e-02;
3.685068101938598e-02 5.813825549800847e-01;
4.963641930587206e-01 -7.318587045672544e-02;

2.786901461662571e-01 2.172268923606460e-02;
-1.344841753438899e-01 4.637454535798531e-01;
-5.271964723073308e-02 2.765712171040332e-01;
-2.287665133787076e-01 -6.017158607057265e-03;
3.685068101938598e-02 5.813825549800847e-01;
4.963641930587206e-01 -7.318587045672544e-02;

3.739078882687817e-01 2.368749296964485e-01;
2.774863334955138e-02 5.078164265858992e-01;
7.728935086484222e-02 1.107736106076488e-01;
-3.402095079192337e-01 -2.181210667048653e-02;
3.685068101938598e-02 5.813825549800847e-01;
4.963641930587206e-01 -7.318587045672544e-02;

4.552825161556922e+00 -5.787118104606522e+00;
1.037228111343977e+00 -7.802505461874684e+00;
-3.495593979775374e+00 1.851839849336812e-01;
-2.788196868131215e+00 2.218885053811155e+00;
3.685068101938598e-02 5.813825549800847e-01;
4.963641930587206e-01 -7.318587045672544e-02;

3.198457611378788e-01 -1.148089759478333e-01;
1.266710270021285e-01 4.739301927152368e-01;
-1.585734692618919e-01 5.487264559631727e-01;
-2.178472595425419e-01 -2.732350350896197e-01;
3.685068101938598e-02 5.813825549800847e-01;
4.963641930587206e-01 -7.318587045672544e-02;

3.366710927248841e-01 -3.852319481004068e-01;
-1.751075775607196e-02 1.896545401901118e-01;
-2.731169003884100e-01 6.069749161221988e-01;
-2.480091996938262e-01 -1.395409096322801e-01;
3.685068101938598e-02 5.813825549800847e-01;
4.963641930587206e-01 -7.318587045672544e-02;

8.043666328384991e-01 2.337079558370697e-01;
-4.741634379015008e-01 6.554603299802400e-01;
-5.553870916807239e-01 1.456214622507202e-01;
8.603459296918193e-01 2.214506864146031e-01;
-4.284952936805085e-01 3.366903568679928e-01;
3.044199519810120e-01 -5.030833661912130e-01;

2.921868065375348e-01 -2.717268581700084e-01;
-3.982680536363766e-01 -7.776634163596376e-02;
2.094467202131841e-01 1.188319992946076e-01;
-6.456215663883768e-01 1.313860645685736e-01;
-4.284952936805085e-01 3.366903568679928e-01;
3.044199519810120e-01 -5.030833661912130e-01;

5.643900578167872e-01 -3.347022631472677e-01;
-1.735395729486486e-01 9.947732162139626e-02;
5.931630487335944e-02 3.752634902879908e-01;
-3.031701302435756e-01 -3.438569955666900e-01;
-4.284952936805085e-01 3.366903568679928e-01;
3.044199519810120e-01 -5.030833661912130e-01;

5.577416190723713e-01 2.081756629957782e-01;
-3.568179046371550e-01 3.753619850883709e-01;
8.872387384693256e-02 8.832311514186796e-02;
6.501533810857799e-02 3.344589481382889e-02;
-4.284952936805085e-01 3.366903568679928e-01;
3.044199519810120e-01 -5.030833661912130e-01;

2.858450514712843e-01 6.629937975582468e-01;
-3.955448271475488e-01 5.928259843284246e-01;
5.732886242238264e-01 1.869618542088662e-01;
1.262725073084297e-01 -7.415361624498649e-02;
-4.284952936805085e-01 3.366903568679928e-01;
3.044199519810120e-01 -5.030833661912130e-01;

3.180645497814173e-02 -8.318860811327286e-02;
-6.048778986293192e-01 3.395621173754137e-01;
-5.047499206520294e-03 6.415243455785060e-01;
1.893249957150774e-01 9.889751373878136e-02;
-4.284952936805085e-01 3.366903568679928e-01;
3.044199519810120e-01 -5.030833661912130e-01;

6.912738752318555e-01 4.041321789126524e-02;
-2.074577873318250e-01 5.913775078250020e-01;
-1.697049849072024e-01 5.842464097495129e-01;
5.726138564092527e-01 -4.583211521786035e-01;
-4.284952936805085e-01 3.366903568679928e-01;
3.044199519810120e-01 -5.030833661912130e-01;

-3.765729354737265e+00 1.066270300098160e+00;
-3.298895571066797e+00 9.136489168709583e-01;
4.458591987156199e-01 1.794303933151511e+00;
1.372257914343328e+00 3.174512385523187e+00;
-4.284952936805085e-01 3.366903568679928e-01;
3.044199519810120e-01 -5.030833661912130e-01;

-4.479858746059256e-01 2.082709601960268e-01;
-9.898367347248611e-01 6.101039083330870e-01;
-3.953882730132467e-02 9.003275116129040e-01;
7.002671722136309e-01 4.695374168774434e-01;
-4.284952936805085e-01 3.366903568679928e-01;
3.044199519810120e-01 -5.030833661912130e-01;

7.077509763190626e-01 2.559553438437740e-01;
-3.894120779474811e-01 3.410536357744545e-01;
-3.933749661939332e-01 3.291887920418528e-01;
7.261777386349263e-01 3.207031484970063e-01;
-4.284952936805085e-01 3.366903568679928e-01;
3.044199519810120e-01 -5.030833661912130e-01;

3.506045609624028e-01 -1.206597348285972e-01;
-3.609700240110479e-01 -4.449591540311819e-01;
3.915766668366060e-01 4.399344010978757e-01;
-4.065024629165809e-01 1.826864744422293e-01;
-4.284952936805085e-01 3.366903568679928e-01;
3.044199519810120e-01 -5.030833661912130e-01;

6.121584210781827e-01 -5.740095428704046e-02;
-1.518561197971026e-01 -9.487858549449357e-02;
1.876547129092291e-02 6.129314982396341e-01;
1.253218940171967e-01 -7.642941163211450e-02;
-4.284952936805085e-01 3.366903568679928e-01;
3.044199519810120e-01 -5.030833661912130e-01;

4.937817008999257e-01 3.385295772592409e-01;
-3.820422935763997e-01 -1.006461225303737e-01;
1.020203525999236e-01 2.462346986917562e-01;
1.502021161972867e-01 5.215697587910705e-01;
-4.284952936805085e-01 3.366903568679928e-01;
3.044199519810120e-01 -5.030833661912130e-01;

2.732447331175056e-03 3.378663592238467e-01;
-1.774079117286247e-01 1.197742876284117e-01;
1.868174867852724e-01 5.475734599971923e-01;
-1.340914039520266e-01 4.138104170273056e-01;
-4.284952936805085e-01 3.366903568679928e-01;
3.044199519810120e-01 -5.030833661912130e-01;

7.080901833454412e-02 -9.037677097514504e-02;
-3.978054443409235e-01 2.679752544677933e-01;
-8.769136619743448e-02 5.801195634713051e-01;
-1.016602922410326e-03 1.806380473329418e-01;
-4.284952936805085e-01 3.366903568679928e-01;
3.044199519810120e-01 -5.030833661912130e-01;

6.182790941194626e-01 1.704967833646749e-01;
-1.721344795709525e-01 2.431500166033520e-01;
-2.390472226147385e-01 5.519179991742773e-01;
4.957824602408754e-01 8.574022090863852e-02;
-4.284952936805085e-01 3.366903568679928e-01;
3.044199519810120e-01 -5.030833661912130e-01;

-3.246329253001157e-01 6.314066606095514e-01;
-1.215340961297990e-01 5.699710469933232e-01;
1.763468166679796e-02 5.986486699435687e-01;
3.675880162423472e-02 6.266404363617909e-01;
-4.284952936805085e-01 3.366903568679928e-01;
3.044199519810120e-01 -5.030833661912130e-01;

1.247026965922666e-02 2.001478370029070e-01;
-2.198166959208166e-01 4.282293256662986e-01;
-1.134126424401034e-01 6.352822803800217e-01;
1.286646155402567e-01 2.682433755161970e-01;
-4.284952936805085e-01 3.366903568679928e-01;
3.044199519810120e-01 -5.030833661912130e-01;

1.007754319998469e-01 -4.861117278370766e-02;
1.430936203743274e+00 -9.478342922122529e-01;
-3.401971866874700e-01 2.005391398930514e+00;
-4.152635399618441e-01 2.584626315522103e-01;
-4.284952936805085e-01 3.366903568679928e-01;
3.044199519810120e-01 -5.030833661912130e-01;

4.768145513120979e-01 -3.604061826813316e-01;
-8.648797609604549e-01 -8.824015367969322e-02;
5.961157226755101e-01 -1.427275623647413e-01;
-6.047488930901196e-01 -1.751638695635397e-01;
-4.284952936805085e-01 3.366903568679928e-01;
3.044199519810120e-01 -5.030833661912130e-01;

2.973583693107658e-01 -3.508870897405873e-01;
1.604744614410681e-03 1.618720619037043e-01;
-1.518021589021947e-01 2.859752116718222e-01;
-6.439800649609725e-01 -5.550814112355873e-03;
-4.284952936805085e-01 3.366903568679928e-01;
3.044199519810120e-01 -5.030833661912130e-01;

4.130529347963126e-01 1.309359550206092e-01;
1.815300980641444e-01 3.652690728079021e-01;
-9.005877004609204e-02 9.723522719926506e-02;
-4.893260886201896e-01 1.107634842408485e-01;
-4.284952936805085e-01 3.366903568679928e-01;
3.044199519810120e-01 -5.030833661912130e-01;

3.033411681951306e-01 1.362095949367464e-01;
1.937234035166828e-01 3.512273392157995e-01;
-7.294850940758522e-02 1.877150212964100e-01;
-5.132052841086887e-01 1.456130215429618e-01;
-4.284952936805085e-01 3.366903568679928e-01;
3.044199519810120e-01 -5.030833661912130e-01;

1.809966677393979e-01 -5.701558577700163e-02;
2.316838183278583e-01 3.588684004479560e-01;
-2.191824010203527e-01 3.117186167871403e-01;
-6.008552623794181e-01 1.382059121648504e-01;
-4.284952936805085e-01 3.366903568679928e-01;
3.044199519810120e-01 -5.030833661912130e-01;

3.656086190408717e-01 8.778149239831702e-02;
4.489707755278259e-01 1.846603303479645e-01;
-2.064645142885602e-01 4.195027332104573e-01;
-4.820900607667317e-01 1.392778868862455e-01;
-4.284952936805085e-01 3.366903568679928e-01;
3.044199519810120e-01 -5.030833661912130e-01;

3.551167418418303e-01 2.788699049753850e-01;
5.105302835164436e-01 2.564402206697345e-01;
-1.622729050183309e-01 3.835960934317083e-01;
-4.342449746313549e-01 2.006352280138155e-01;
-4.284952936805085e-01 3.366903568679928e-01;
3.044199519810120e-01 -5.030833661912130e-01;

4.531004679151839e-01 1.453963463698486e-01;
4.998839387375405e-01 1.753215017770424e-01;
-2.112714584158317e-01 3.887068965587441e-01;
-4.398855095381422e-01 1.335540140968460e-01;
-4.284952936805085e-01 3.366903568679928e-01;
3.044199519810120e-01 -5.030833661912130e-01;

9.243925371334232e-01 -6.093678276053603e-02;
1.944746297695394e-01 1.458476563687597e+00;
-1.336324472033185e+00 2.318328383044182e-01;
8.476219517575420e-01 -3.139479770587049e-01;
-4.284952936805085e-01 3.366903568679928e-01;
3.044199519810120e-01 -5.030833661912130e-01;

2.545164090158052e-01 -2.133756177703737e-01;
-2.614994503669617e-01 -1.574091488953048e-01;
1.439892540800776e-01 2.629649665941288e-01;
-6.031267501307497e-01 2.272613659052823e-01;
-4.284952936805085e-01 3.366903568679928e-01;
3.044199519810120e-01 -5.030833661912130e-01;

3.829445895157104e-01 -2.485949758122106e-01;
-3.577035757900680e-02 7.704653783830349e-02;
-1.118509128448755e-01 3.930448871646888e-01;
-4.046900101855992e-01 2.069829327865476e-03;
-4.284952936805085e-01 3.366903568679928e-01;
3.044199519810120e-01 -5.030833661912130e-01;

4.644497026281157e-01 1.422791428365351e-01;
1.604760854763809e-02 4.149894760689459e-01;
-3.558419632139368e-02 7.900512975824052e-02;
-3.247206723208423e-01 3.888537149353380e-02;
-4.284952936805085e-01 3.366903568679928e-01;
3.044199519810120e-01 -5.030833661912130e-01;

3.899030771222060e-01 2.916097375703288e-01;
6.531521608979636e-02 5.235925905096332e-01;
1.138258889653534e-01 7.509890912132260e-02;
-3.664782517340839e-01 -2.917076663189224e-02;
-4.284952936805085e-01 3.366903568679928e-01;
3.044199519810120e-01 -5.030833661912130e-01;

8.936370072027150e-02 -3.736155689827370e-02;
-2.525214846827910e-01 5.421634829388273e-01;
-1.976162227824847e-02 4.510911603587900e-01;
-1.568655307221205e-01 -6.792506240178924e-02;
-4.284952936805085e-01 3.366903568679928e-01;
3.044199519810120e-01 -5.030833661912130e-01;

4.631952509010905e-01 -1.263702520411785e-02;
3.329675677607007e-01 4.920706818409701e-01;
-1.513485749759108e-01 4.655505989973986e-01;
-2.812141095996276e-01 -3.357937738439858e-01;
-4.284952936805085e-01 3.366903568679928e-01;
3.044199519810120e-01 -5.030833661912130e-01;

1.332762346410101e+00 3.156937662274442e-01;
1.410592454469594e+00 3.065439809652195e-01;
-2.266051663854910e-01 3.118755765356133e-02;
-6.890528775982103e-01 -5.697299136040483e-01;
-4.284952936805085e-01 3.366903568679928e-01;
3.044199519810120e-01 -5.030833661912130e-01;

5.670708775626918e-01 8.325874303064250e-01;
9.422916967194596e-01 1.287297796423832e+00;
1.689846831346768e-01 2.195618560033217e-01;
-2.650785514984955e-01 -7.662532130624070e-01;
-4.284952936805085e-01 3.366903568679928e-01;
3.044199519810120e-01 -5.030833661912130e-01;

4.301827736714257e-01 1.986041171120969e-01;
-3.003855221607417e-01 2.292020685336770e-01;
4.200619423349866e-01 4.938305067999872e-02;
-3.478843656172748e-01 -5.191422711941130e-02;
1.132757906892150e+00 1.060688602280743e+00;
1.002093418975182e+00 8.710144351276211e-01;

3.113313133348735e-01 1.273927882599524e-01;
-3.814289442791212e-01 2.084022008726475e-01;
3.663398434254338e-01 1.394065013379377e-01;
-3.209552354235978e-01 2.560963840566425e-02;
1.132757906892150e+00 1.060688602280743e+00;
1.002093418975182e+00 8.710144351276211e-01;

-1.844928337853239e-01 -7.823643393174036e-01;
-8.248193913122033e-01 -2.330604826867448e-01;
-3.213554948008427e-01 5.157875487878777e-01;
-4.414750138603596e-01 6.273653594671746e-01;
1.132757906892150e+00 1.060688602280743e+00;
1.002093418975182e+00 8.710144351276211e-01;

6.104068374787934e-01 2.296964734493875e-01;
-4.007153693411081e-01 4.294800660163512e-01;
-5.681414272011107e-02 5.941996104563972e-02;
2.280415926812318e-01 1.261171040271565e-01;
1.132757906892150e+00 1.060688602280743e+00;
1.002093418975182e+00 8.710144351276211e-01;

2.633673935669724e-01 5.034249277419627e-02;
-4.164364385406218e-01 1.535016153547791e-01;
3.329419736465543e-01 1.526871103342395e-01;
-3.736504162164896e-01 8.251876752848310e-02;
1.132757906892150e+00 1.060688602280743e+00;
1.002093418975182e+00 8.710144351276211e-01;

5.374595886593010e-01 -1.649717690367747e-01;
-1.865799339003435e-01 2.429234098612368e-01;
1.129176149550147e-01 4.345527572979073e-01;
-1.154750231509509e-01 -3.897840047189603e-01;
1.132757906892150e+00 1.060688602280743e+00;
1.002093418975182e+00 8.710144351276211e-01;

6.395442453535891e-01 3.194652470360910e-01;
-5.162890743061160e-01 4.318246651478061e-01;
-1.760612111223243e-01 -1.559145430949371e-01;
2.852306219886277e-01 4.318997815524423e-01;
1.132757906892150e+00 1.060688602280743e+00;
1.002093418975182e+00 8.710144351276211e-01;

-9.333872333617964e-02 2.826895754585098e-01;
-6.705198469160170e-01 3.229564101388955e-01;
3.984378987653971e-01 3.080266182123991e-01;
-1.017007538579238e-01 3.241504817127068e-01;
1.132757906892150e+00 1.060688602280743e+00;
1.002093418975182e+00 8.710144351276211e-01;

8.565661498451622e-02 -1.938388665131795e-01;
-5.660250432019853e-01 2.440197876593767e-01;
-2.939845798935539e-02 5.897302991341616e-01;
5.117211499846407e-02 9.120853461454893e-02;
1.132757906892150e+00 1.060688602280743e+00;
1.002093418975182e+00 8.710144351276211e-01;

3.714793067005124e-01 2.245178386957605e-01;
-9.004440828418164e-02 -2.365029853211306e-01;
3.142113430877401e-01 5.446743022219909e-01;
-1.649779150936468e-01 2.078459118937440e-01;
1.132757906892150e+00 1.060688602280743e+00;
1.002093418975182e+00 8.710144351276211e-01;

3.027869950593275e-01 3.159593533421551e-01;
-1.925568289030745e-02 -1.473141444563704e-01;
2.997756893995977e-01 5.907244719642243e-01;
-1.375130330000764e-01 2.271010400805520e-01;
1.132757906892150e+00 1.060688602280743e+00;
1.002093418975182e+00 8.710144351276211e-01;

-8.550497173823842e-01 -3.781197365639620e-01;
-9.793182555869399e-01 7.932498145079074e-01;
-2.585529891742110e-01 4.778249627417865e-01;
-3.298187546653892e-01 5.731713302357687e-01;
1.132757906892150e+00 1.060688602280743e+00;
1.002093418975182e+00 8.710144351276211e-01;

2.897346068277679e-01 9.000353857010834e-02;
2.092157713664410e-01 -2.851272228100586e-01;
4.303651021894011e-01 8.692442883055819e-01;
-3.705597725360603e-01 -1.568463603882056e-01;
1.132757906892150e+00 1.060688602280743e+00;
1.002093418975182e+00 8.710144351276211e-01;

3.669185414308900e-01 3.695943383880938e-01;
6.394924689976451e-02 -1.700551124043493e-01;
3.139820464341836e-01 6.211758397214334e-01;
-1.021004757106491e-01 1.891689471533095e-01;
1.132757906892150e+00 1.060688602280743e+00;
1.002093418975182e+00 8.710144351276211e-01;

6.920897597632050e-01 3.438670831973251e-01;
1.601033480285580e-01 1.484923738464274e-02;
1.527740079024739e-02 6.968984332167005e-01;
3.371302588230308e-01 -3.364133304551730e-02;
1.132757906892150e+00 1.060688602280743e+00;
1.002093418975182e+00 8.710144351276211e-01;

6.062169091812057e-01 6.914968304749468e-01;
-1.093475476746927e+00 -1.552555421641081e-01;
1.619606608847259e-02 -5.605084119532667e-01;
4.183402112293572e-01 1.469637426241170e+00;
1.132757906892150e+00 1.060688602280743e+00;
1.002093418975182e+00 8.710144351276211e-01;

-2.423511852208937e-02 2.931674443486731e-02;
-4.546731185377587e-01 -3.909394243998856e-02;
2.295738135095672e-01 4.306606358945719e-01;
-3.262371400180974e-01 4.200809501255852e-01;
1.132757906892150e+00 1.060688602280743e+00;
1.002093418975182e+00 8.710144351276211e-01;

1.434855160319414e-01 -2.097565837771348e-01;
-4.508783137792414e-01 1.682573844562470e-01;
-6.740068314976988e-02 5.598124519862731e-01;
-4.438320130746753e-02 1.209077150535045e-01;
1.132757906892150e+00 1.060688602280743e+00;
1.002093418975182e+00 8.710144351276211e-01;

4.054530003919154e-01 1.669891995835880e-01;
1.430615856703647e-02 2.852118638633916e-01;
1.034801393797955e-01 6.127621011680319e-02;
-4.772973920964529e-01 9.889132173329777e-02;
1.132757906892150e+00 1.060688602280743e+00;
1.002093418975182e+00 8.710144351276211e-01;

6.187847382752207e-02 2.706851444013835e-02;
-7.389097762459979e-02 8.628365124662379e-01;
-2.089786775011654e-01 -1.626993376193388e-01;
-6.782320380165686e-01 1.772716598643301e-01;
1.132757906892150e+00 1.060688602280743e+00;
1.002093418975182e+00 8.710144351276211e-01;

5.884532551003343e-02 5.748499121745724e-01;
7.662721431517358e-01 6.663975377963393e-01;
-3.443139120881598e-01 3.886103797548538e-01;
-4.604156307797077e-01 4.096200247105611e-01;
1.132757906892150e+00 1.060688602280743e+00;
1.002093418975182e+00 8.710144351276211e-01;

2.729389557061357e-01 2.305487843299454e-01;
-1.387606193332584e-01 -4.382910106259562e-01;
6.874826740407263e-01 5.861305685080737e-01;
-4.105150982308641e-01 1.080954990800441e-01;
1.132757906892150e+00 1.060688602280743e+00;
1.002093418975182e+00 8.710144351276211e-01;

8.838237504842336e-02 -5.563618134181869e-01;
-1.339723734068900e+00 7.322174516764578e-01;
3.975425797663120e-01 -7.270646269805208e-01;
-8.776694366378108e-01 -1.348008844312769e-01;
1.132757906892150e+00 1.060688602280743e+00;
1.002093418975182e+00 8.710144351276211e-01;

-3.308765933358602e-01 2.978613850942832e-02;
1.508997425771762e-01 8.498010638705660e-01;
-3.127208316360799e-01 2.389953990710901e-01;
-7.660589361072636e-01 3.211979508783336e-01;
1.132757906892150e+00 1.060688602280743e+00;
1.002093418975182e+00 8.710144351276211e-01;

3.978888852598296e-01 1.478446142150052e-01;
1.169063000433821e-01 2.710108283811024e-01;
2.435422090300936e-02 1.376555454368803e-01;
-4.792464041875152e-01 1.081300585547110e-01;
1.132757906892150e+00 1.060688602280743e+00;
1.002093418975182e+00 8.710144351276211e-01;

3.585353920689314e-01 9.421222254861854e-02;
1.092683665985183e-01 2.259100177881400e-01;
2.466129135219209e-02 2.000345219751982e-01;
-4.999434722634083e-01 1.036791215275671e-01;
1.132757906892150e+00 1.060688602280743e+00;
1.002093418975182e+00 8.710144351276211e-01;

4.342435158687261e-01 -1.460187814715592e-01;
2.299101022939394e-01 1.016345064717400e-01;
-1.651566068879557e-01 3.405953713238885e-01;
-5.326766351883976e-01 3.050778895414903e-02;
1.132757906892150e+00 1.060688602280743e+00;
1.002093418975182e+00 8.710144351276211e-01;

4.076622329958202e-01 1.689476330034707e-01;
-9.204077392839087e-03 2.853425888981072e-01;
1.262245964321112e-01 5.620804774102462e-02;
-4.699396400173030e-01 8.626150661135654e-02;
1.132757906892150e+00 1.060688602280743e+00;
1.002093418975182e+00 8.710144351276211e-01;

2.289033233096684e-01 1.350803039978178e-01;
-2.050154102665518e-01 3.442232335161500e-01;
1.662678359988172e-01 1.377744171320651e-01;
-3.973918235255044e-01 1.174755473067243e-01;
1.132757906892150e+00 1.060688602280743e+00;
1.002093418975182e+00 8.710144351276211e-01;

1.879378715200913e-01 -1.203449944611985e+00;
-9.396428731797399e-01 -9.693194049616296e-01;
-3.562143629528988e-01 5.552952402778165e-01;
-5.063098219966631e-01 6.884955092890559e-01;
1.132757906892150e+00 1.060688602280743e+00;
1.002093418975182e+00 8.710144351276211e-01;

8.443531897791245e-01 -1.986433155935494e-01;
5.167628506516345e-01 1.365863983143643e+00;
-1.242787942111936e+00 6.360054919340054e-01;
6.956017212685236e-01 -6.707132240617002e-01;
1.132757906892150e+00 1.060688602280743e+00;
1.002093418975182e+00 8.710144351276211e-01;

1.664816523280009e-01 8.922511373542975e-02;
-3.058733735023456e-01 2.957426784199374e-01;
1.871539093158521e-01 1.567046334868321e-01;
-4.010083003363507e-01 1.690436094514779e-01;
1.132757906892150e+00 1.060688602280743e+00;
1.002093418975182e+00 8.710144351276211e-01;

2.678655517353661e-01 -3.858858821901710e-02;
-3.246902546019623e-02 4.167882825648992e-01;
-4.026495403926916e-02 4.014307083700016e-01;
-2.766230057433693e-01 -1.104975704653314e-01;
1.132757906892150e+00 1.060688602280743e+00;
1.002093418975182e+00 8.710144351276211e-01;

4.697127940774631e-01 1.136396084130375e-01;
7.181199770614953e-02 4.404581044100848e-01;
-7.066263014640824e-02 1.462492379165285e-01;
-3.034007534702211e-01 -2.873127940788165e-02;
1.132757906892150e+00 1.060688602280743e+00;
1.002093418975182e+00 8.710144351276211e-01;

3.587676900107016e-01 2.967894981326881e-01;
2.248326347487023e-02 5.392446320389509e-01;
1.252907289774761e-01 7.438589288924004e-02;
-3.524548883766250e-01 -1.345058402351832e-02;
1.132757906892150e+00 1.060688602280743e+00;
1.002093418975182e+00 8.710144351276211e-01;

2.950795505936124e-01 -7.776833531008670e-02;
-2.597607707029346e-02 3.494187111038037e-01;
-5.426915337453080e-02 3.982636391279000e-01;
-3.043600592864210e-01 -9.089292690325809e-02;
1.132757906892150e+00 1.060688602280743e+00;
1.002093418975182e+00 8.710144351276211e-01;

