-6.491526746805920123e-01,1.778579480877847008e+00,2.385511950917698965e+00
-9.891064110863555525e-01,2.072710439959258188e+00,2.638312021979186905e+00
-2.156848913347070962e+00,1.027047586941056023e+00,2.717723362008039878e+00
-2.064202187660003851e+00,3.443160944657883138e-01,2.737826264518934849e+00
1.601223985681997919e-01,2.854690760610509859e+00,2.903870328011151081e+00
3.189172465947703872e-01,2.214166634693358837e+00,2.941350646211974063e+00
6.293431538286102800e-01,2.431975179551124189e+00,3.266292678112051817e+00
3.335699979732286158e-01,3.195351221400546837e+00,3.269785985139313844e+00
-9.503854251833429578e-02,-1.604841016369418893e+00,1.578707781525964915e+00
8.700483376550690109e-03,-9.257374651872071203e-01,1.184919138668780070e+00
2.615296602924913061e-01,-1.316336195646105933e+00,1.346162041579320956e+00
6.389909686610686368e-01,-1.382817611261097035e+00,1.963770512418766101e+00
7.485233578048754444e-01,-1.067710741826020993e+00,1.540877223439653942e+00
8.128012283157579621e-01,5.273718162513042068e-02,8.947359303794283347e-01
-6.678613262055849153e-01,2.794450780198308948e+00,3.725709805176025124e+00
-5.284454906667070961e-01,3.308972593568639819e+00,4.394477378967949655e+00
-5.170002013090044812e-01,3.675611733271550996e+00,4.880098631529190101e+00
-5.099184979055996214e-01,2.519198193347762960e+00,3.347611447593362044e+00
-4.817307223593513266e-01,3.282328174445913849e+00,3.405511218536791063e+00
-3.948477941456401963e-01,3.866124900700614209e+00,3.958799948350124165e+00
-1.332807352659370059e-01,3.585620981939256158e+00,3.638684479968952168e+00
-1.046183947389152935e-01,2.941410829971559782e+00,3.888719228006284112e+00
-6.796809353903394968e-02,3.492183792790842123e+00,4.621091237059362200e+00
2.230512764357963085e-01,4.916970852504608303e+00,4.974391611046659278e+00
2.455364712494746970e-01,3.880318422889788010e+00,3.940005045820754948e+00
2.900322484953902769e-01,4.484420941294215979e+00,4.548727276153495147e+00
2.959800142991895755e-01,3.684386723015608212e+00,4.886907585489700168e+00
3.194100820010506991e-01,3.312650199743675028e+00,4.394824184373553599e+00
4.231822516814047752e-01,2.798738522484545133e+00,3.722732532632039071e+00
7.256045331813520960e-01,3.463572195972714152e+00,4.633493998843156270e+00
8.655306206869975982e-01,3.412097322291084200e+00,3.660518669953336968e+00
1.082140306286722087e+00,3.719218328283889985e+00,4.058227435625279433e+00
1.369900271340511955e+00,3.040443046649845993e+00,3.648449130231874893e+00
6.056131847802606050e-01,3.003718066977396184e+00,4.013124147512281858e+00
-5.284454906667068741e-01,3.308972593568638043e+00,-4.394477378967946990e+00
-6.900872436120821796e-01,3.373086132408793958e+00,-3.569744348990099070e+00
-1.381368790654881051e+00,3.487617657054899123e+00,-4.723394244734736347e+00
-1.229546650748928993e+00,3.497402638527994156e+00,-3.989137616084723170e+00
-5.170002013090044812e-01,3.675611733271550108e+00,-4.880098631529190101e+00
-3.948477941456399742e-01,3.866124900700612876e+00,-3.958799948350125053e+00
-1.048935931966394897e+00,4.031147292140982330e+00,-4.362597738694348415e+00
-1.641620788366211059e+00,4.136144109446544981e+00,-4.845935762023962923e+00
-3.965966372837699261e-01,4.477894521816292439e+00,-4.566189600274008775e+00
-1.157667584441707032e+00,4.520013085706946043e+00,-4.875261944320078200e+00
-6.008157358580387131e-01,4.831967878767843061e+00,-4.962205334483535069e+00
2.804895617974212829e+00,-1.584485159482486027e+00,-3.509726525307366174e+00
1.811559059692843920e+00,-2.199626592865261188e+00,-3.385903702342389909e+00
1.471791097439032026e+00,-2.774899837713257877e+00,-3.385538200963865929e+00
2.252928775757605973e+00,-1.594362097467828088e+00,-3.106492061843403985e+00
1.123862971844848957e+00,-2.590896553623773801e+00,-2.962383435120361952e+00
1.278000359189698010e+00,-2.174248631869255988e+00,-2.744555118605166211e+00
1.425956991282709918e+00,-1.613006005095140027e+00,-2.575740935498294970e+00
2.099587724248029197e+00,-1.145789266454837030e+00,-2.574625725473520976e+00
1.518625460233163027e+00,-1.181753033581691037e+00,-2.180179290357652899e+00
1.062397457781955934e+00,-1.384431124768868981e+00,-1.975322680659044039e+00
1.366796125405820073e+00,-5.638113536292185257e-01,1.540636232316261900e+00
2.623775952241195197e-01,-3.604347194726018166e+00,-3.565506825278521141e+00
1.651344453390483080e+00,-1.901444844091366937e+00,-2.970548723067501840e+00
2.210710327760315064e+00,5.731929459252804726e-01,-3.033793316232371140e+00
8.159392171209607358e-01,-3.329476411507031219e+00,-3.455820127091090210e+00
9.807273112830502404e-01,-2.715920591833452247e-01,1.311637044232838001e+00
3.348810880024938097e+00,-2.475790025408871831e+00,-4.876421995449298663e+00
3.884797162581353991e+00,-2.253617320421945180e+00,-4.956606627654159603e+00
2.756937953284470222e+00,-2.076342667715398882e+00,-3.988197636831772197e+00
3.258875793589218972e+00,-1.937880995664696959e+00,-4.736529260196593150e+00
3.284844964477873219e+00,-1.847305665558562016e+00,-4.119747718673676395e+00
3.748450468838454785e+00,-1.816925979829064008e+00,-4.467341439183135421e+00
3.219012685824013786e+00,-1.351534970094731003e+00,-4.517595125122870314e+00
3.688848172432980022e+00,-1.251399840280988940e+00,-4.018368065423747915e+00
3.643199534622882041e+00,-9.663478862139299741e-01,-4.985265772835843379e+00
3.989266224710763975e+00,-7.995315326271467127e-01,-4.080840123251432416e+00
3.183018219261204873e+00,-6.785699790606881665e-01,-4.335460668329244704e+00
3.503504145654059876e+00,3.488906618402539128e-01,-4.724075388058397884e+00
3.500837896096304025e+00,-3.915890407883388935e-01,-4.725914233278729171e+00
3.906488099392439128e+00,-3.083910405046660919e-01,-3.870758780846303093e+00
3.229499377376733982e+00,-1.985942622835720067e-02,-4.348519455840098580e+00
3.137789763597540915e+00,-2.352386190562879786e+00,-4.649789297452912251e+00
-1.768009301514471998e+00,-4.230850085258997417e+00,-4.882298919922838820e+00
-1.733606560973365074e+00,-3.458700599658750097e+00,-4.223338344917251241e+00
-1.595650924919959079e+00,-2.455707136347491826e+00,-3.470972834718752953e+00
-1.587149961052072955e+00,-3.065880297352726824e+00,-3.785084710929185192e+00
-1.414738013726366983e+00,-3.361829539010221968e+00,-4.681486572182462780e+00
-1.374715394111738043e+00,-2.098402403913892211e+00,-2.968202414746187845e+00
-1.290921555852968972e+00,-4.036004603553048575e+00,-4.385672162917479078e+00
-1.243863956145764060e+00,-4.562260245623020793e+00,-4.842746049616659221e+00
-1.118847611840203982e+00,-3.539657512904060166e+00,-3.833003449152322162e+00
-1.085861544572974013e+00,-1.731534935561999999e+00,-2.483350125162501865e+00
-1.067223235551395977e+00,-2.914420856343034938e+00,-3.241651629628643949e+00
-5.729072289225374259e-01,-3.221123506972713102e+00,-3.272820696667766871e+00
-1.918245446369603924e+00,3.651805013825725865e+00,4.879687105873193431e+00
-1.675421100048468004e+00,3.341895692985048072e+00,4.288438134193903295e+00
-1.384810327259710094e+00,3.487174630452040791e+00,4.723178074817277583e+00
-1.356087142607198981e+00,2.758925130690562000e+00,3.712952470996321086e+00
-1.229546650748928993e+00,3.497402638527994156e+00,3.989137616084724058e+00
-1.056004966563975023e+00,4.029561326963328582e+00,4.364833202092827769e+00
-1.109676196017802097e+00,3.284511723677606909e+00,4.422570847300591801e+00
3.631621500409285108e+00,1.880585871576426982e+00,4.463915370311318576e+00
2.915747415139969156e+00,1.943850230174333005e+00,4.211270328473317726e+00
3.412680832411278953e+00,2.277693985072899885e+00,4.800162187869864816e+00
1.245937676659510940e+00,3.192900084215716028e+00,4.365475927762786590e+00
1.979289018361144903e+00,3.304316929653452917e+00,4.547369751681173966e+00
1.658978896994462104e+00,3.329926217671650868e+00,4.133007835386930395e+00
1.331487745948435109e+00,3.534445094770550799e+00,4.824551833368682097e+00
2.109111215923982208e+00,3.803845034205605824e+00,4.938790646429526809e+00
1.662882589448432036e+00,3.983247003751428039e+00,4.671962840199059386e+00
1.166649437628993979e+00,4.330184255284819095e+00,4.672199374016472895e+00
9.548892598072400428e-01,4.753725892060445268e+00,4.982207764768081582e+00
3.955173787270001018e+00,2.186207652581825922e+00,4.999878612250329368e+00
1.717731025675544032e+00,2.860696301089133975e+00,3.934514198604254887e+00
2.865210086296197112e+00,1.002250971057895956e+00,3.138834367952680005e+00
2.342919321795089882e+00,1.142870846883175945e-01,3.165386608578499850e+00
1.355931503418899009e+00,2.311290473144092861e+00,3.226062535044575075e+00
3.315510391806153034e+00,-3.285056351221967916e-03,3.258026433796187948e+00
2.273355732380636152e+00,1.234477508772320098e+00,3.263774578225011158e+00
3.332679599011418858e+00,-6.517394862957796020e-01,3.393567693344675895e+00
3.261365338960779958e+00,8.985765347375146428e-01,3.442091274746188923e+00
2.628483457659804845e+00,-2.411073481375290983e-01,3.553791879363600081e+00
2.505211174224191151e+00,1.739305905086238946e+00,3.595989430318772051e+00
2.668886530175496041e+00,6.226401198130593340e-01,3.644506667635143859e+00
3.900800907633577896e+00,-6.964970321035754974e-01,3.958931804944206156e+00
4.283377213652568294e+00,-2.834190566091642771e-01,4.242283275557793054e+00
2.984070530841031132e+00,-1.330996651939538034e-01,4.023144729117100304e+00
3.643311261925894051e+00,-2.889890787713009224e-01,3.606404957284847779e+00
3.670084603296838832e+00,4.411054189366853118e-01,3.665449547655423856e+00
2.269932015981825923e+00,-9.178444104071061815e-01,3.190553053554992857e+00
2.919969267248835987e+00,-8.684260274504289612e-01,4.021726730457092280e+00
2.860181106781738869e+00,-1.104906686141390981e+00,3.185475807875659093e+00
1.544712188577042955e+00,2.583506217984345987e+00,3.509971852409857984e+00
3.340775136689481783e+00,-1.207387827983467110e+00,3.678150815360745174e+00
2.533314205264149965e+00,-1.262730546549539978e+00,3.623407725161233994e+00
-3.349467390487403939e+00,-1.558586477926364067e+00,4.607394349727075067e+00
-2.583036369969932800e+00,-1.455986328272778074e+00,3.472512062062737215e+00
-4.183069689175681560e+00,-1.447945563790584034e+00,4.709857281544379326e+00
-3.123194714813941175e+00,-1.433657023705050104e+00,3.793742693967001145e+00
-2.297948755898249207e+00,-1.285456915164107983e+00,3.078522161277919889e+00
-4.628621846634817238e+00,-1.180435718509821985e+00,4.967222401187099123e+00
-3.553869851156636894e+00,-1.179015555603589949e+00,3.974056425340399823e+00
-2.765960069883385053e+00,-1.019054911355051996e+00,3.166901610753376950e+00
-4.052215659399309722e+00,-7.039848390437712933e-01,4.216926308656320010e+00
-3.587749849088511134e+00,-6.823670720121955968e-01,4.787956975362872569e+00
-3.434131105711195175e+00,-6.818814880362908948e-01,3.609467720013369796e+00
-2.124261331631978056e+00,-6.759762759576013469e-01,2.862554800699305790e+00
-4.664598245915337671e+00,-4.086085343385392754e-01,4.746543391765719377e+00
-3.199400145246423133e+00,-3.656876273213077733e-01,4.246011900253550131e+00
-2.724643047921973871e+00,-3.443651946740297065e-01,3.615238598336118159e+00
-2.544211386108679918e+00,-1.382773884791047014e-01,2.590789640553992967e+00
-2.313824926972967155e+00,-5.973159152873232236e-02,3.056884254451258887e+00
-3.144865446744693926e+00,3.120825082845697998e-02,3.188831355423709102e+00
-3.616198011162659043e+00,4.303093918673026042e-02,3.662320297640929923e+00
-3.666542669508566998e+00,4.541213672154294917e-02,4.854200401820849997e+00
-2.876821243748575174e+00,-9.117330025187020404e-01,3.883298203085406186e+00
-4.497225857616341749e+00,8.961019647447662079e-03,4.545019401281198412e+00
-4.439688588578244222e+00,-5.814931802101642733e-01,4.560479495701308394e+00
-2.923665144311795139e+00,-5.112433253285967316e-01,3.052075929873907967e+00
4.231822516814047197e-01,2.798738522484546021e+00,-3.722732532632039071e+00
1.297340119515598911e+00,2.855394923494734893e+00,-3.939549703534701131e+00
1.121019266760518107e+00,3.183641336686621859e+00,-3.591603120145189898e+00
3.478704765591771886e-01,3.193858782170828192e+00,-3.271118721276731200e+00
1.979289018361152896e+00,3.304316929653449808e+00,-4.547369751681175742e+00
1.247256884803831012e+00,3.307077608118663914e+00,-4.513620739062385923e+00
1.591774742231383044e+00,3.310405893079249040e+00,-4.056886298684039716e+00
3.331602094027847905e-01,3.312189894458076989e+00,-4.395126825929181358e+00
9.344816213329694143e-01,3.603835498261903858e+00,-3.874684283189568035e+00
2.754229764618966736e-01,3.684827219551766841e+00,-4.886386606581130998e+00
2.121641413640419138e+00,3.821542498787823039e+00,-4.964874006683173135e+00
2.469993308464253912e-01,3.880246156120866985e+00,-3.940099924887472849e+00
1.550373354523578051e+00,4.198680849006857230e+00,-4.778280770817169731e+00
9.624780942190640509e-01,4.280561402008893346e+00,-4.530564207146606570e+00
2.917885641232764171e-01,4.484345076757013437e+00,-4.548859709469203594e+00
8.380747486887581976e-01,4.754045480874027341e+00,-4.940761240867892923e+00
-1.690957557284773977e-03,3.590421671890855926e+00,-3.636728911743329018e+00
1.446362108255152989e+00,3.751003029761856844e+00,-4.313204950739206289e+00
7.253859185328018766e-01,3.468646222578751992e+00,-4.640148541563437590e+00
7.719622300271067328e-01,3.981684518126144212e+00,-4.167565006273825645e+00
-1.292090405588089130e-01,4.772501897151344430e+00,-4.826630840808706857e+00
1.842418940851408893e+00,3.072438895598728958e+00,-4.224283657032154693e+00
1.972047723633461036e+00,-4.145804860995571106e-01,-2.002027444046738935e+00
2.329369518187450971e+00,4.430913838809084210e-02,-2.276219818944388962e+00
1.610205928641291973e+00,-2.778766037685653778e-01,-1.612498779272965921e+00
1.778658317053706917e+00,2.979485559565436814e-01,-1.778343839293687001e+00
2.600359841615453860e+00,-4.545169949452859126e-01,-2.618217670842156952e+00
1.642115894461287029e+00,-1.183729606764069020e-01,-2.224613840196186132e+00
1.462956586812292903e+00,-6.715754522189895104e-01,-2.081289236352362071e+00
1.371836230978058957e+00,5.977384087785415218e-02,-1.340340035070723967e+00
1.942981682488793993e+00,-5.544546601980937517e-01,-2.681722386647658940e+00
1.258032846654900894e+00,-7.689206487122055567e-01,-1.620407105393878000e+00
2.899453723240906111e+00,1.203772292308043050e-02,-2.842904826054324818e+00
1.926438464704310016e+00,3.539230362517150064e-01,-2.626651797703897895e+00
2.796619757969335929e+00,-8.417206676492108297e-01,-2.971175154632037962e+00
2.377116802873656898e+00,-3.854481961625150777e-01,-3.231446393304560072e+00
9.189579971264870695e-01,-9.299715506605787940e-02,-9.645918894479525996e-01
9.104202939270535921e-01,3.672777303955093164e-01,-1.257116029352318032e+00
2.312085027283885985e+00,-1.001008580151522942e+00,-3.266934665941009008e+00
2.560620577195083847e+00,9.628980890112971702e-02,-3.455960418041091220e+00
3.054560625279889141e+00,-1.125013169714089045e+00,-3.370710688726572979e+00
3.424448714396393090e+00,-3.709052281535468731e-01,-3.403920436084956869e+00
-1.931271063356204909e+00,-4.694025500271014062e-01,2.076774749554274990e+00
-1.905535400037958071e+00,1.855692397911047065e-01,1.959119263422578028e+00
-1.417486990624744037e+00,-7.489780721547056874e-01,1.919772332776531032e+00
-1.367626885167291917e+00,-3.047619698577297975e-01,1.463803777620612090e+00
-1.345195216810751049e+00,1.654515680841084913e-01,1.779207938759796104e+00
-9.586789173280716447e-01,-1.193901636756574958e-01,1.257499122989502061e+00
-6.828438552054819644e-01,-1.325682200129018051e+00,1.872104637404748972e+00
-5.066854409122453218e-01,-1.186763338799845080e+00,1.386334138929464999e+00
1.625526279646491989e+00,-3.208850344829027090e+00,4.583209479350279558e+00
4.008239202315841965e+00,-1.707010859182026108e+00,4.602615277636108893e+00
3.164366588900154209e+00,-2.089670207370323940e+00,4.664546399862514292e+00
1.744355445709659058e+00,-4.067095551697376798e+00,4.676461832835994592e+00
1.322490422715403069e+00,-4.405634310185413405e+00,4.711893374503346443e+00
3.441262894986622189e+00,-1.325362185337537024e+00,4.796045514737297566e+00
3.807674368286536826e+00,-2.261543566056070986e+00,4.905916122982760363e+00
2.512977639799693019e+00,-3.387546105719875911e+00,4.940056416658346272e+00
4.457170967027029640e+00,-1.676392741315313017e+00,4.973604523981406622e+00
2.251853796688575216e+00,-3.927244545659719144e+00,4.982070983764307570e+00
3.677051358609785048e+00,-7.258643233962674968e-01,4.993854453752370581e+00
4.688950066711256248e+00,-7.407576842162882924e-01,4.740675698807823579e+00
4.260887954441082925e+00,-9.096171218550559434e-01,4.384270559126525413e+00
2.150397809207039046e+00,-3.509917106931803144e+00,4.570586152110868383e+00
3.318357484710193983e+00,-2.457749277842598890e+00,4.834970015312015867e+00
-3.521465922800655068e+00,1.629881911141199957e+00,-4.335716129458463186e+00
-2.965533845504274790e+00,1.545115519379939961e+00,-3.947186104023225006e+00
-3.773642035057727995e+00,2.002147194860553814e+00,-4.978091229406416574e+00
-1.675421100048464007e+00,3.341895692985048072e+00,-4.288438134193902407e+00
-3.408945971986895085e+00,1.166368869449019963e+00,-3.858968151289393855e+00
-1.917906772543648941e+00,3.651342806970952815e+00,-4.879432346632651907e+00
-4.175745919749144441e+00,1.673295118749738020e+00,-4.894828043123214734e+00
-2.546839842645622909e+00,1.299577387913853022e+00,-3.405630577961649141e+00
-4.080299480685913416e+00,1.198610052563723993e+00,-4.483978719402236024e+00
-3.096835607616573061e+00,9.388702403128619256e-01,-4.160721351071973828e+00
-3.551593135721331951e+00,1.122625587005636971e+00,-4.782992530807452347e+00
-2.609801424727828945e+00,9.356797054275343140e-01,-2.995021541319487834e+00
-4.532435311573714820e+00,1.310274912483357923e+00,-4.962831552557275927e+00
-2.153684400994538173e+00,1.025361015210688009e+00,-2.713590895211802856e+00
-1.883299054951139029e+00,7.127103903782081584e-01,-2.537002945393708853e+00
-2.553289009438636015e+00,1.303733167847771046e+00,3.413436261136144179e+00
-3.773642035057731992e+00,2.002147194860552037e+00,4.978091229406420126e+00
-1.181743774271450942e+00,2.452762494949484839e+00,3.119313034109200800e+00
-1.642662518410783923e+00,4.135762295132294319e+00,4.846449926920972651e+00
-3.548813133694185940e+00,1.166643011854253897e+00,4.785097299595927112e+00
-4.175745919749145330e+00,1.673295118749736909e+00,4.894828043123215622e+00
-3.819473797715546848e+00,9.567634461175490435e-01,4.110818726294220404e+00
-4.144667141281764167e+00,1.260080173360883959e+00,4.579105844568657879e+00
-3.042149190574061191e+00,6.899505017567630905e-01,3.247550435829329007e+00
-2.306828542893530010e+00,6.998552319290280987e-01,3.092493904466694143e+00
-6.301395709690764679e-01,2.206589895060250051e+00,2.946916715405663023e+00
-1.160682463956304034e+00,4.519935339322450396e+00,4.876737050630365111e+00
-4.143520311697235781e-01,2.715294071080176064e+00,2.828102707112471137e+00
-4.532435311573714820e+00,1.310274912483357923e+00,4.962831552557275927e+00
-3.750625203078802095e+00,6.011239352797084212e-01,4.989184221460204682e+00
-3.855545176444988176e+00,3.574180364537037913e-01,3.937239300342958881e+00
-2.798020416400880173e+00,3.045647073770452740e-01,2.875484706348363062e+00
-4.235312001334571086e+00,4.067957785171241181e-01,4.324081079484800583e+00
-3.998724431302108084e-01,4.477594349631118575e+00,4.566510840398919413e+00
-4.627567672682659783e+00,4.647437911710365910e-01,4.724921881574490001e+00
-4.590784550208619752e-01,4.900179103360639665e+00,4.997375949791606153e+00
4.407125682738415762e+00,-1.689037357513738957e+00,-4.937732805485471665e+00
1.327290134252113951e+00,-4.543008834174543153e+00,-4.841594442965559075e+00
4.749093811058068937e+00,-2.655002621981862876e-01,-4.704295970721169340e+00
3.609072814074272273e-01,-4.594223609563657718e+00,-4.562798741798442137e+00
4.182394909327061150e+00,-1.312956716537287072e+00,-4.503897366988764972e+00
8.984001704358415274e-01,-4.381449378147408424e+00,-4.494317982037403070e+00
2.747432227306017882e+00,-1.145649237884768912e+00,-3.861733648635802041e+00
1.644413389922299906e+00,-3.104481597292187089e+00,-3.795889624109078042e+00
4.572849300646106840e-01,-2.787624621557287963e+00,-3.783660217426293215e+00
2.725226189298543211e+00,-4.642367261103548803e-01,-3.702515021918034943e+00
2.365883679570150999e+00,-1.909235786748725960e+00,-3.582472644989424193e+00
8.946867805503699866e-01,-2.535474904450183864e+00,-3.528135902023346038e+00
4.523184328521325348e+00,-8.203285884450950416e-01,-4.604586044079069573e+00
3.440135415461682111e+00,-9.007756681917603592e-01,-3.600273450529564823e+00
4.344288121722208906e+00,-3.024291576908910151e-01,-4.305346055020963902e+00
-6.274585339973226539e-01,-2.476470806892954180e+00,3.381929734472099103e+00
-6.124319140707568804e-02,-2.376231749056116005e+00,3.204192571876037121e+00
-7.216325910668551780e-01,-2.122375786048285029e+00,2.931133278183998936e+00
-2.976540909737164231e-01,-1.869753153247305066e+00,2.535420141902617885e+00
-9.327713938683730444e-01,-2.525186689334824042e+00,2.809665049290209105e+00
-1.290068146726587095e+00,-1.998380807646686907e+00,2.854914216263102933e+00
3.924193700465379853e-01,-1.978269080129082980e+00,2.699601673254438783e+00
4.697549450298720841e-01,-2.595756979760646121e+00,3.530579762229642871e+00
-3.576331836564863864e-01,-2.506891138256310825e+00,2.511150118187023939e+00
-1.165483701057135946e+00,-2.743734394891550021e+00,3.829026887660217149e+00
-1.302877554260517989e+00,-2.647584815586883966e+00,3.201144035680209221e+00
-1.070652601098087020e+00,-1.628663226573604073e+00,2.306544017880582054e+00
3.437388199276478207e-01,-2.440822265584725148e+00,2.433149900745316785e+00
-1.658291924396509076e+00,-2.563814507745536986e+00,3.630225834943960006e+00
-4.913039717774341786e-01,-1.859660056726766042e+00,1.948803133030007073e+00
7.613535913791517062e-01,-2.590554871389639136e+00,2.738371650245284172e+00
1.092541607181783059e+00,-2.191779729509438113e+00,3.142849724048547788e+00
3.516672126610441151e-01,-1.990741991414828993e+00,2.000963403483288161e+00
8.999130888789316218e-01,-1.922146749879557914e+00,2.235553383019091012e+00
-1.833183725579343948e+00,-1.011378084405980093e+00,2.450020591413110793e+00
1.139120040181655025e+00,-1.263015644821249950e+00,2.010245980567482160e+00
4.705748448839847109e-01,1.236395734818229952e+00,1.416143290386282061e+00
2.859317529045473094e-01,7.802722526780822010e-01,1.043201023531677096e+00
-2.432898237719821055e-01,1.076446855480313936e+00,1.152242691766774962e+00
-1.222969451277868963e-01,1.474182721447065081e+00,1.513249404479797944e+00
-2.154450955958354119e-01,6.010720136201158637e-01,7.291513938645629578e-01
2.370700650224643047e-01,1.714649055058530935e+00,1.772576192704540032e+00
8.524427954854070233e-01,5.815809573297512358e-01,1.208305237763525941e+00
1.091069178372642057e+00,8.422048561901092079e-01,1.645958264516558023e+00
8.707363678875952306e-01,1.415046994376973899e+00,1.993914796523895916e+00
-2.563206725906872971e-02,2.055088883415112200e+00,2.091691767983867134e+00
3.249127815333925917e-01,1.772524699367576950e+00,2.361480278179750147e+00
2.389712095104871981e-01,7.014265401217779639e-01,-9.055320327884736065e-01
1.059937045477225004e+00,1.727053324006079027e+00,2.365475295538245870e+00
-2.716427162952370078e-01,6.133255905346117753e-01,-7.748936986661680848e-01
2.207914775078262115e-01,2.345397090593289047e+00,2.400859388128690153e+00
-1.567593110160798053e+00,7.852280536767219932e-01,-2.064411070540502102e+00
-4.370354005121712127e-01,1.680237833819403059e+00,-1.835167784463056950e+00
-6.491526746805920123e-01,1.778579480877847008e+00,-2.385511950917698965e+00
-1.582625850463665884e-01,2.171881765664382069e+00,-2.223904527585959912e+00
-6.301395709690763569e-01,2.206589895060250051e+00,-2.946916715405663023e+00
-1.181743774271452052e+00,2.452762494949483063e+00,-3.119313034109202132e+00
-4.143520311697220238e-01,2.715294071080164962e+00,-2.828102707112464920e+00
-1.356087142607200091e+00,2.758925130690558003e+00,-3.712952470996321974e+00
-6.678613262055848043e-01,2.794450780198308948e+00,-3.725709805176023792e+00
-1.045680729228948003e-01,2.945079570973919036e+00,-3.893595113398252927e+00
-5.888833311347445587e-01,3.026725013709003154e+00,-3.194833846078677819e+00
-7.295629420655012076e-01,1.497464276547314954e+00,-1.962721917926407045e+00
-1.955115332205205059e-01,-1.622190239384506016e+00,-1.613955836293111901e+00
-3.338214757955188516e-01,-2.084522861045984499e+00,-2.095609073414300472e+00
2.969527982728093971e-02,-1.608299695840514021e+00,-2.169240964831825824e+00
3.762286283091458849e-01,-1.106315593104832962e+00,-1.509884093778387948e+00
-9.436421173870104470e-03,-2.389145923386676085e+00,-2.340426965606309917e+00
8.072837181627381398e-01,-1.921690158285290106e+00,-2.169283295206521078e+00
3.427627132568715207e-01,-1.888501588621446015e+00,-2.572911825352438786e+00
5.293319615093249331e-01,-2.475659894518653203e+00,-2.525997521801668810e+00
7.652859538186266297e-01,-2.044561853490311165e+00,-2.860952014697388801e+00
3.735731100829347007e-01,-2.342334565291266824e+00,-3.182167706724118972e+00
3.213781154093555137e-01,-3.063386982627247956e+00,-3.039069588896137208e+00
-4.422172420931497205e-01,-2.451762624207125985e+00,-3.326392964069706082e+00
-7.576196924074142525e-02,-3.349395047632822031e+00,-3.297967876551405997e+00
-3.353560427082988848e-01,-8.946273107741995467e-01,-1.139146736124301063e+00
9.432654112152618620e-01,-1.598854363031751102e+00,-2.348271371253049189e+00
-5.269623921935082667e-01,-3.719212333784744029e+00,3.742643113009167966e+00
-3.731077663083804952e-01,-3.336734072381219995e+00,3.327707130987064055e+00
-5.743973558747366148e-01,-4.018670109476924601e+00,4.049090696265166933e+00
-9.039854467645349612e-01,-3.406749205151498039e+00,3.592225731305008996e+00
3.591386580089563907e-01,-3.489567451259924180e+00,3.467109771947110008e+00
3.009845674426269158e-01,-3.972447306196346783e+00,3.936424420440257865e+00
-2.178160387365900008e-01,-3.023929688740603972e+00,2.988999971931625144e+00
-2.397486785234435036e-01,-4.330089906132490896e+00,4.289742057586251711e+00
-8.478361869780439708e-01,-2.978664854066523926e+00,3.166015720819856050e+00
-1.188171352706633987e+00,-3.888426224228718198e+00,4.190996373611276304e+00
-1.301816486391222938e+00,-3.223669983904028147e+00,3.675545033537722883e+00
-2.255846287721031129e-01,-2.872291815031453144e+00,3.871900224548188163e+00
-7.890551579919843350e-01,-3.069434468960313023e+00,4.187194033490546197e+00
-2.336303733296831997e-01,-3.297169993308997960e+00,4.439342876839348584e+00
2.873743543261436106e-01,-2.863317874463063184e+00,2.835395904196584826e+00
-6.019684147688904030e-01,-4.576174952174637767e+00,4.603062387342601980e+00
9.142797900812925649e-01,-3.552928549661675817e+00,3.711302454553064845e+00
-1.550456179658618039e+00,-3.576451356334433118e+00,4.163446407128080118e+00
8.690638071868496128e-01,-3.188396112052028109e+00,3.347739608086802043e+00
-6.256528829684375737e-01,-3.528795003815750064e+00,4.774768411250772004e+00
5.149009533671999872e-01,-3.105894895443146897e+00,4.212491938634563837e+00
8.242865805152250758e-01,-4.191893973373732152e+00,4.284223974641299115e+00
3.609072814074273938e-01,-4.594223609563658606e+00,4.562798741798443025e+00
-1.361679863438250981e+00,-3.076260230485435176e+00,4.300670666903005035e+00
-1.211711301153975961e+00,-3.411971735317512078e+00,4.706687239332126182e+00
-1.317447132787620045e+00,-4.434513661887509173e+00,4.764519109710528610e+00
3.714448338514688142e-01,-3.612210874136331018e+00,4.871855932172190151e+00
-1.847893788423105921e+00,-3.094313870057006977e+00,4.080285499268015315e+00
-1.689820065279185934e+00,-4.087108137601719982e+00,4.701096391736069968e+00
1.126020918285103978e+00,-2.922998602625978215e+00,4.083596369106477830e+00
9.849231420270028181e-01,-3.516859028489200956e+00,4.824463619961976590e+00
9.057785628939625244e-01,-4.733218642007313903e+00,4.836382892909352194e+00
3.686167059775824928e+00,1.154076646088914998e-01,4.958556039550866323e+00
4.037364556807974125e+00,2.318328399475811097e-01,3.993215890191061046e+00
4.576645796646688247e+00,2.566006861985720144e-01,4.533475886320323944e+00
3.383030500513795058e+00,6.164388320330653759e-01,4.587014249519839382e+00
3.031706306635812975e+00,6.583048267202191717e-01,4.127803905605037293e+00
4.217256261608167911e+00,7.387058663910339718e-01,4.287001983227343160e+00
4.755384447648070889e+00,7.884229433268115095e-01,4.826702863592641890e+00
3.654912436009007948e+00,1.053245410427352979e+00,3.888744100889097943e+00
4.431921355298525711e+00,1.173769994298788033e+00,4.674746825411636664e+00
2.656713447539967188e+00,1.222960031466693964e+00,3.748586516699198956e+00
3.368682112601709910e+00,1.274490428614482029e+00,4.676073981064254426e+00
3.008200546725250835e+00,1.319433555617018028e+00,4.221652183333095998e+00
3.496897467950743188e+00,1.579090137204822053e+00,4.098598791376754313e+00
4.394833661071129605e+00,1.649894308400897014e+00,4.921614591728235233e+00
3.020401326588662894e+00,1.667637939070778952e+00,3.795282694969611015e+00
4.104610598264878618e+00,1.483510647454826081e+00,4.554010950232796340e+00
3.727601119554802001e+00,1.600477119823237926e+00,-4.309169972675073623e+00
3.020401326588662894e+00,1.667637939070776953e+00,-3.795282694969612791e+00
3.007446714413397171e+00,2.034761899035652188e+00,-4.248110645883224734e+00
3.913005154357155124e+00,2.009917933844239002e+00,-4.801218992807019248e+00
3.412680832411275844e+00,2.277693985072901217e+00,-4.800162187869865704e+00
3.434904312700523210e+00,1.163610135843939020e+00,-3.751215712077093034e+00
3.218175316526989960e+00,1.603884775813722907e+00,-4.557678210806979102e+00
2.553165184555708844e+00,1.744815958584859938e+00,-3.586930632671887054e+00
3.998142430328448071e+00,1.013262676104826898e+00,-4.189140255321593287e+00
2.911410564042895999e+00,1.212213710524167931e+00,-3.322788412162220872e+00
4.590891777980379729e+00,1.424342263164833922e+00,-4.956379110750768646e+00
4.491384476754035404e+00,9.308948230537053004e-01,-4.622474285569975194e+00
3.520081969527999011e+00,9.972669509398772725e-01,-4.820701253381571405e+00
3.091759728180985878e+00,6.201872505594643314e-01,-3.156310676068065924e+00
2.678910593469780110e+00,8.514640886355167027e-01,-3.695788723860658820e+00
2.464282112860197049e+00,1.114732142774867096e+00,-2.869947437770503207e+00
3.514398800289316949e+00,3.596415093527263740e-01,-3.493894407594260176e+00
3.137272627451690887e+00,6.325427236318919011e-01,-4.263899814154639145e+00
4.037364556807975013e+00,2.318328399475811097e-01,-3.993215890191060158e+00
4.576645796646687359e+00,2.566006861985720144e-01,-4.533475886320323944e+00
2.508039996439276109e+00,5.930951441834697579e-01,-2.587833734506275185e+00
3.300894249858047136e+00,8.170455989500243765e-01,-3.439281779075297862e+00
-7.378714888906985347e-01,-1.686824033604140904e+00,-1.956869052434152989e+00
-9.549734664291100739e-01,-1.501902531885003000e+00,-2.148143765224734825e+00
-1.970579232319507934e+00,-8.525737973223079802e-01,-2.360613723189350921e+00
-1.523605325774715968e+00,-6.261762904920098460e-01,-1.805255817892688075e+00
-7.445991656734138875e-01,-1.234070594878398097e+00,-1.747795700818612019e+00
-1.043630655569957932e+00,-2.349650967657022971e+00,-2.742365553256421062e+00
-4.176283391250172894e-01,-1.111381536707918061e+00,-1.519872209825712916e+00
-5.912881607160634934e-01,-2.707517253476892982e+00,-2.787831312067615031e+00
-1.162325411854969959e+00,-1.548195429069529061e-01,-1.534482330896536073e+00
-8.177617728294979127e-01,-1.801039057708113122e-01,-9.158434518043258032e-01
-1.780729626472739913e+00,-2.997917050809902895e-01,-2.363985768730854975e+00
-3.988327089167950090e-01,-2.010137794949014900e+00,-2.733619259428541781e+00
-1.659988316846793932e+00,1.458774076682398113e-01,-1.704470633172237015e+00
1.250377002644527946e-01,-8.777732916794330764e-01,-1.000025000929483987e+00
3.254403509544013251e-01,-1.730416878182480911e+00,-1.746040368346476912e+00
-2.099846680571371138e+00,-2.635237286170699078e-01,-2.782491843863852843e+00
-2.114706364268331917e+00,2.014087199231318903e-01,-2.171956112656522997e+00
-6.841830980246840221e-01,-4.642645465319324843e-02,7.854736662668533320e-01
-6.292856759563802971e-01,1.372860641826078865e-01,-7.384930197978690769e-01
-2.064202187660003851e+00,3.443160944657883138e-01,-2.737826264518936181e+00
-8.052899506830710763e-01,4.372233302342599104e-01,1.065208522863426044e+00
2.914523687116903794e+00,-2.072984776957167874e+00,4.077278105205596859e+00
2.088965305890484014e+00,-3.114286217351578845e+00,4.223342444847211219e+00
1.971231060034098093e+00,-2.462519472173688939e+00,3.697698489182061898e+00
2.936748609060507054e+00,-1.686107515122990064e+00,3.703405334391665971e+00
2.315472368082228893e+00,-1.866645675747347077e+00,3.536335787652730822e+00
3.374117751836476220e+00,-1.652166547644877914e+00,4.025745410782113787e+00
1.452929200581793090e+00,-3.179597612531878781e+00,3.704632960929885144e+00
1.722973507548942962e+00,-3.659003484047198995e+00,4.314590680460944405e+00
1.685066262793966096e+00,-2.755911659546558035e+00,4.038856543512249431e+00
1.587635159466165069e+00,-2.287617828815212917e+00,3.434997859531712106e+00
1.680070810405724036e+00,-1.984116023007510998e+00,3.032839835156825092e+00
2.254247402943641010e+00,-1.478141971107304942e+00,2.991819368257083944e+00
1.177846873518491932e+00,-2.797771589394308034e+00,3.178371373744071970e+00
2.942261882133753836e+00,-1.419596484271073988e+00,4.184704461273219600e+00
3.768693424912744838e+00,-1.280268411156610053e+00,4.107901250827978856e+00
1.222440164656100947e+00,-3.829822099951869951e+00,4.127295974414789015e+00
1.324361955899896026e+00,-1.958780775534094909e+00,2.625374341590189786e+00
1.759496274702122998e+00,-1.303517388609046090e+00,2.690953577616900017e+00
1.506772687044944048e+00,-1.204585846261484017e+00,2.195448620281205798e+00
-2.684427994868899159e+00,4.973904232119292779e-01,3.569126195321762118e+00
-3.186294246295190202e+00,5.280238566599180228e-01,4.235644720070326663e+00
-3.408945971986895085e+00,1.166368869449019963e+00,3.858968151289391191e+00
-2.968078274518493043e+00,1.546607092789467952e+00,3.950175062840060036e+00
-3.521465922800651960e+00,1.629881911141197959e+00,4.335716129458461410e+00
-2.821281340357145062e+00,1.041035576186130074e+00,3.810111774723957900e+00
-2.289856755458480997e+00,-3.627037444868046911e+00,4.981792300235041715e+00
-1.960750207915568977e+00,-3.271942034129850185e+00,4.657944066415980799e+00
-3.532502033262005181e+00,-2.016321024609050827e+00,4.750044997260284951e+00
-3.098127992676448894e+00,-1.760771951333301111e+00,4.229649304397495868e+00
-4.034892754845721186e+00,-1.955524076975545977e+00,4.983162708448610978e+00
1.608246006369115078e+00,5.333757896988583491e-01,-2.235568457467302039e+00
1.365982229764914013e+00,8.013781500412890946e-01,-1.726450368053052964e+00
1.349515493977895941e+00,3.863663358313075835e-01,1.414553183636164002e+00
1.778337475399982992e+00,3.250587509935036201e-01,1.786898490850558074e+00
1.366805850488590046e+00,-1.146934636267553931e-01,1.849211605697302918e+00
1.521025300910022082e+00,8.955293530434736970e-01,1.929295328574806012e+00
2.353185900573749212e+00,-1.748131207940792908e-01,2.310731358432693838e+00
2.229553450729909958e+00,7.267007485730686556e-01,2.398092392741542067e+00
1.809442508365209035e+00,1.058476599760029002e-01,2.449936437199045969e+00
1.826184978506929957e+00,1.095292155754090890e+00,2.661837465149214044e+00
1.181040231402604057e+00,1.988198528838563073e+00,2.669709774329168894e+00
2.773805104286476197e+00,-4.321452176937558287e-03,2.717518863651516181e+00
2.078073676286856131e+00,5.191098618020832944e-01,2.850506140282413892e+00
2.824425581487595149e+00,-6.154470628773089924e-01,2.891820622310442790e+00
1.781513195222363954e+00,-7.068966278517654356e-01,2.505264837874563000e+00
3.371439093031769030e+00,-1.076287485067661982e-02,4.537888665721241388e+00
2.393104215759143116e+00,-7.227257913165473502e-01,2.536751618372739880e+00
3.341566857917873890e+00,-7.828524891611096104e-01,4.559615156586287021e+00
1.625531313460184091e+00,-7.932576712755574633e-01,1.913479684705714945e+00
2.097330908623491919e+00,-1.698080217465695874e-01,2.839713519416262155e+00
1.031833099549567923e+00,2.637419703585345054e+00,3.046644067159463898e+00
2.023758232819289127e+00,1.447300215816117896e+00,2.951053608174436071e+00
1.919786657079743053e+00,-2.122759162461778926e-01,1.891911016335106943e+00
2.647147521890877986e+00,5.161274248030214284e-01,2.689363101393119848e+00
2.370700650224643047e-01,1.714649055058530935e+00,-1.772576192704540032e+00
-6.227219818664310180e-01,1.296231963479788085e+00,-1.659067486539556047e+00
-1.319029315181458939e+00,5.964319944764057135e-01,-1.625213740329894962e+00
-1.430310370795435937e-01,1.472581417522375924e+00,-1.515874634083778094e+00
3.612109402462834740e-01,1.102681641340381047e+00,-1.494694808682941023e+00
-5.204933629991557176e-01,1.028823089871603980e+00,-1.340602909758783934e+00
-8.694409004968340904e-01,4.681602102631093887e-01,-1.177793835773172093e+00
-1.110344054648362944e+00,5.326192946958332453e-01,1.505819213264879997e+00
-5.842070100614855654e-01,1.179908500691889905e+00,1.566173840569887066e+00
-4.370354005121709906e-01,1.680237833819403948e+00,1.835167784463056950e+00
-1.567593110160794945e+00,7.852280536767242136e-01,2.064411070540499882e+00
-1.669507383809041068e+00,-1.033390034885311032e-01,2.204466774521339989e+00
-3.486955067673063180e+00,3.798441122416087307e-02,-3.532488108713879083e+00
-3.456661488201009824e+00,-6.475869189100116330e-01,-3.618448172353715186e+00
-3.951869554090286840e+00,1.466575865277192081e-01,-4.004610852854412428e+00
-3.934590597330478001e+00,-5.042912026076793452e-01,-4.042842883921406560e+00
-2.884162581584321039e+00,3.257157148948807146e-01,-3.821610613045264060e+00
-3.234926122521434966e+00,1.479249508312711903e-01,-4.281080734492380913e+00
-3.048489889086146931e+00,5.487799295548744238e-01,-3.195104116243244086e+00
-2.831870759810167115e+00,-5.837696766423182693e-01,-3.779414710036777869e+00
-2.910730741332207216e+00,-6.106375474493543898e-01,-3.076621218527392010e+00
-2.577168692094212954e+00,4.740537949589383737e-02,-3.405696594120025900e+00
-2.789775213005028842e+00,1.687255394669442132e-01,-2.842911656325497027e+00
-4.046697451398889811e+00,6.332812028655454561e-01,-4.196657957449716925e+00
-3.366610985837349190e+00,-6.700360122257773554e-01,-4.494566599256692996e+00
-2.624212925056673917e+00,7.565407236987307105e-01,-3.516507410049185101e+00
-4.405539552578995099e+00,-2.837186412715814732e-01,-4.469952644654405560e+00
-3.632112090725232001e+00,2.590726368045510042e-01,-4.812254728248566593e+00
-2.528513234671362131e+00,-9.348179968150486241e-01,-3.432006144205228981e+00
-2.515295422792423796e+00,-5.781693746998052275e-01,-2.683476698197620802e+00
-3.696692517612397921e+00,-5.579919117650384841e-01,-4.920078877669923578e+00
-4.495415843279547907e+00,5.529491929251868498e-01,-4.614459422236897979e+00
-4.492745807302770622e+00,-9.145379624422330656e-01,-4.720502504902102103e+00
-4.775064064788994145e+00,-4.398837102544724820e-01,-4.861828728002605793e+00
-3.483419990033763014e+00,5.759025916060972472e-01,-3.627977775647088787e+00
1.456587272096522945e+00,1.094792572170848022e+00,-2.121011308556628006e+00
1.812949152196176028e+00,1.230537624572022981e+00,-2.676006277720921922e+00
8.052303391006616629e-01,1.381728203485576012e+00,-1.819269643532892999e+00
3.249127815333925917e-01,1.772524699367576950e+00,-2.361480278179748815e+00
1.015736609748461028e+00,2.084457807970403920e+00,-2.564869396087142928e+00
3.189172465947702761e-01,2.214166634693357949e+00,-2.941350646211974063e+00
1.233370184549170911e+00,2.361401296035185116e+00,-3.288187904792350125e+00
6.782665016869575403e-03,2.529323256786273788e+00,-3.341748212371247195e+00
1.574635056050009974e+00,2.621996407665756035e+00,-3.583370406447290879e+00
2.006605680670391079e-01,2.645746285701541911e+00,-2.698885622861483036e+00
9.034817186399025646e-01,2.669613605910913900e+00,-2.990601600253937953e+00
2.211138165381000054e+00,1.556276207986188043e+00,-3.157996812750995197e+00
9.188042020697064771e-01,1.625455737608441975e+00,-2.281585656108755966e+00
-5.056410922503996597e-01,-4.634176963086375167e+00,-4.636769377826336580e+00
-4.987400395580184886e-01,-4.208595361512601052e+00,-4.215613820255849298e+00
1.781631361127494984e+00,-4.083425237624451754e+00,-4.717770313875672805e+00
3.009845674426265827e-01,-3.972447306196346783e+00,-3.936424420440259198e+00
2.263200691523164831e+00,-3.922397842420008107e+00,-4.988964063253661152e+00
1.264292674491223067e+00,-3.709970837533401955e+00,-4.042539731793458380e+00
1.749912660188776004e+00,-3.681149994632218814e+00,-4.354173209627147045e+00
-4.627538921835903096e-01,-3.627402210212432809e+00,-4.891809570486731040e+00
1.594669484916031998e-01,-3.611607207518082063e+00,-4.859451002093221561e+00
1.402802610673353101e+00,-3.548983618186389855e+00,-4.955420872154877365e+00
8.338692603215932531e-01,-3.526157260776987989e+00,-4.811077115583118236e+00
2.512977639799692131e+00,-3.387546105719878131e+00,-4.940056416658345384e+00
-6.793899271453797128e-01,-3.254410490944811940e+00,-4.417122256274402581e+00
1.798410991928713010e+00,-3.205335584088674139e+00,-4.631050132142133791e+00
4.706654861686416780e-01,-3.145628208213687049e+00,-4.260353466534112066e+00
-1.184580576321137002e-01,-3.121450081145161093e+00,-4.201740419630268342e+00
1.404242588777516954e+00,-3.013118728540776114e+00,-4.272388499728051237e+00
2.261136157852623896e+00,-2.989507545535365018e+00,-4.469331160982000561e+00
-6.617194670203315754e-01,-2.927815255837503017e+00,-3.982975770865070153e+00
2.103356862880235933e+00,-2.684432011251876027e+00,-4.004869953050116393e+00
-5.161369794429259139e-01,-3.776668297651201822e+00,-3.795852052460948034e+00
-4.177816236245159409e+00,-1.554277780029486022e+00,-4.776948840237076332e+00
-3.938136959524712211e+00,-1.287421594999228924e+00,-4.388163365546280836e+00
-3.623915799746232125e+00,-2.079816947490988888e+00,-4.910152457117335167e+00
-3.593184426888134997e+00,-1.170247858437277078e+00,-4.004098901522302079e+00
-3.288210647711697021e+00,-1.654982231390794922e+00,-4.537600254491104934e+00
-3.139557347282162958e+00,-1.583591795276233061e+00,-3.948350938807291044e+00
-2.938983694026016114e+00,-1.335561586657707966e+00,-3.560249027825062917e+00
-2.383810721878221184e+00,-1.264277542313664071e+00,-3.078014653410980017e+00
-2.172422649665521011e+00,-3.851738892418484994e+00,-4.947957398849567312e+00
-2.088033219127038098e+00,-3.260887827910798009e+00,-4.588958673950634726e+00
-2.059316244269616014e+00,-1.142814784643471082e+00,-2.801349219749000863e+00
-1.953950712766403974e+00,-3.038163816417949192e+00,-4.274158071654723834e+00
