-9.735895263870375516e-01,-4.021495767052241987e+00,4.202651226769955173e+00
-2.848679923850245266e-01,-4.017139654491089118e+00,3.984498313434976957e+00
8.098428662246042187e-01,-3.967686727527729218e+00,4.062830807723692317e+00
-1.547112505816006012e+00,-3.956398169316122093e+00,4.483985532789506401e+00
2.723935100699442780e-01,-3.692985250928957797e+00,3.654885894932828894e+00
-3.662939224135507987e-01,-3.603780573168307910e+00,4.854255203203011959e+00
2.821548232334881723e-01,-3.504816825243882050e+00,4.722904835448097138e+00
8.657983073025539156e-01,-3.458557210466327803e+00,3.600117165900238003e+00
-1.012769116826542026e+00,-3.452122119297614145e+00,4.724492534684408440e+00
-3.272953700388812059e-01,-3.448477824568691119e+00,3.428220662244643169e+00
-9.616171409418965421e-01,-3.444499395291285015e+00,3.657244926848874034e+00
-1.510550423572414980e+00,-3.392591406427622136e+00,3.978888608863960119e+00
8.749611053062537058e-01,-3.375090466259896171e+00,4.619388844991670240e+00
-7.491152785034841388e-01,-3.208724005291241799e+00,4.365425347627382102e+00
5.657298561993620023e-01,-3.133845499389484868e+00,3.171659642595369810e+00
1.408986991196044952e-02,-3.019588411632675218e+00,4.065381890588367853e+00
8.289044290962402917e-01,-2.980512591446998982e+00,4.094206518626113400e+00
-2.658049178825221959e-01,-2.978876082376153089e+00,2.952549143547654964e+00
-7.969871893959797893e-01,-2.883239128913997806e+00,3.050769086531574192e+00
1.017647387067998066e+00,-2.865612439696283875e+00,3.133110096178155057e+00
-1.386717544768067967e+00,-2.827226207485324938e+00,3.416943968290655942e+00
-8.166671602819812747e-01,-2.804782863453100905e+00,3.843188306126485099e+00
7.408962529774004713e-02,-2.745247697831270983e+00,2.694683039547387970e+00
8.988028348193157768e-01,-2.631466866746411171e+00,3.653501352774136013e+00
1.756182847516615908e+00,-3.148295039781888072e+00,-3.927384908325763924e+00
1.800240610750970083e+00,-3.345871373364381895e+00,-4.806898753924443213e+00
1.975841042398327918e+00,-4.210223544280652597e+00,-4.972892614094853947e+00
2.027410681809858062e+00,-2.692808809824711158e+00,-4.062905769545390733e+00
2.181442050826294832e+00,-3.087012442204613016e+00,-4.308092714984542937e+00
2.328019953464612879e+00,-3.743738145100726999e+00,-4.918685003854668558e+00
2.393635807622411793e+00,-3.201769791703183987e+00,-4.756629220769856836e+00
3.737483538801837923e+00,-2.346645055181137973e+00,-4.938973665415239189e+00
3.000896634338272140e+00,2.085112664355563972e-01,-2.958910866220624047e+00
3.082383033488746094e+00,1.507659960718402914e+00,-4.361244159501541873e+00
3.106468170674145046e+00,5.254820618519201458e-01,-4.210985254045175985e+00
3.281127022511086899e+00,1.134407342624941029e+00,-3.594787053085526818e+00
3.438182327811035943e+00,1.299790893649449997e+00,-4.771283562089855934e+00
3.504410239343019207e+00,3.774925176432902263e-01,-3.487715405742878083e+00
3.621167877143498970e+00,5.511312676677513345e-01,-4.895932786069353781e+00
3.628338969097555822e+00,1.211873923692815991e+00,-3.955322238297406034e+00
4.050941851413564443e+00,5.447668575162548654e-01,-4.066083896456062163e+00
4.236104615397326079e+00,1.111048144131276061e+00,-4.460182229777801766e+00
4.304071069398946570e+00,1.615250447062170081e-01,-4.252474861726988742e+00
4.620049363275697374e+00,6.386124596987358126e-01,-4.649973342543195720e+00
4.736848216529023325e+00,1.180947598616985950e+00,-4.964839972713283700e+00
4.807411253712164267e+00,1.376814117836764884e-01,-4.753559879653780129e+00
-1.417838614502344941e+00,-2.182756134357375810e+00,-3.105053838066182958e+00
-3.619529586499715901e+00,-2.069728240691265153e+00,-4.954595393090779787e+00
-3.253683577829376894e+00,-1.857618926622907063e+00,-4.431498821511516972e+00
-4.104151577306340393e+00,-1.835913319147634892e+00,-4.931326262049872788e+00
-2.878238618315680064e+00,-1.630341888394253091e+00,-3.871331931849026020e+00
-3.556099482494734954e+00,-1.502783661737080889e+00,-4.869415236736642782e+00
-2.522834404851233892e+00,-1.413854207871787061e+00,-3.444695921640184899e+00
-3.154969377410086206e+00,-1.341284064843857093e+00,-4.317978915920367200e+00
-3.859794599430795170e+00,5.055669979257406688e-01,3.975687352525779872e+00
-4.312227350521839142e+00,5.344527590881794632e-01,4.429125643128326573e+00
-3.004002552689969185e+00,5.860454648320656545e-01,3.166320539382455834e+00
-3.389722052307368116e+00,6.788081250350017637e-01,3.575488418311556948e+00
-3.151741061374610187e+00,7.092215180478216308e-01,4.206631368938315241e+00
-3.695811948722922846e+00,7.806330515970071326e-01,4.932838564395178871e+00
-3.448353110068887784e+00,1.061030547894572962e+00,4.639069131454572670e+00
-3.731719472168947060e+00,1.097204322656160969e+00,4.105730788145931953e+00
-4.169361791674833562e+00,1.099854097887742022e+00,4.511576535818605294e+00
-3.220057062991520169e+00,1.190060490860719078e+00,3.711116078123462003e+00
-4.568512409087074566e+00,1.200958545043746994e+00,4.936510783569758587e+00
-3.144863714793899145e+00,1.367931197173511970e+00,4.273249875565949374e+00
-3.860165939415200143e+00,1.820722028127992109e+00,4.778271877346354835e+00
-3.578694776504511843e+00,1.629828346965843000e+00,4.378371188323873398e+00
-7.134518951963244593e-01,3.543659037341931217e+00,-3.743221133368422215e+00
-5.835246727826917112e-01,2.247165216433269830e+00,-2.995636120403229796e+00
-5.609479509768647842e-01,3.630456143357021936e+00,-4.823170677559279085e+00
-5.322431115944300517e-01,4.527193073991990779e+00,-4.644455685259653244e+00
-4.874487255598070057e-01,3.915617505916352048e+00,-4.029907876688975321e+00
-4.235249434226521226e-01,3.205624787351954108e+00,-3.312979831829061972e+00
-4.199302955437844154e-01,2.834426392672319217e+00,-3.758028045582450183e+00
-4.026831375168031246e-01,3.294251439202774190e+00,-4.366992206111391717e+00
-3.462610731173342837e-01,2.671168178709594887e+00,-2.764133636881469958e+00
-4.537268758396628687e-02,3.657498681360976001e+00,-3.705188477559627103e+00
1.912810804690834865e-01,4.679097482585645729e+00,-4.734024785961178594e+00
1.917452472273770137e-01,4.300676248085875564e+00,-4.355372084668963417e+00
2.009123145248218056e-01,3.579355605615420988e+00,-4.742703462020296357e+00
2.072513656826399930e-01,2.538383481015845877e+00,-3.361293096506217104e+00
2.110963036341129972e-01,3.215396545415774021e+00,-4.259572325339879839e+00
2.283939095189123081e-01,3.198968533676084025e+00,-3.256546550619808134e+00
3.103577966976567848e-01,2.830417098836766066e+00,-3.754990271763761100e+00
-7.277422226963865537e-01,2.576887862440005783e+00,3.444939871943240917e+00
-7.134518951963244593e-01,3.543659037341931217e+00,3.743221133368423104e+00
-5.835246727826914892e-01,2.247165216433269830e+00,2.995636120403231129e+00
-5.609479509768678929e-01,3.630456143357013055e+00,4.823170677559261321e+00
-5.322431115944301627e-01,4.527193073991991668e+00,4.644455685259655020e+00
-4.874487255598071167e-01,3.915617505916352048e+00,4.029907876688976209e+00
-4.235249434226525111e-01,3.205624787351954996e+00,3.312979831829061972e+00
-4.199302955437840268e-01,2.834426392672317885e+00,3.758028045582450183e+00
-4.026831375168034022e-01,3.294251439202772858e+00,4.366992206111394381e+00
-3.462610731173341727e-01,2.671168178709593999e+00,2.764133636881468181e+00
-4.537268758396630769e-02,3.657498681360975112e+00,3.705188477559627991e+00
1.912810804690835975e-01,4.679097482585645729e+00,4.734024785961180370e+00
1.917452472273770969e-01,4.300676248085878228e+00,4.355372084668963417e+00
2.013147969176513064e-01,3.579347697872370837e+00,4.742709870741818712e+00
2.110963036341129972e-01,3.215396545415773133e+00,4.259572325339880727e+00
2.351427977677572057e-01,2.565106610362671180e+00,3.398422016798773981e+00
-1.855424488965563834e-02,-2.451361409677303982e+00,3.304854714851617192e+00
-7.668283240575535231e-01,-2.246326534697002053e+00,3.101985044003717995e+00
-1.417838614502346939e+00,-2.182756134357374034e+00,3.105053838066182958e+00
-4.598684368032884828e-01,-2.617388795101630805e+00,3.548405523818841889e+00
-1.219467385036925977e+00,-5.077385459895402686e-01,-1.461277837900996968e+00
-1.132542610173008057e+00,5.540504993430875325e-02,-1.492992855340381952e+00
-1.094806368420278009e+00,1.146057600362796053e-01,1.446155890280153011e+00
-9.858643958759434334e-01,5.214857055091690619e-01,-1.309479610526895987e+00
-9.528060204393645760e-01,2.073214641654524959e-02,-9.787459879909049532e-01
-9.211620672454950975e-01,-3.650788160959724804e-01,1.130450551360653977e+00
-8.890454460326298047e-01,4.638802551627074222e-01,1.151051922271185024e+00
-8.293779698128038724e-01,-1.299029616832342970e+00,-1.831878141546273930e+00
-7.812345351933321913e-01,-1.274006374416035925e+00,1.808947284347355966e+00
-4.650848028780585897e-01,-1.304188428147226020e+00,-1.447567378997943077e+00
-3.906588439433162918e-01,-9.648483073190835535e-01,1.290846715270671075e+00
-1.234936729031937963e+00,6.278829897646825975e-01,1.642240187875346979e+00
3.692904927647596036e+00,-9.427545398700847290e-01,-3.857953550395496922e+00
3.780556849661551144e+00,-1.473000096882675969e+00,-4.240971513502026724e+00
4.008414521363322436e+00,-2.899792857697245929e-01,-3.969482372224240940e+00
4.158815986562435896e+00,-1.917852984888197110e+00,-4.888909135079146040e+00
4.407205343146321397e+00,-1.255784056885332012e+00,-4.680847544780885272e+00
4.468550136396268080e+00,-3.668716698290850897e-01,-4.438141206668667849e+00
4.853993574295348168e+00,-9.478703394856577980e-01,-4.969745016493705592e+00
4.911656339085163303e+00,-3.896880886988782766e-01,-4.882029265396197637e+00
4.154806891284041015e+00,-8.734308768859704308e-01,-4.268245171941983607e+00
2.086606277021227029e+00,6.106886159753969201e-01,2.202570198890105857e+00
2.091678026710817928e+00,1.865286269500310012e-01,2.832431475571929091e+00
2.217813253716863997e+00,2.111426564180818033e-01,-2.184448599997315998e+00
2.242919506168664867e+00,-1.103965899510263998e-01,2.194316661231492827e+00
2.350937284320456122e+00,-4.708083958493265997e-01,-2.383701156505470209e+00
2.477904855155192099e+00,-4.459883345361927987e-01,2.497086701923774132e+00
2.583260498121926041e+00,1.306309504508783026e-01,2.534609876234004133e+00
1.683834055928540074e+00,-5.618723138748903390e-01,-2.341952838027926198e+00
1.445349281729892965e+00,-1.135872383813818942e+00,-2.086728906492837154e+00
3.358880071462769124e+00,-6.278519634717727449e-01,3.410422689363318050e+00
3.395798119431268969e+00,-3.793834520408704836e-01,4.585296389239838177e+00
3.605651006527771152e+00,-9.616907745396872098e-01,4.935281005890860939e+00
3.633858439989344102e+00,-2.133293151616348915e-01,3.587242802291930044e+00
3.676287111505058824e+00,-1.931850146333209117e-01,4.948464196700362194e+00
3.733701320703077808e+00,-1.175175448925245947e+00,4.015132679564845652e+00
4.017444589898741647e+00,-2.362686190646715034e-01,3.971877558696712995e+00
4.029961372781531104e+00,-1.455378965599241070e+00,4.450763899634454290e+00
4.144272985524071196e+00,-1.923293797215531065e+00,4.880953197842213598e+00
4.407205343146319620e+00,-1.255784056885332012e+00,4.680847544780882608e+00
4.495454985021346772e+00,-1.809314045970439877e-01,4.443624057294663920e+00
4.694250499469519333e+00,-8.575150027778301043e-01,4.783191343299344922e+00
4.955184381340142608e+00,-1.816909529847705040e-01,4.902763698863613406e+00
4.145582529016145656e+00,-8.391256469176694432e-01,4.246241896660801984e+00
3.338562979297294842e+00,-1.944473805980186043e+00,4.837490247539331989e+00
1.608651269322129984e+00,3.052281083205905965e+00,-3.873508500588329184e+00
1.677932751872567074e+00,4.302653138304228797e+00,-4.957928528967434190e+00
2.069989444634659836e+00,3.456449675897649065e+00,-4.745653386494095294e+00
2.552007007114502013e+00,1.698532143795925986e+00,-3.512600350564162976e+00
2.825204197441872012e+00,1.927885931377403939e+00,-4.008158694073109096e+00
3.376384072444460038e+00,2.261984939635639957e+00,-4.781280577567909695e+00
3.883735237093119075e+00,1.717046489585849933e+00,-4.530804734432311243e+00
4.285687204808551698e+00,1.824874575424638046e+00,-4.953043313795133074e+00
3.907894285892838049e+00,2.219415539150626948e+00,-4.998654315931620573e+00
3.310684049727810940e+00,1.981640497455960048e+00,-4.326366172110818198e+00
-2.660745026965603888e+00,1.369119785462844963e+00,3.547330195474867054e+00
-2.517167981359968998e+00,-5.214486306412053906e-01,2.661281626119424981e+00
-2.509218703973902009e+00,6.765085734848858001e-01,3.356002871618180006e+00
-2.498924651838033917e+00,-4.049100461154532815e-01,3.321585232357393114e+00
-2.472937130975812803e+00,1.088120937233481911e+00,3.009900968635177865e+00
-2.270811509172649068e+00,1.309818342271914073e-04,2.999077154145437074e+00
-2.026728200567300853e+00,1.010053682557016108e+00,2.708100046904355018e+00
-1.949751767395605073e+00,-4.163214735736803229e-01,2.598578251212601220e+00
-1.942689425977278006e+00,4.222620972582077914e-01,2.584516401478226921e+00
-2.179259842005873082e+00,-7.386278574300594313e-01,2.944191384705725056e+00
-2.464590948278265969e+00,6.197918826462883723e-01,2.666265999392742003e+00
1.608651269322127986e+00,3.052281083205906853e+00,3.873508500588330961e+00
1.674857175516224039e+00,4.311009643988146678e+00,4.963012881061922954e+00
2.085181509098476216e+00,3.482416973570034990e+00,4.776409474380065134e+00
2.260055282754191097e+00,1.592002597226670035e+00,3.250837770561397999e+00
2.569115077177870798e+00,1.670069337188780034e+00,3.733784590206421949e+00
2.843979243727011053e+00,1.939203784299057043e+00,4.034056893453007220e+00
3.007761678198002997e+00,1.530681960510198891e+00,4.271511333341324601e+00
3.351532019147834163e+00,1.927863430027783043e+00,4.298181583956062646e+00
3.563110562658510894e+00,2.359498145320193085e+00,4.981048652952847711e+00
3.992516279888511210e+00,1.676838333678279058e+00,4.592052819107687256e+00
4.285687204808551698e+00,1.824874575424638046e+00,4.953043313795133074e+00
3.397452313741923025e+00,1.827953533609244952e+00,4.839014924168833609e+00
-2.414851260467269167e+00,-5.450346329400349576e-01,-2.572792532431655843e+00
-2.321722825664989998e+00,1.130221588527978022e-01,2.366332903762478956e+00
-2.274874331141647055e+00,1.185939076531404013e-01,-2.319806306453549016e+00
-2.004722644870185810e+00,-1.108414118324700937e+00,-2.729004070397055948e+00
-1.991226122071940052e+00,-1.106598562000209007e+00,2.670636238310561072e+00
-1.915371145818391962e+00,4.156593068910880984e-01,-2.548002149144335871e+00
-1.888034201649620991e+00,-6.125311862772809396e-03,1.921753115673304979e+00
-1.801407621675152004e+00,-6.389128097988686604e-03,-1.834056161974042087e+00
-1.794058846703119103e+00,-7.740266609522670205e-01,-2.445939039019722205e+00
-1.531133351696863931e+00,-7.328862600443331043e-01,2.090289349326979185e+00
-1.437796701751071993e+00,-7.324657039150456184e-01,-1.958106036686626972e+00
-1.314199919238653091e+00,-5.155592762337957158e-01,1.543807261356680893e+00
-1.938670112975630966e+00,-4.714277303560022725e-01,-2.084767672870547983e+00
-1.738852058552728952e+00,8.042791221325433781e-01,2.344184890700315105e+00
-2.425250001138719025e+00,3.909285263882453787e-01,-3.218026559905399875e+00
-2.767794558797099125e+00,6.139041601312569263e-01,-3.690081531287994210e+00
-2.776737452828188957e+00,-3.975030519592426433e-03,-3.670864997641817062e+00
-2.121182222463644074e+00,-9.599015512346481885e-04,-2.800647614824478104e+00
-2.422491929461024984e+00,-3.976050432553157044e-01,-3.219939791991432099e+00
-2.660745026965606108e+00,1.369119785462842964e+00,-3.547330195474867054e+00
-2.465109129798527032e+00,1.118407827596433091e+00,-3.034581646766208785e+00
-2.026728200567299076e+00,1.010053682557016996e+00,-2.708100046904354130e+00
-3.142309126136991093e+00,7.033858685174527725e-01,-4.193573101079436150e+00
-2.581248921434589949e+00,4.969576439316104044e-01,-2.722121051266873870e+00
-3.006966931684685207e+00,7.406198906280969663e-01,-3.238523234951138807e+00
-2.759443920226019031e+00,-8.233827622477556396e-01,-3.716070847387058063e+00
-3.278821889702534076e+00,-2.679092135616996904e-03,-4.338396759241135214e+00
-3.155361513171714982e+00,1.224586335084512978e+00,-3.682489263979221938e+00
-3.144863714793900034e+00,1.367931197173511970e+00,-4.273249875565947598e+00
-3.124843500334494095e+00,1.387245405672908084e-03,-3.168200830472413188e+00
-3.138522814578160958e+00,-7.288413254234739069e-01,-4.200795542208936695e+00
-2.966835408672999108e+00,-7.805718211241213789e-01,-3.207421836217156041e+00
8.960536766977676981e-01,-2.022068387800065037e-01,9.955816996292495835e-01
1.018034587605213925e+00,-4.753767127645195933e-01,-1.409621354267253990e+00
3.090387813400802819e-01,-9.978681217555575023e-01,-1.330119293321271989e+00
-2.914081081773304271e-01,-8.824838631786032783e-01,-1.115384024659141993e+00
1.603456557748338951e-01,-8.693219108802909822e-01,1.047439529893301913e+00
1.262142272473967042e+00,6.707916349947476431e-02,1.238338757395115897e+00
1.018034587605215036e+00,-4.753767127645198154e-01,1.409621354267253990e+00
-6.419442380243379764e-01,9.125441364972000646e-02,7.357475054943004578e-01
3.412135663349711856e-01,-1.098351621611300954e+00,1.490731664648510035e+00
-4.047624322878453085e-01,1.104728049811199098e+00,1.487412894910848937e+00
-3.201088482441805105e-01,1.289644523297075906e+00,-1.398295874806336103e+00
-3.642023958354029256e-02,6.271882025341450895e-01,7.895826660818962006e-01
-1.968500544708533945e-02,1.729392995049144011e+00,1.761004027496364088e+00
-1.822839554595434911e-02,1.774979707722764033e+00,-1.807283243470009904e+00
7.194637716091268134e-03,6.151448745779463101e-01,-6.938779375875546718e-01
1.196943749793416001e-01,2.039467630347996163e+00,2.696165190984610049e+00
1.254282696243695927e-01,1.896494589812036891e+00,-2.507535153625362057e+00
3.228991945621543236e-01,1.040712081040009007e+00,1.406512117296788045e+00
6.521615697664544520e-01,2.176900801296831833e+00,-2.390610622480699998e+00
6.521615697664544520e-01,2.176900801296831833e+00,2.390610622480700886e+00
6.628815508139700441e-01,1.321376867276299105e+00,1.635652529757148033e+00
6.628815508139707102e-01,1.321376867276299993e+00,-1.635652529757148921e+00
1.912350391951795070e-01,1.093724924655810948e+00,-1.141292312742083093e+00
-3.680505931475849257e-01,8.022235097863320563e-01,-9.819675737992548115e-01
-1.559184751419042947e-01,2.174842705102864038e+00,2.226489429677514842e+00
3.762646871052410802e-01,1.656926491010433100e+00,2.217078276920832813e+00
3.867437527129005126e-01,1.625761702716123969e+00,-2.177993830842157141e+00
-1.601626448683801940e-01,2.261665746385959963e+00,-2.314411326729069796e+00
-9.863335498305216831e-01,-3.454096013163435952e+00,-4.722873159098193163e+00
-9.679364658758190521e-01,-4.538982968868502610e+00,-4.691575252413014319e+00
-9.616171409418967642e-01,-3.444499395291285015e+00,-3.657244926848873146e+00
-8.166671602819808307e-01,-2.804782863453100905e+00,-3.843188306126481990e+00
-7.668283240575539672e-01,-2.246326534697002941e+00,-3.101985044003720215e+00
-7.491152785034845829e-01,-3.208724005291243131e+00,-4.365425347627384767e+00
-3.353371181407677204e-01,-4.587129799796423768e+00,-4.558330409703407859e+00
-3.272953700388813725e-01,-3.448477824568689787e+00,-3.428220662244643169e+00
-2.848679923850245821e-01,-4.017139654491090894e+00,-3.984498313434976957e+00
-2.658049178825223069e-01,-2.978876082376153978e+00,-2.952549143547655852e+00
-2.009951086084401858e-02,-2.451364347901817009e+00,-3.304851096273680788e+00
1.132389929267704938e-02,-3.588294558570404025e+00,-4.824921215769842675e+00
1.408986991196048942e-02,-3.019588411632676106e+00,-4.065381890588367853e+00
2.642952761364771863e-01,-4.362540476476378437e+00,-4.320040820197418086e+00
2.723935100699442224e-01,-3.692985250928956908e+00,-3.654885894932829782e+00
4.905911132136984154e-01,-4.695953101088176318e+00,-4.685630609212159570e+00
5.657298561993620023e-01,-3.133845499389484868e+00,-3.171659642595371142e+00
-8.814564977995577033e-01,-2.863043364724750184e+00,-3.078997887972425129e+00
3.120869777915076804e-01,-3.343361057263710023e+00,-4.509708674021634778e+00
-6.282779446719102268e-01,-3.685271457395959072e+00,-4.982574076665972740e+00
-7.631650154348150750e-01,-3.810096739038622005e+00,-3.910878666234006928e+00
-4.607277953494329226e-01,-2.617343212002061215e+00,-3.548430510834344798e+00
1.003560020530178898e+00,-4.831470707889611305e+00,4.967237528233291677e+00
4.905911132136985819e-01,-4.695953101088177206e+00,4.685630609212161346e+00
-3.353371181407679980e-01,-4.587129799796421992e+00,4.558330409703406971e+00
-1.503782438425887991e+00,-4.558388443773188747e+00,4.987077816176469724e+00
-9.679364658758191631e-01,-4.538982968868501722e+00,4.691575252413015207e+00
9.175843369680460881e-01,-4.401627626374619240e+00,4.521028081117426822e+00
2.642952761364775194e-01,-4.362540476476376661e+00,4.320040820197418086e+00
7.039441342387632305e-01,4.792097556433271066e+00,-4.936824102773241130e+00
7.667969695525576057e-01,2.678987551334207851e+00,-2.921159667368737001e+00
7.697411853639575252e-01,3.603325437526958108e+00,-4.823099907739310410e+00
8.063834355499736040e-01,3.763969695417157091e+00,-3.970605446445758968e+00
8.482583031866577361e-01,3.220940191583730794e+00,-4.331826444755587424e+00
8.673481352693894753e-01,4.398664184720830761e+00,-4.606307258811529692e+00
9.244271364435414640e-01,2.591767733277333008e+00,-3.525276556718834886e+00
1.050572221406028017e+00,3.183279591095125038e+00,-3.547339806023347197e+00
1.069288666639562901e+00,1.823066178307013896e+00,-2.555753477600754220e+00
1.363817090992412995e+00,3.868367240949293073e+00,-4.361369884496973270e+00
1.428169493113905952e+00,2.368488931437683132e+00,-3.277273829584620213e+00
1.486591611943747893e+00,3.300116120919982965e+00,-4.551535861773102987e+00
7.208828886209744935e-01,-2.201136502006704188e+00,-3.054074396157560045e+00
1.560526727559985893e+00,-1.987840623216736047e+00,-3.067244972759547217e+00
2.117213601611564133e+00,-1.500054586966693027e+00,-3.195066137780529836e+00
2.120557868314906003e+00,-4.690899655774580235e-01,-2.901758829252214955e+00
2.183434165987963915e+00,-1.170695250256555076e+00,-2.662226826048312844e+00
2.331190951280861956e+00,-1.851765951263774967e+00,-3.455220015530811040e+00
2.440852366427952003e+00,-5.432323548036684935e-01,-3.336501863020278957e+00
2.624861517308691106e+00,-2.058959703722953005e+00,-3.933797027695653092e+00
2.739713447887481834e+00,-1.430722988414701025e+00,-3.933644471347261806e+00
2.747467593183924972e+00,-1.042480426008681960e+00,-3.045255709350588091e+00
2.925603887032083961e+00,-3.896654734143579768e-01,-2.916867122712336169e+00
3.011689329731309872e+00,-6.024634487862056131e-01,-4.098875496653059614e+00
3.138122768356783165e+00,-1.319354658872649910e+00,-3.574568072537739116e+00
3.197822668092662024e+00,-2.174326578637034935e+00,-4.378996561463178949e+00
3.232583280920456215e+00,-1.389760380363521008e+00,-4.544801173105467385e+00
3.358880071462769124e+00,-6.278519634717727449e-01,-3.410422689363318050e+00
3.408569487620123795e+00,-2.139493829875754871e-02,-4.587502405085352564e+00
3.423112897339454008e+00,-7.107167024314262616e-01,-4.656643009444250580e+00
1.770637138029421909e+00,-1.458919335032774933e+00,-2.770024529903007071e+00
2.556804266151829985e+00,-9.973252335870919083e-01,-3.579425643513078903e+00
3.327581910207546123e+00,-2.010081198102439792e+00,-4.843594768331781708e+00
2.912319694533067160e+00,-6.256423064533973843e-02,-3.925603597190848948e+00
2.117213601611561913e+00,-1.500054586966693027e+00,3.195066137780529836e+00
2.409814486825776036e+00,-7.160713120202220061e-01,3.325672111156888988e+00
1.770034447511007025e+00,-1.465531861240463973e+00,2.771972060572804875e+00
2.071733282486604821e+00,-5.054360076718020789e-01,2.842877396210083951e+00
2.331416378009572909e+00,-1.851796134564664076e+00,3.455371395843933158e+00
2.183434165987964803e+00,-1.170695250256555076e+00,2.662226826048314177e+00
1.558698361462103055e+00,-1.992228057353427007e+00,3.071756944993418781e+00
2.793372234039487090e+00,-1.456352624977496957e+00,3.390755814864843121e+00
2.898889954510018185e+00,-1.364009569057299087e+00,4.114003508257400910e+00
2.900249768400065875e+00,-6.276707753200148066e-01,2.969120765365884207e+00
1.075462433217573066e+00,-1.810066230264645082e+00,2.660793468073908929e+00
2.624861517308695991e+00,-2.058959703722948120e+00,3.933797027695653981e+00
2.978308843229283021e+00,-4.875404806967947868e-01,4.040728948878560267e+00
3.096302234161556033e+00,-1.697159354030854939e+00,3.838495142292620788e+00
3.282174446168692139e+00,-1.266885718702223995e+00,3.664445421012605841e+00
7.211402078504434154e-01,-2.201397140967082056e+00,3.054471535635674861e+00
3.280352516108087091e+00,-1.359973490651438910e+00,4.598151322487575854e+00
3.179938010057317133e+00,-2.177777812660226076e+00,4.370865933460004626e+00
-1.903575040218667969e+00,3.971641932823112953e+00,4.959096430321402238e+00
-1.573570747551970017e+00,3.327475873081172875e+00,4.516330539896262763e+00
-1.527794594104251891e+00,3.002919746019924840e+00,3.917338763805395807e+00
-1.290428748259869973e+00,3.533810771506502135e+00,4.064796946155841972e+00
-1.271404845682239992e+00,2.830936800937002840e+00,3.475575562808169039e+00
-1.157234772688565894e+00,2.320763866265339814e+00,3.062372173330953906e+00
-1.145215577074897073e+00,4.249494302891879904e+00,4.616835511943872206e+00
-9.959964646883279205e-01,3.119894612567077008e+00,4.191616711388075345e+00
-9.802866192846181326e-01,2.030211567822596042e+00,2.707549553390207198e+00
-1.016083633023588950e+00,4.699914812502369088e+00,4.978034593792886930e+00
7.667969695525574947e-01,2.678987551334207851e+00,2.921159667368737001e+00
7.705637383073066227e-01,3.603274025398825131e+00,4.823136964445923880e+00
8.063834355499763795e-01,3.763969695417156203e+00,3.970605446445746978e+00
8.482583031866572920e-01,3.220940191583729906e+00,4.331826444755587424e+00
8.673481352693898083e-01,4.398664184720830761e+00,4.606307258811533245e+00
9.244271364435416860e-01,2.591767733277333896e+00,3.525276556718834886e+00
1.050572221406028905e+00,3.183279591095125038e+00,3.547339806023345865e+00
1.069288666639564012e+00,1.823066178307013896e+00,2.555753477600755108e+00
1.365091247176460909e+00,3.870209178398262839e+00,4.363840450614492994e+00
1.428169493113899957e+00,2.368488931437685796e+00,3.277273829584618881e+00
1.488223310380011988e+00,3.299964334864899040e+00,4.551657431808122212e+00
7.039441342387630085e-01,4.792097556433269290e+00,4.936824102773237577e+00
6.552560920914732856e-01,2.927060387942860942e+00,3.918696938933742047e+00
7.408962529773997774e-02,-2.745247697831270095e+00,-2.694683039547387082e+00
7.265727428083976758e-01,-2.356038660545368035e+00,-2.504804799839590146e+00
7.265727428083973427e-01,-2.356038660545368035e+00,2.504804799839590146e+00
1.291860152488233035e-02,-2.312529446935356781e+00,2.264308900492762788e+00
-3.277714595176038914e-01,-2.290393180624302971e+00,-2.292407954600110820e+00
6.992000685699146789e-01,-1.949012218582641065e+00,-2.123516858993808043e+00
6.992000685699140128e-01,-1.949012218582639955e+00,2.123516858993808043e+00
3.130314916757300225e-01,-1.914231920209837901e+00,2.603631216010625860e+00
3.130314916757299115e-01,-1.914231920209837012e+00,-2.603631216010624971e+00
-4.324444470345373270e-01,-1.826933388985537920e+00,-2.493416304674167971e+00
-4.345712746912475111e-01,-1.817511458774740074e+00,2.481138350024390871e+00
-5.707110950702529717e-01,-1.797425144150009979e+00,-1.936227513508036013e+00
-1.777996980610939068e-02,-1.595794238537050935e+00,1.563741496340004922e+00
-1.769388442409743079e-02,-1.572937436679993084e+00,-1.541853146787119933e+00
2.869217098688862100e-01,-1.572455944339643086e+00,-2.140355640375668056e+00
3.064112364725377069e-01,-1.570267280033823987e+00,2.140067604814089197e+00
8.790361839924715204e-01,-1.469187755746808932e+00,1.864000862077000997e+00
8.790361839924720755e-01,-1.469187755746808044e+00,-1.864000862077000997e+00
2.324381565695798069e-01,-2.200993133846148808e+00,-2.174458749138342917e+00
1.199560218711863913e+00,-1.574083454548838024e+00,2.233825305511603965e+00
1.198398829650529906e+00,-1.578159721641579027e+00,-2.235409635991597810e+00
1.075462433217573066e+00,-1.810066230264645970e+00,-2.660793468073909818e+00
-1.903575040218667969e+00,3.971641932823112953e+00,-4.959096430321396909e+00
-1.573570747551966020e+00,3.327475873081175983e+00,-4.516330539896262763e+00
-1.527794594104253001e+00,3.002919746019926173e+00,-3.917338763805397139e+00
-1.290428748259869973e+00,3.533810771506502135e+00,-4.064796946155840196e+00
-1.271404845682241991e+00,2.830936800937001951e+00,-3.475575562808166818e+00
-1.157234772688565005e+00,2.320763866265338926e+00,-3.062372173330952130e+00
-1.145215577074895963e+00,4.249494302891879016e+00,-4.616835511943871317e+00
-9.939556946037113594e-01,3.400336414722437084e+00,-4.561331488955172375e+00
-9.544142814841986011e-01,2.982271415268182846e+00,-4.005115746458882242e+00
-1.016083633023588950e+00,4.699914812502368200e+00,-4.978034593792886042e+00
7.733555483207980030e-01,-3.972345384721013062e+00,-4.053958688772259400e+00
8.131465694310451298e-01,-2.651948573485019889e+00,-3.661747111855491177e+00
8.295512280307779651e-01,-2.980451432766244135e+00,-4.094245974915398989e+00
8.657983073025541376e-01,-3.458557210466329135e+00,-3.600117165900238003e+00
8.749611053062533728e-01,-3.375090466259896171e+00,-4.619388844991670240e+00
9.175843369680461992e-01,-4.401627626374619240e+00,-4.521028081117425934e+00
9.773743912447165894e-01,-4.767593117689946425e+00,-4.895804131525331115e+00
1.017647387067998066e+00,-2.865612439696286096e+00,-3.133110096178155057e+00
1.370763396426921910e+00,-3.529421453332063141e+00,-3.948444045401220848e+00
1.411723537853311949e+00,-2.972340450478188956e+00,-3.499108876289569015e+00
1.462818425232291997e+00,-4.482210564908029937e+00,-4.860588071238733043e+00
1.468903913972126052e+00,-3.151090665171535132e+00,-4.465267480161332792e+00
1.553999408834561002e+00,-3.807714032971115881e+00,-4.316774641346518671e+00
1.579929034201382976e+00,-2.393247753898513963e+00,-3.559791012031773949e+00
-1.705562011238852094e+00,8.541742349938779011e-01,-2.250656549990492916e+00
-1.674296759264596979e+00,5.307691696180066865e-01,1.879367982237122980e+00
-1.631204407890681107e+00,5.418547294502122913e-01,-1.847551079883553937e+00
-9.216316904571415503e-01,1.956373820151318110e+00,-2.618608694062709130e+00
-7.733653368135708916e-01,1.588669365444064896e+00,-2.086539078100894784e+00
-7.047862555318693545e-01,1.449921085569612966e+00,1.914904611470811924e+00
-4.409287755020357968e-01,1.792756682269678103e+00,2.384907370626624168e+00
-4.409287755020356858e-01,1.792756682269678103e+00,-2.384907370626624168e+00
2.283939095189121971e-01,3.198968533676083137e+00,3.256546550619805913e+00
4.698523045257597119e-01,2.276276268194275865e+00,-3.039945435032533005e+00
2.384326594536574084e-01,2.680961429896019155e+00,2.739710575401451909e+00
2.328019953464614211e+00,-3.743738145100727888e+00,4.918685003854668558e+00
2.181442050826297052e+00,-3.087012442204610796e+00,4.308092714984540272e+00
2.391385087990418157e+00,-3.200024894410467002e+00,4.755064508005442114e+00
1.876104894518735966e+00,-4.022152217313540667e+00,4.737671054108526292e+00
1.567280099260023096e+00,-3.775474745667096954e+00,4.298087601168144367e+00
1.806367718009886936e+00,-2.812363056677730011e+00,3.718388388995213845e+00
1.429552340774630892e+00,-3.412258417095419993e+00,3.886474654104592030e+00
1.819354602719905900e+00,-3.292324186085755056e+00,4.745814361497273204e+00
1.537712041531535956e+00,-3.041054921015299062e+00,4.346436335561517872e+00
1.466450971733654018e+00,-4.472408188046745003e+00,4.853767581538909859e+00
3.737483538801837035e+00,-2.346645055181138861e+00,4.938973665415238301e+00
1.578681403981506026e+00,-2.396204611918240968e+00,3.562928635974120795e+00
1.670581064390378012e+00,9.378222585484323748e-01,-2.421491422130242821e+00
1.714222993698180098e+00,2.981689131414330118e-01,-2.337146867730695909e+00
2.119902593949364977e+00,1.193420162536600104e+00,-2.661414204595756949e+00
2.133199237440673190e+00,2.439141141038171923e-01,-2.891702584360693162e+00
2.323153588428359839e+00,6.817071726145068622e-01,-3.199874303141986953e+00
2.361920667528774054e+00,1.238264527012076899e+00,-3.377045298780786187e+00
2.535967702350816033e+00,4.779498491551711914e-01,-2.568357539905822939e+00
2.560725107246006882e+00,2.642986368995708935e-01,-3.463373249889504013e+00
2.727526107481005102e+00,8.905805663089990665e-01,-2.946352852307053904e+00
2.828254229703413003e+00,9.564682043654868515e-01,-3.910468605144420184e+00
3.079517182210036008e+00,2.288249252585229099e-01,3.039892977403293006e+00
2.603380436378250895e+00,2.411137691777719139e-01,3.518826304381740044e+00
3.121426795315425107e+00,2.665984049726412008e-01,4.210671894775997792e+00
3.580845061144734220e+00,4.193565130651221162e-01,4.831592079891230185e+00
4.050941851413565331e+00,5.447668575162549764e-01,4.066083896456062163e+00
4.620049363275694709e+00,6.386124596987355906e-01,4.649973342543193056e+00
2.482812518381511069e+00,7.536631841380847519e-01,2.644436726216039091e+00
3.040665664454440975e+00,9.322568409775811027e-01,4.182607390481990706e+00
2.939234661793538983e+00,1.035376813289478948e+00,3.226037454579090191e+00
4.232723858397349659e+00,1.109363352104915101e+00,4.456181790718517277e+00
2.083648934752511117e+00,1.250649780711454051e+00,2.690411067028692926e+00
3.377609706980071902e+00,1.269595155974962086e+00,3.768662937287218018e+00
3.480544152135914171e+00,1.296712474195077958e+00,4.825459290016532066e+00
3.753897531295542933e+00,1.070572113392991964e+00,3.989705172160331159e+00
2.392353528650832839e+00,8.719492047577667160e-01,3.327530618977970089e+00
4.740220675202010625e+00,1.182577972882951078e+00,4.968789484284955371e+00
3.323289930168448869e+00,6.915393685458903761e-01,4.516942107532790907e+00
3.506890734136419940e+00,3.796969070595329065e-01,3.490634553162418996e+00
9.165636062322223276e-01,3.776843854440037895e-01,1.057772084695197012e+00
9.346011555989569564e-01,2.206953960779821922e-01,-9.921530482576906840e-01
9.608401459724807969e-01,1.550645511552017020e+00,-2.127584747458393988e+00
9.608401459724832394e-01,1.550645511552013911e+00,2.127584747458392211e+00
1.066036267839610918e+00,6.019300378428853460e-01,-1.330146131304323909e+00
1.262146096463014011e+00,9.028032167653877726e-01,1.760119793846012026e+00
1.447240512973223980e+00,-1.124802813872171070e+00,2.076912523056745119e+00
1.472446341128968994e+00,7.928096503565896791e-01,-1.799494978593217054e+00
1.620266789989436962e+00,-2.294833298075359962e-01,1.607860814478065947e+00
1.670581064390378012e+00,9.378222585484314866e-01,2.421491422130242821e+00
1.683834055928540963e+00,-5.618723138748903390e-01,2.341952838027927974e+00
1.684040344666229094e+00,-3.049562216969711193e-01,-1.690758299825277033e+00
1.704340627179778966e+00,2.982411516927120920e-01,2.323946859480273019e+00
1.280680186109413032e+00,2.713650773544000749e-01,1.750511222401134992e+00
1.327064110988686041e+00,-5.970934851887261807e-01,1.879783775704590099e+00
1.325681641609598005e+00,-5.988547076601206109e-01,-1.878466620480466975e+00
1.294179277986508003e+00,2.691884803664060799e-01,-1.768522713672862068e+00
-4.583141466378772400e+00,-3.579870462601297265e-01,-4.657314066080412651e+00
-4.582805781415400403e+00,3.427708874349469914e-01,-4.658313256748632725e+00
-4.540006137172267309e+00,9.749497994309942461e-01,-4.802041090120800604e+00
-4.539738399097370092e+00,-9.958456975596707839e-01,-4.798781830182662134e+00
-4.370625529807639076e+00,-7.911235691454347740e-03,-4.418048810496369327e+00
-4.126845443951498105e+00,-6.664049246008365568e-01,-4.277484282181127639e+00
-4.125984464771367044e+00,6.501710396840485462e-01,-4.279515332458330157e+00
-4.097946173107782641e+00,1.420019427421427061e+00,-4.640157510312765687e+00
-3.731719472168944840e+00,1.097204322656160080e+00,-4.105730788145930177e+00
-3.691451166915450166e+00,7.362380036769673453e-01,-4.922685544509451283e+00
-3.636601162629335082e+00,-7.171817352258565668e-03,-4.814448527008766909e+00
-3.616024388394028843e+00,-8.039813567707323472e-01,-4.839163396259395178e+00
-3.615330523351549807e+00,-6.768174783941584005e-01,-3.782925649337153917e+00
-3.605611694179656102e+00,6.580501888454698411e-01,-3.775905181605335947e+00
-3.600051801133167029e+00,-8.539013002855228018e-03,-3.645301424837643189e+00
-3.546170787546598202e+00,1.278890620191198035e+00,-4.796378375546362705e+00
-3.458106958098476902e+00,1.796508107335927917e+00,-4.505305754646047767e+00
-4.131504771532774178e+00,1.828612716742183064e+00,-4.991433769535839282e+00
-3.978302342067062902e+00,-8.340295635309229877e-03,-4.024735688530241440e+00
-3.731587405868627805e+00,-1.113457875864880098e+00,-4.096803586361218663e+00
-2.779146223656288051e+00,-8.060100505113725333e-01,3.739286812050696795e+00
-4.144338254794398324e+00,-7.951935830265558502e-01,4.338676002435900791e+00
-3.721998361118972198e+00,-7.837138520221975657e-01,4.976512944416069395e+00
-3.034055849048340914e+00,-7.441012024515083478e-01,3.253037701914450963e+00
-4.570102646118806788e+00,-7.423567722469475161e-01,4.734449749749520819e+00
-3.286311855514930880e+00,-7.264079521432487141e-01,4.395171244028009738e+00
-3.655903265571896821e+00,-6.141570734655582564e-01,3.800791473111107877e+00
-4.420462901033156200e+00,-3.324426720106121724e-01,4.491411160011402615e+00
-3.614491367447789205e+00,-3.148777785524989846e-03,3.659806862047301212e+00
-2.835843986723523003e+00,-2.879953880526579801e-03,3.749405162665777169e+00
-3.620152845663168861e+00,-2.105702891968343898e-03,4.792531678899612402e+00
-4.057123483672295805e+00,-2.058011155934162933e-03,4.103792173172256419e+00
-3.298734752491181865e+00,9.171766736970794753e-03,4.364831441403725698e+00
-3.153839065584829182e+00,2.308158833842450033e-02,3.197649013263122786e+00
-4.608747662436453396e+00,2.042321401855378138e-01,4.666877895483805716e+00
-6.373307909448781006e-01,-2.360390063897671808e+00,2.484102748644544167e+00
-1.087442128831463961e+00,-1.825650491169849898e+00,2.615747353306773881e+00
-1.088415364498046989e+00,-1.802216803648756915e+00,-2.374292638274431155e+00
-7.729350021445260399e-01,-1.763899836524480902e+00,2.047001665521119840e+00
-9.847207941647779794e-01,-2.282646672887115091e+00,-2.640384988878408112e+00
-3.362066167890553903e+00,-1.923728451905216907e+00,4.570823493246972014e+00
-1.989998777303122912e+00,-3.181228277722317088e+00,4.521623480816760576e+00
-2.230295240866884132e+00,-3.488985435416381176e+00,4.875848222501577567e+00
-1.790819913935999041e+00,-2.894422042378364868e+00,3.893333225873223835e+00
-4.012702619803853565e+00,-1.827504452629951981e+00,4.850214173477091606e+00
-3.837195356898357002e+00,-1.510466374108740961e+00,4.450114674721589836e+00
-2.889527817427747003e+00,-1.421763881732869939e+00,3.601434344121491993e+00
-3.149943017141657808e+00,-1.394325949166695944e+00,4.320026552498397621e+00
-3.512359787968673874e+00,-1.375239781580195109e+00,4.790487420072005342e+00
-1.948053794347913037e+00,-4.053663495979362708e+00,4.883418297425074606e+00
-3.774341842669425073e+00,-1.100762042029906906e+00,4.129083326022361611e+00
-4.381417515995537748e+00,-1.274176937324978942e+00,4.785507256921061270e+00
-2.512954757299346031e+00,-1.160502037716768076e+00,3.065496774381962997e+00
-1.508393178666743051e+00,-4.535910235212086583e+00,-4.969706618124503095e+00
-1.861629495005068025e+00,-4.110006769937686322e+00,-4.855745048389439766e+00
-1.235514502412264015e+00,-3.971252218619079066e+00,-4.294016146271100176e+00
-1.476196538332406938e+00,-3.408143978438844979e+00,-3.964427164636489920e+00
-2.171962569790443887e+00,-3.400610556656708194e+00,-4.724742315319302222e+00
-1.610295071446194992e+00,-3.199273013783655806e+00,-4.511394104395304971e+00
-1.790819913936005037e+00,-2.894422042378362203e+00,-3.893333225873221171e+00
-1.438275590891328948e+00,-2.823945732679479015e+00,-3.460937235630146880e+00
-1.634697289464573933e+00,-3.567631943626456970e+00,-4.993352386042524849e+00
